   2.9125707e+05   1.0000000e-01   1.0000000e-02   1.0743105e-12   1.1000000e-01   1.0000000e+00             Inf
   4.2314734e+04   1.0000000e+03   4.6539508e+01   3.0153697e-14   1.0465395e+03   1.0000000e+00             Inf
   6.6550782e+04   1.3182549e+02   1.2742978e+00   6.3197618e-14   1.3309979e+02   1.0000000e+00   2.2797165e-02
   5.5555257e+04   3.1932315e+02   2.7735877e+00   4.5370591e-14   3.2209674e+02   1.0000000e+00   2.2564488e-02
   5.1537656e+04   3.3804116e+02   2.2766551e+00   4.4544900e-14   3.4031781e+02   1.0000000e+00   2.0240089e-02
   6.5457395e+04   1.4429069e+02   1.0153417e+00   6.1120880e-14   1.4530603e+02   1.0000000e+00   1.9538278e-02
   5.0481423e+04   4.4759682e+02   3.8109245e+00   4.0106121e-14   4.5140775e+02   1.0000000e+00   1.9311789e-02
   5.0628062e+04   4.6661207e+02   2.9498616e+00   3.9525808e-14   4.6956194e+02   1.0000000e+00   1.8191036e-02
   1.9205541e+05   1.0023822e+00   5.2819045e-02   4.3050781e-13   1.0552013e+00   1.0000000e+00   1.6147983e-02
   6.0996971e+04   1.9354248e+02   1.7754550e+00   5.4658815e-14   1.9531794e+02   1.0000000e+00   1.5911216e-02
   4.2012487e+04   9.7007428e+02   5.9250464e+00   3.0516041e-14   9.7599933e+02   1.0000000e+00   1.5441499e-02
   5.8357335e+04   2.7902647e+02   2.0124478e+00   4.7741478e-14   2.8103892e+02   1.0000000e+00   1.5228277e-02
   1.4232598e+05   2.9288219e+00   4.3247018e-02   2.8183485e-13   2.9720689e+00   1.0000000e+00   1.4408795e-02
   1.4261369e+05   2.6086478e+00   8.3052084e-02   2.9427119e-13   2.6916998e+00   1.0000000e+00   1.4077881e-02
   2.5685915e+05   1.6609825e-01   1.0288293e-02   8.7978377e-13   1.7638654e-01   1.0000000e+00   1.3536661e-02
   1.8065705e+05   1.0764244e+00   2.2178008e-02   4.1948894e-13   1.0986024e+00   1.0000000e+00   1.3397810e-02
   6.5252180e+04   1.2391619e+02   1.1896978e+00   6.4768422e-14   1.2510589e+02   1.0000000e+00   1.3158144e-02
   4.4044746e+04   7.7419103e+02   6.0829001e+00   3.3000327e-14   7.8027393e+02   1.0000000e+00   1.3071845e-02
   6.2962677e+04   1.6385101e+02   9.5663202e-01   5.8285922e-14   1.6480765e+02   1.0000000e+00   1.2884954e-02
   4.9810482e+04   4.1537291e+02   3.8554227e+00   4.1252221e-14   4.1922833e+02   1.0000000e+00   1.2646729e-02
   6.0368432e+04   1.8324149e+02   1.8522751e+00   5.5818379e-14   1.8509376e+02   1.0000000e+00   1.2434222e-02
   2.7148871e+05   1.7043878e-01   1.0000777e-02   8.7209963e-13   1.8043956e-01   1.0000000e+00   1.2241840e-02
   5.5694839e+04   2.8888539e+02   1.4266423e+00   4.7151118e-14   2.9031203e+02   1.0000000e+00   1.2045348e-02
   1.4254735e+05   3.6887357e+00   2.5269486e-02   2.5931996e-13   3.7140052e+00   1.0000000e+00   1.1984859e-02
   5.1968497e+04   4.0949281e+02   3.1917787e+00   4.1425902e-14   4.1268459e+02   1.0000000e+00   1.1926101e-02
   4.4462080e+04   9.2011478e+02   5.3450633e+00   3.1097544e-14   9.2545984e+02   1.0000000e+00   1.1730993e-02
   2.0726804e+05   5.1836175e-01   1.0003133e-02   5.6298455e-13   5.2836488e-01   1.0000000e+00   1.1692261e-02
   1.4138650e+05   3.8050545e+00   7.2907364e-02   2.5340021e-13   3.8779619e+00   1.0000000e+00   1.1655000e-02
   4.7546899e+04   6.1605166e+02   3.4746887e+00   3.5783723e-14   6.1952635e+02   1.0000000e+00   1.1415264e-02
   4.4543612e+04   7.8149909e+02   5.9881565e+00   3.2883999e-14   7.8748724e+02   1.0000000e+00   1.1213963e-02
   4.9090198e+04   5.9051782e+02   3.5764420e+00   3.6339450e-14   5.9409427e+02   1.0000000e+00   1.1194008e-02
   4.2092784e+04   9.0330718e+02   5.6155953e+00   3.1291888e-14   9.0892277e+02   1.0000000e+00   1.1131112e-02
   5.7683703e+04   2.6614164e+02   1.5391183e+00   4.8582868e-14   2.6768076e+02   1.0000000e+00   1.1120340e-02
   4.9097526e+04   7.0855214e+02   4.4687048e+00   3.4166187e-14   7.1302085e+02   1.0000000e+00   1.0998344e-02
   9.7264314e+04   2.0007813e+01   1.6174135e-01   1.3170361e-13   2.0169554e+01   1.0000000e+00   1.0942586e-02
   5.1709069e+04   4.2168702e+02   3.7805998e+00   4.0975996e-14   4.2546762e+02   1.0000000e+00   1.0875895e-02
   4.9421790e+04   5.0663624e+02   3.9105945e+00   3.8354951e-14   5.1054683e+02   1.0000000e+00   1.0803543e-02
   9.7765885e+04   2.1920391e+01   5.0226258e-01   1.2648650e-13   2.2422654e+01   1.0000000e+00   1.0785185e-02
   6.0250108e+04   2.1046569e+02   1.9534611e+00   5.2962841e-14   2.1241915e+02   1.0000000e+00   1.0781629e-02
   2.4440114e+05   2.0779459e-01   1.0000000e-02   8.0583590e-13   2.1779459e-01   1.0000000e+00   1.0750251e-02
   1.4146273e+05   3.3868012e+00   5.8860670e-02   2.6548293e-13   3.4456619e+00   1.0000000e+00   1.0641230e-02
   4.9476536e+04   5.1731768e+02   3.7713749e+00   3.8071776e-14   5.2108906e+02   1.0000000e+00   1.0638350e-02
   1.6183857e+05   2.1610099e+00   4.8859259e-02   3.1768473e-13   2.2098692e+00   1.0000000e+00   1.0564622e-02
   4.9099044e+04   4.7019674e+02   3.6772157e+00   3.9422436e-14   4.7387396e+02   1.0000000e+00   1.0465901e-02
   1.5461957e+05   1.9570183e+00   3.3880336e-02   3.3074344e-13   1.9908986e+00   1.0000000e+00   1.0347525e-02
   5.1301365e+04   5.1068691e+02   3.2004039e+00   3.8298965e-14   5.1388731e+02   1.0000000e+00   1.0345675e-02
   4.3737568e+04   8.9655295e+02   5.3561556e+00   3.1357978e-14   9.0190911e+02   1.0000000e+00   1.0337616e-02
   7.6428266e+04   5.3028565e+01   3.8362561e-01   9.0080557e-14   5.3412190e+01   1.0000000e+00   1.0292783e-02
   4.2725972e+04   9.8073739e+02   5.8811081e+00   3.0398459e-14   9.8661850e+02   1.0000000e+00   1.0286624e-02
   4.5883446e+04   8.6936093e+02   4.5452806e+00   3.1756079e-14   8.7390622e+02   1.0000000e+00   1.0264347e-02
   2.3116059e+05   2.3086364e-01   1.0006778e-02   7.7506734e-13   2.4087042e-01   1.0000000e+00   1.0144435e-02
   2.5137266e+05   2.1966965e-01   1.1161965e-02   7.8755891e-13   2.3083161e-01   1.0000000e+00   9.7386233e-03
   2.6169054e+05   1.5713019e-01   1.0023337e-02   8.9916808e-13   1.6715353e-01   1.0000000e+00   9.6528310e-03
   2.7068487e+05   1.7507677e-01   1.0000000e-02   8.6312101e-13   1.8507677e-01   1.0000000e+00   9.6435897e-03
   4.2915434e+04   8.7461641e+02   5.4565607e+00   3.1632616e-14   8.8007297e+02   1.0000000e+00   9.6158107e-03
   2.7992920e+05   1.3842057e-01   1.0104559e-02   9.4570864e-13   1.4852513e-01   1.0000000e+00   9.5846745e-03
   4.5891609e+04   6.5832450e+02   4.0602206e+00   3.4951483e-14   6.6238473e+02   1.0000000e+00   9.5793414e-03
   2.4459919e+05   2.1352915e-01   1.0000000e-02   7.9706375e-13   2.2352915e-01   1.0000000e+00   9.5724992e-03
   4.9322651e+04   5.7740677e+02   3.8539815e+00   3.6624269e-14   5.8126075e+02   1.0000000e+00   9.5540333e-03
   6.1096587e+04   1.7078070e+02   7.1901682e-01   5.7501058e-14   1.7149971e+02   1.0000000e+00   9.3690603e-03
   4.6358472e+04   7.2427765e+02   5.0045207e+00   3.3783348e-14   7.2928217e+02   1.0000000e+00   9.3441450e-03
   4.9629842e+04   4.9886694e+02   3.9833925e+00   3.8566551e-14   5.0285034e+02   1.0000000e+00   9.2600363e-03
   5.4533296e+04   3.0524026e+02   2.4922421e+00   4.6146478e-14   3.0773250e+02   1.0000000e+00   9.1763466e-03
   1.5558394e+05   1.4529458e+00   2.3257272e-02   3.7467844e-13   1.4762031e+00   1.0000000e+00   9.1286792e-03
   5.9701171e+04   2.0375016e+02   1.8586982e+00   5.3624644e-14   2.0560886e+02   1.0000000e+00   9.1234758e-03
   2.4613802e+05   2.1426292e-01   1.0000000e-02   7.9584716e-13   2.2426292e-01   1.0000000e+00   9.1098662e-03
   2.2753746e+05   3.5083843e-01   1.0687334e-02   6.5546020e-13   3.6152576e-01   1.0000000e+00   9.0932690e-03
   4.6133912e+04   8.1979054e+02   4.8623061e+00   3.2387248e-14   8.2465284e+02   1.0000000e+00   9.0308021e-03
   4.7362216e+04   6.2223232e+02   3.7542298e+00   3.5651714e-14   6.2598655e+02   1.0000000e+00   8.9548463e-03
   2.7874858e+05   1.3571426e-01   1.0000000e-02   9.5278821e-13   1.4571426e-01   1.0000000e+00   8.9001744e-03
   4.5942914e+04   8.9084539e+02   4.4316487e+00   3.1508183e-14   8.9527704e+02   1.0000000e+00   8.8903710e-03
   4.9161178e+04   5.6113859e+02   3.5801616e+00   3.6992696e-14   5.6471876e+02   1.0000000e+00   8.8449013e-03
   6.4488872e+04   1.9825716e+02   1.9695144e+00   5.4304618e-14   2.0022667e+02   1.0000000e+00   8.8432225e-03
   2.0375947e+05   5.7901927e-01   1.0000000e-02   5.3924520e-13   5.8901927e-01   1.0000000e+00   8.8170171e-03
   4.3743217e+04   8.6434441e+02   5.1140016e+00   3.1758699e-14   8.6945842e+02   1.0000000e+00   8.8059707e-03
   1.6399213e+05   1.5964026e+00   3.7787374e-02   3.5783419e-13   1.6341899e+00   1.0000000e+00   8.7238948e-03
   4.3012621e+04   8.2874144e+02   4.4544633e+00   3.2251311e-14   8.3319590e+02   1.0000000e+00   8.7103617e-03
   9.4229879e+04   2.3154950e+01   4.4392365e-01   1.2386405e-13   2.3598873e+01   1.0000000e+00   8.6276123e-03
   2.6614432e+05   1.5013055e-01   1.0000000e-02   9.1533945e-13   1.6013055e-01   1.0000000e+00   8.6226760e-03
   4.6625736e+04   6.8715756e+02   4.8017062e+00   3.4411661e-14   6.9195927e+02   1.0000000e+00   8.6135668e-03
   2.5814963e+05   1.7223817e-01   1.0293604e-02   8.6700750e-13   1.8253177e-01   1.0000000e+00   8.6033479e-03
   2.4129093e+05   2.7454848e-01   1.0013071e-02   7.2224505e-13   2.8456155e-01   1.0000000e+00   8.5916431e-03
   2.6709959e+05   1.8530766e-01   1.0000000e-02   8.4393654e-13   1.9530766e-01   1.0000000e+00   8.5293106e-03
   6.0722168e+04   2.1408711e+02   1.8192606e+00   5.2642082e-14   2.1590637e+02   1.0000000e+00   8.5108716e-03
   4.6664315e+04   6.5196330e+02   4.7919395e+00   3.5053614e-14   6.5675524e+02   1.0000000e+00   8.5043749e-03
   4.7325427e+04   5.9460843e+02   5.0201144e+00   3.6215064e-14   5.9962855e+02   1.0000000e+00   8.5015767e-03
   5.5595760e+04   2.9121174e+02   1.6764964e+00   4.6987829e-14   2.9288824e+02   1.0000000e+00   8.4965635e-03
   4.3540506e+04   9.0809168e+02   5.3267496e+00   3.1219679e-14   9.1341843e+02   1.0000000e+00   8.4888611e-03
   2.0849459e+05   5.9572246e-01   1.0000000e-02   5.3395944e-13   6.0572246e-01   1.0000000e+00   8.4829543e-03
   4.9668931e+04   5.5489725e+02   3.7757730e+00   3.7144679e-14   5.5867303e+02   1.0000000e+00   8.4803508e-03
   2.6807382e+05   1.8218402e-01   1.0000000e-02   8.4960806e-13   1.9218402e-01   1.0000000e+00   8.4562382e-03
   2.2821627e+05   3.3330912e-01   1.0257913e-02   6.6893247e-13   3.4356704e-01   1.0000000e+00   8.4063590e-03
   4.2462042e+04   1.0000000e+03   1.9347328e+01   3.0162444e-14   1.0193473e+03   1.0000000e+00   8.3443455e-03
   2.8459805e+05   1.1055945e-01   1.0000000e-02   1.0326103e-12   1.2055945e-01   1.0000000e+00   8.3299482e-03
   2.8023197e+05   1.1812698e-01   1.0000000e-02   1.0060126e-12   1.2812698e-01   1.0000000e+00   8.3285917e-03
   2.5739195e+05   1.6288151e-01   1.1159614e-02   8.8622764e-13   1.7404112e-01   1.0000000e+00   8.2988511e-03
   2.1517292e+05   3.7427498e-01   1.0000000e-02   6.3987519e-13   3.8427498e-01   1.0000000e+00   8.2987896e-03
   2.7919558e+05   1.1960213e-01   1.0000000e-02   1.0011124e-12   1.2960213e-01   1.0000000e+00   8.2856538e-03
   4.8077611e+04   5.2452171e+02   4.0962635e+00   3.7894274e-14   5.2861797e+02   1.0000000e+00   8.2742850e-03
   4.7054070e+04   5.4481240e+02   3.4029011e+00   3.7417888e-14   5.4821530e+02   1.0000000e+00   8.2692825e-03
   4.1653167e+04   9.2799720e+02   4.6411657e+00   3.1017416e-14   9.3263837e+02   1.0000000e+00   8.2448764e-03
   2.2942361e+05   5.0709560e-01   1.9322154e-02   5.6973214e-13   5.2641776e-01   1.0000000e+00   8.2371717e-03
   6.1226392e+04   2.1863891e+02   1.9651404e+00   5.2243272e-14   2.2060405e+02   1.0000000e+00   8.2293159e-03
   5.0505649e+04   4.8858596e+02   3.8143815e+00   3.8861091e-14   4.9240034e+02   1.0000000e+00   8.1965965e-03
   2.9432257e+05   1.0703026e-01   1.0000316e-02   1.0465108e-12   1.1703057e-01   1.0000000e+00   8.1929569e-03
   2.5272300e+05   2.0263121e-01   1.1173339e-02   8.1280476e-13   2.1380455e-01   1.0000000e+00   8.1820408e-03
   1.9637226e+05   6.3422939e-01   1.0000000e-02   5.2048444e-13   6.4422939e-01   1.0000000e+00   8.1454153e-03
   4.6564858e+04   6.7422129e+02   4.1660839e+00   3.4649579e-14   6.7838737e+02   1.0000000e+00   8.1250548e-03
   2.4100498e+05   2.9961075e-01   1.0012097e-02   6.9860951e-13   3.0962284e-01   1.0000000e+00   8.0869215e-03
   6.5399889e+04   1.2067119e+02   9.4590957e-01   6.5479034e-14   1.2161710e+02   1.0000000e+00   8.0845420e-03
   5.3998857e+04   3.7290790e+02   2.3745237e+00   4.2893167e-14   3.7528243e+02   1.0000000e+00   8.0746343e-03
   2.6164791e+05   1.5345337e-01   1.0017647e-02   9.0773047e-13   1.6347102e-01   1.0000000e+00   8.0279896e-03
   2.3037132e+05   3.6067534e-01   1.2126198e-02   6.4813925e-13   3.7280153e-01   1.0000000e+00   8.0125543e-03
   5.2812196e+04   3.5303347e+02   2.3737131e+00   4.3759249e-14   3.5540718e+02   1.0000000e+00   7.9984052e-03
   2.2456643e+05   3.2599035e-01   1.0000000e-02   6.7506212e-13   3.3599035e-01   1.0000000e+00   7.9434828e-03
   5.5465488e+04   3.1531947e+02   2.4341227e+00   4.5590552e-14   3.1775359e+02   1.0000000e+00   7.9356190e-03
   2.6979795e+05   1.4460510e-01   1.0127404e-02   9.2885698e-13   1.5473251e-01   1.0000000e+00   7.8528274e-03
   4.1885048e+04   1.0000000e+03   1.0313094e+01   3.0177225e-14   1.0103131e+03   1.0000000e+00   7.8486953e-03
   2.1056777e+05   4.7239825e-01   1.0789904e-02   5.8324928e-13   4.8318816e-01   1.0000000e+00   7.8436312e-03
   5.4232001e+04   3.4573649e+02   2.2710923e+00   4.4087200e-14   3.4800759e+02   1.0000000e+00   7.8169280e-03
   5.5748489e+04   2.7346388e+02   1.4579848e+00   4.8120894e-14   2.7492187e+02   1.0000000e+00   7.7700637e-03
   4.5501812e+04   7.4204202e+02   3.7047852e+00   3.3511637e-14   7.4574681e+02   1.0000000e+00   7.7563002e-03
   4.4016201e+04   7.6157648e+02   4.4747541e+00   3.3210982e-14   7.6605123e+02   1.0000000e+00   7.7532032e-03
   2.3847742e+05   2.3957000e-01   1.0000000e-02   7.6186488e-13   2.4957000e-01   1.0000000e+00   7.7372496e-03
   4.6623386e+04   7.1887290e+02   4.5537164e+00   3.3881022e-14   7.2342661e+02   1.0000000e+00   7.7221847e-03
   6.8521902e+04   1.1191035e+02   8.4550178e-01   6.7327684e-14   1.1275586e+02   1.0000000e+00   7.7165011e-03
   8.3106426e+04   7.0858907e+01   7.7097538e-01   8.0834351e-14   7.1629883e+01   1.0000000e+00   7.6906209e-03
   2.8010943e+05   1.2072034e-01   1.0105084e-02   9.9736375e-13   1.3082542e-01   1.0000000e+00   7.6854243e-03
   1.6459437e+05   1.4795970e+00   3.1405164e-02   3.6925846e-13   1.5110022e+00   1.0000000e+00   7.6597046e-03
   9.4182521e+04   3.4082266e+01   2.9384785e-01   1.0717301e-13   3.4376114e+01   1.0000000e+00   7.6455308e-03
   1.7474969e+05   9.6273068e-01   1.0000000e-02   4.4325158e-13   9.7273068e-01   1.0000000e+00   7.6325784e-03
   2.1777921e+05   4.1524398e-01   1.0000000e-02   6.1393971e-13   4.2524398e-01   1.0000000e+00   7.5971046e-03
   1.1529905e+05   1.1541770e+01   3.3525661e-01   1.6307447e-13   1.1877026e+01   1.0000000e+00   7.5802904e-03
   4.5757767e+04   7.0098655e+02   4.6078976e+00   3.4173062e-14   7.0559444e+02   1.0000000e+00   7.5678201e-03
   1.2426274e+05   6.4290774e+00   1.0819601e-01   2.0568158e-13   6.5372734e+00   1.0000000e+00   7.5602832e-03
   4.2662615e+04   9.6445774e+02   6.1750928e+00   3.0570862e-14   9.7063284e+02   1.0000000e+00   7.5596911e-03
   1.4095401e+05   4.0333401e+00   8.5770074e-02   2.4755454e-13   4.1191101e+00   1.0000000e+00   7.5542218e-03
   1.4328488e+05   3.2236943e+00   9.2989317e-02   2.7003461e-13   3.3166836e+00   1.0000000e+00   7.5515760e-03
   5.2704538e+04   4.2644387e+02   3.7383754e+00   4.0826200e-14   4.3018224e+02   1.0000000e+00   7.5145713e-03
   1.8443752e+05   9.7278136e-01   2.3668943e-02   4.3624804e-13   9.9645031e-01   1.0000000e+00   7.5105903e-03
   4.4762869e+04   9.1498646e+02   5.5230720e+00   3.1163921e-14   9.2050953e+02   1.0000000e+00   7.5005920e-03
   1.6407635e+05   1.2928158e+00   2.2749951e-02   3.9107868e-13   1.3155657e+00   1.0000000e+00   7.4589152e-03
   8.8519305e+04   4.4770869e+01   1.1335535e+00   9.5938280e-14   4.5904422e+01   1.0000000e+00   7.4423756e-03
   5.5707042e+04   3.5024322e+02   2.2483089e+00   4.3921163e-14   3.5249153e+02   1.0000000e+00   7.3853616e-03
   5.0971239e+04   5.2095900e+02   3.7713544e+00   3.8010355e-14   5.2473036e+02   1.0000000e+00   7.3648577e-03
   2.0992658e+05   4.4920062e-01   1.0762922e-02   5.9500227e-13   4.5996354e-01   1.0000000e+00   7.3599550e-03
   4.5161355e+04   7.5802668e+02   4.6313048e+00   3.3248132e-14   7.6265799e+02   1.0000000e+00   7.3527217e-03
   2.8065035e+05   1.0480419e-01   1.0000000e-02   1.0553442e-12   1.1480419e-01   1.0000000e+00   7.3257952e-03
   2.2194790e+05   3.7928548e-01   1.0049687e-02   6.3604807e-13   3.8933517e-01   1.0000000e+00   7.3174103e-03
   4.5791500e+04   7.6602099e+02   4.6343400e+00   3.3132540e-14   7.7065533e+02   1.0000000e+00   7.3155206e-03
   4.2407023e+04   9.8597408e+02   5.4983136e+00   3.0345681e-14   9.9147239e+02   1.0000000e+00   7.3154146e-03
   5.5457786e+04   2.5140429e+02   1.8091719e+00   4.9667530e-14   2.5321346e+02   1.0000000e+00   7.2978219e-03
   1.6290077e+05   1.3821672e+00   5.2135197e-02   3.7871370e-13   1.4343024e+00   1.0000000e+00   7.2616415e-03
   1.7496982e+05   9.3513709e-01   1.0000012e-02   4.4842495e-13   9.4513711e-01   1.0000000e+00   7.2567282e-03
   2.3299714e+05   3.0537368e-01   1.2159575e-02   6.9131475e-13   3.1753326e-01   1.0000000e+00   7.2484844e-03
   1.1428515e+05   7.5630055e+00   2.6766010e-01   1.9279283e-13   7.8306656e+00   1.0000000e+00   7.2362205e-03
   2.4100496e+05   2.7028430e-01   1.0000000e-02   7.2658451e-13   2.8028430e-01   1.0000000e+00   7.1615473e-03
   5.1121780e+04   3.7637314e+02   2.0823549e+00   4.2798640e-14   3.7845550e+02   1.0000000e+00   7.1602364e-03
   6.1732851e+04   1.5799882e+02   1.5827126e+00   5.9062673e-14   1.5958153e+02   1.0000000e+00   7.1519091e-03
   4.4718989e+04   7.5096937e+02   4.4395591e+00   3.3363394e-14   7.5540893e+02   1.0000000e+00   7.1385046e-03
   1.8352984e+05   8.3753466e-01   2.2630371e-02   4.6304745e-13   8.6016504e-01   1.0000000e+00   7.1187243e-03
   1.3325255e+05   5.0993094e+00   6.8557970e-02   2.2600653e-13   5.1678674e+00   1.0000000e+00   7.1156715e-03
   8.8327959e+04   3.6242121e+01   1.1440962e+00   1.0381512e-13   3.7386217e+01   1.0000000e+00   7.1044533e-03
   2.4304828e+05   2.2579171e-01   1.0000000e-02   7.7965194e-13   2.3579171e-01   1.0000000e+00   7.1025766e-03
   4.9538872e+04   4.8478162e+02   3.8099852e+00   3.8971446e-14   4.8859160e+02   1.0000000e+00   7.0893718e-03
   4.6076721e+04   7.2862389e+02   4.4162850e+00   3.3716956e-14   7.3304018e+02   1.0000000e+00   7.0646536e-03
   2.2573978e+05   3.5162440e-01   1.4569910e-02   6.5312692e-13   3.6619431e-01   1.0000000e+00   7.0221209e-03
   2.8679543e+05   1.0920576e-01   1.0000000e-02   1.0376412e-12   1.1920576e-01   1.0000000e+00   7.0182160e-03
   2.5841966e+05   1.7744662e-01   1.0122831e-02   8.5694311e-13   1.8756946e-01   1.0000000e+00   7.0085309e-03
   2.5097871e+05   2.3414320e-01   1.0000634e-02   7.6906789e-13   2.4414384e-01   1.0000000e+00   7.0069184e-03
   4.8824476e+04   5.8452845e+02   3.6325596e+00   3.6460736e-14   5.8816101e+02   1.0000000e+00   6.9952091e-03
   6.0688478e+04   1.4990148e+02   9.1879185e-01   6.0478586e-14   1.5082027e+02   1.0000000e+00   6.9919116e-03
   2.1440239e+05   5.4751344e-01   1.0000000e-02   5.5227763e-13   5.5751344e-01   1.0000000e+00   6.9531173e-03
   2.0375943e+05   4.8835417e-01   1.0000000e-02   5.7665119e-13   4.9835417e-01   1.0000000e+00   6.9508361e-03
   5.0053449e+04   4.0454770e+02   2.6302865e+00   4.1680766e-14   4.0717799e+02   1.0000000e+00   6.9397755e-03
   4.9313598e+04   5.6414865e+02   3.5616751e+00   3.6926884e-14   5.6771032e+02   1.0000000e+00   6.9215678e-03
   1.5283102e+05   1.7423041e+00   3.1421357e-02   3.4726081e-13   1.7737254e+00   1.0000000e+00   6.8911438e-03
   5.4968589e+04   3.8626310e+02   2.7932279e+00   4.2385148e-14   3.8905633e+02   1.0000000e+00   6.8874783e-03
   4.2749795e+04   9.5177319e+02   5.9894390e+00   3.0711829e-14   9.5776263e+02   1.0000000e+00   6.8837100e-03
   7.7446925e+04   4.8966390e+01   8.5529263e-01   9.2679304e-14   4.9821683e+01   1.0000000e+00   6.8819220e-03
   5.0507317e+04   4.4051742e+02   3.8050773e+00   4.0339923e-14   4.4432250e+02   1.0000000e+00   6.8805918e-03
   2.2985806e+05   3.4138388e-01   1.0683753e-02   6.6260762e-13   3.5206763e-01   1.0000000e+00   6.8549520e-03
   4.6693611e+04   5.3557508e+02   3.3882798e+00   3.7673879e-14   5.3896336e+02   1.0000000e+00   6.8521725e-03
   2.6169482e+05   1.3257383e-01   1.0000000e-02   9.6333344e-13   1.4257383e-01   1.0000000e+00   6.8355119e-03
   4.4807033e+04   9.1231792e+02   5.3928381e+00   3.1197084e-14   9.1771075e+02   1.0000000e+00   6.8298741e-03
   2.4028820e+05   2.6723990e-01   1.0000000e-02   7.2971553e-13   2.7723990e-01   1.0000000e+00   6.8251235e-03
   1.3070246e+05   5.3320387e+00   1.2457198e-01   2.2125500e-13   5.4566107e+00   1.0000000e+00   6.8225817e-03
   4.8179733e+04   5.7134024e+02   3.8072351e+00   3.6746119e-14   5.7514748e+02   1.0000000e+00   6.8117111e-03
   2.3480882e+05   3.1080173e-01   1.4200496e-02   6.8596004e-13   3.2500222e-01   1.0000000e+00   6.8000617e-03
   5.8855196e+04   2.3124416e+02   1.8942673e+00   5.1144417e-14   2.3313842e+02   1.0000000e+00   6.7840955e-03
   4.3283714e+04   8.5405830e+02   4.5207540e+00   3.1902641e-14   8.5857905e+02   1.0000000e+00   6.7830069e-03
   8.2686712e+04   6.3401517e+01   6.0020003e-01   8.4063091e-14   6.4001717e+01   1.0000000e+00   6.7802664e-03
   1.9180389e+05   7.4411238e-01   1.4626234e-02   4.8667748e-13   7.5873861e-01   1.0000000e+00   6.7737906e-03
   7.2702651e+04   7.9278353e+01   7.7941300e-01   7.6821580e-14   8.0057766e+01   1.0000000e+00   6.7651795e-03
   1.5403448e+05   2.0626013e+00   3.4134767e-02   3.2389944e-13   2.0967361e+00   1.0000000e+00   6.7633576e-03
   8.2394850e+04   6.0061400e+01   1.2373250e+00   8.5527575e-14   6.1298725e+01   1.0000000e+00   6.7507936e-03
   5.7786169e+04   2.4196644e+02   1.6833314e+00   5.0312113e-14   2.4364977e+02   1.0000000e+00   6.7424105e-03
   4.6710216e+04   6.7951191e+02   4.0146268e+00   3.4558148e-14   6.8352654e+02   1.0000000e+00   6.7407555e-03
   2.1012463e+05   4.5493519e-01   1.0768843e-02   5.9199828e-13   4.6570403e-01   1.0000000e+00   6.7291985e-03
   2.0026193e+05   6.0254217e-01   1.0744411e-02   5.3041188e-13   6.1328658e-01   1.0000000e+00   6.7225415e-03
   2.8715889e+05   1.1709794e-01   1.0000000e-02   1.0098062e-12   1.2709794e-01   1.0000000e+00   6.7188989e-03
   4.6555291e+04   5.9897911e+02   3.8229684e+00   3.6151374e-14   6.0280208e+02   1.0000000e+00   6.7153844e-03
   4.4048099e+04   9.4329659e+02   5.6300969e+00   3.0825028e-14   9.4892669e+02   1.0000000e+00   6.6914519e-03
   4.1933209e+04   9.3283219e+02   5.8241384e+00   3.0940247e-14   9.3865633e+02   1.0000000e+00   6.6872679e-03
   1.5375053e+05   2.0519792e+00   3.3668941e-02   3.2462278e-13   2.0856481e+00   1.0000000e+00   6.6557202e-03
   5.0180587e+04   4.7667502e+02   3.8163766e+00   3.9204270e-14   4.8049140e+02   1.0000000e+00   6.6537538e-03
   2.1621612e+05   4.9538952e-01   1.4059094e-02   5.7156657e-13   5.0944862e-01   1.0000000e+00   6.6532640e-03
   7.0808696e+04   9.3736040e+01   8.5778337e-01   7.2022138e-14   9.4593823e+01   1.0000000e+00   6.6370677e-03
   4.2961024e+04   8.4510479e+02   4.5234402e+00   3.2028183e-14   8.4962823e+02   1.0000000e+00   6.6213407e-03
   7.1241871e+04   9.8943185e+01   8.3841582e-01   7.0556075e-14   9.9781601e+01   1.0000000e+00   6.6167315e-03
   2.7064794e+05   1.4245057e-01   1.0122073e-02   9.3436947e-13   1.5257264e-01   1.0000000e+00   6.6159295e-03
   1.6459437e+05   1.5315321e+00   5.0715880e-02   3.6315434e-13   1.5822480e+00   1.0000000e+00   6.5969621e-03
   1.5686911e+05   2.2158664e+00   9.8724706e-02   3.1308570e-13   2.3145911e+00   1.0000000e+00   6.5380409e-03
   5.4479740e+04   3.1011102e+02   2.4772118e+00   4.5876507e-14   3.1258824e+02   1.0000000e+00   6.5343565e-03
   4.3401262e+04   8.3545293e+02   4.5711924e+00   3.2148457e-14   8.4002412e+02   1.0000000e+00   6.5240229e-03
   4.7283902e+04   6.9772399e+02   4.6168883e+00   3.4245423e-14   7.0234087e+02   1.0000000e+00   6.5183351e-03
   2.2133817e+05   4.2046296e-01   1.0861356e-02   6.1070415e-13   4.3132432e-01   1.0000000e+00   6.5024443e-03
   1.1176612e+05   1.0271404e+01   1.6530339e-01   1.7081931e-13   1.0436708e+01   1.0000000e+00   6.4795902e-03
   4.5282985e+04   7.6936745e+02   4.6343122e+00   3.3076860e-14   7.7400176e+02   1.0000000e+00   6.4778709e-03
   1.1291684e+05   8.1257169e+00   9.0350742e-02   1.8823929e-13   8.2160676e+00   1.0000000e+00   6.4602853e-03
   4.7305574e+04   6.8317519e+02   4.5932708e+00   3.4494829e-14   6.8776846e+02   1.0000000e+00   6.4568177e-03
   2.8095948e+05   1.1231885e-01   1.0000000e-02   1.0263341e-12   1.2231885e-01   1.0000000e+00   6.4364273e-03
   4.2433488e+04   8.0691373e+02   5.8343745e+00   3.2571921e-14   8.1274811e+02   1.0000000e+00   6.4313600e-03
   1.9596898e+05   8.1246168e-01   1.1039285e-02   4.7264310e-13   8.2350097e-01   1.0000000e+00   6.4277806e-03
   4.9315087e+04   5.6821171e+02   3.5909722e+00   3.6834032e-14   5.7180268e+02   1.0000000e+00   6.4273119e-03
   4.9459588e+04   5.3799318e+02   3.6843943e+00   3.7547391e-14   5.4167757e+02   1.0000000e+00   6.4228733e-03
   2.8097820e+05   1.2878070e-01   1.0034325e-02   9.7256488e-13   1.3881503e-01   1.0000000e+00   6.3517304e-03
   1.8238082e+05   1.1698257e+00   4.8233270e-02   4.0442482e-13   1.2180590e+00   1.0000000e+00   6.3400226e-03
   5.0414435e+04   3.9014114e+02   2.5729996e+00   4.2237068e-14   3.9271414e+02   1.0000000e+00   6.3376139e-03
   4.7321152e+04   6.0521905e+02   3.4733606e+00   3.6010068e-14   6.0869241e+02   1.0000000e+00   6.3043445e-03
   7.6542632e+04   5.5807903e+01   3.6388550e-01   8.8268338e-14   5.6171789e+01   1.0000000e+00   6.3038490e-03
   2.8641515e+05   1.0788991e-01   1.0000000e-02   1.0426077e-12   1.1788991e-01   1.0000000e+00   6.2977979e-03
   4.7149358e+04   7.3215972e+02   4.4188845e+00   3.3687335e-14   7.3657861e+02   1.0000000e+00   6.2959529e-03
   2.5342232e+05   1.9697475e-01   1.0507633e-02   8.2224118e-13   2.0748238e-01   1.0000000e+00   6.2794300e-03
   4.3729544e+04   8.8338377e+02   5.3776525e+00   3.1517680e-14   8.8876142e+02   1.0000000e+00   6.2737968e-03
   2.2137667e+05   4.0749749e-01   1.0023023e-02   6.1862295e-13   4.1752051e-01   1.0000000e+00   6.2629100e-03
   2.8715882e+05   1.1346744e-01   1.0000000e-02   1.0222271e-12   1.2346744e-01   1.0000000e+00   6.2612537e-03
   2.6985037e+05   1.6009298e-01   1.0000000e-02   8.9282974e-13   1.7009298e-01   1.0000000e+00   6.2524767e-03
   1.3528701e+05   4.6112960e+00   8.0018265e-02   2.3480505e-13   4.6913143e+00   1.0000000e+00   6.2306587e-03
   1.3350100e+05   4.1364979e+00   5.0574753e-02   2.4582086e-13   4.1870726e+00   1.0000000e+00   6.2261468e-03
   2.0026193e+05   6.1697585e-01   1.0000000e-02   5.2605433e-13   6.2697585e-01   1.0000000e+00   6.2194128e-03
   5.6769128e+04   2.7388739e+02   1.4222491e+00   4.8082012e-14   2.7530963e+02   1.0000000e+00   6.2090117e-03
   4.5803882e+04   8.0477747e+02   5.1555156e+00   3.2573821e-14   8.0993299e+02   1.0000000e+00   6.2050336e-03
   8.2960934e+04   4.1705383e+01   7.7689915e-01   9.8403311e-14   4.2482282e+01   1.0000000e+00   6.2001514e-03
   4.3169287e+04   9.4088455e+02   5.7024085e+00   3.0836729e-14   9.4658696e+02   1.0000000e+00   6.1645709e-03
   1.1521281e+05   6.9695713e+00   8.6909839e-02   2.0014994e-13   7.0564811e+00   1.0000000e+00   6.1603924e-03
   2.5917354e+05   1.2596509e-01   1.0000000e-02   9.8498927e-13   1.3596509e-01   1.0000000e+00   6.1207230e-03
   2.4038056e+05   2.5461916e-01   1.0000000e-02   7.4361359e-13   2.6461916e-01   1.0000000e+00   6.1112017e-03
   8.2953340e+04   6.4855532e+01   1.2579922e+00   8.3252256e-14   6.6113524e+01   1.0000000e+00   6.0982642e-03
   5.1838606e+04   4.3243687e+02   3.6418300e+00   4.0609524e-14   4.3607870e+02   1.0000000e+00   6.0827865e-03
   9.5400654e+04   1.1398318e+01   2.7708830e-01   1.6664553e-13   1.1675406e+01   1.0000000e+00   6.0796909e-03
   2.8111945e+05   1.2671744e-01   1.0034607e-02   9.7869447e-13   1.3675205e-01   1.0000000e+00   6.0686647e-03
   9.8033711e+04   2.7175378e+01   3.2563419e-01   1.1685727e-13   2.7501012e+01   1.0000000e+00   6.0651793e-03
   4.6984396e+04   6.4154444e+02   3.8106333e+00   3.5267646e-14   6.4535507e+02   1.0000000e+00   6.0642919e-03
   2.2965861e+05   3.4135652e-01   1.0671542e-02   6.6261613e-13   3.5202807e-01   1.0000000e+00   6.0580529e-03
   1.6142628e+05   1.3582787e+00   4.1051874e-02   3.8218402e-13   1.3993306e+00   1.0000000e+00   6.0533323e-03
   1.6471682e+05   1.1430063e+00   2.4675509e-02   4.1103960e-13   1.1676818e+00   1.0000000e+00   6.0523200e-03
   4.7170582e+04   5.4678302e+02   3.3643442e+00   3.7364363e-14   5.5014737e+02   1.0000000e+00   6.0435854e-03
   2.1550514e+05   3.2140678e-01   1.1468492e-02   6.8000001e-13   3.3287528e-01   1.0000000e+00   6.0326958e-03
   4.7565835e+04   6.1081840e+02   3.4637093e+00   3.5892018e-14   6.1428211e+02   1.0000000e+00   6.0306682e-03
   2.8030300e+05   1.2601530e-01   1.0098326e-02   9.8071647e-13   1.3611363e-01   1.0000000e+00   6.0293482e-03
   4.2327379e+04   1.0000000e+03   3.5236177e+01   3.0155642e-14   1.0352362e+03   1.0000000e+00   6.0262365e-03
   4.2284031e+04   1.0000000e+03   4.2403508e+01   3.0154316e-14   1.0424035e+03   1.0000000e+00   6.0225210e-03
   2.8374964e+05   1.1156240e-01   1.0000000e-02   1.0289458e-12   1.2156240e-01   1.0000000e+00   6.0124466e-03
   5.5194276e+04   2.9620416e+02   2.4987275e+00   4.6652005e-14   2.9870289e+02   1.0000000e+00   5.9637415e-03
   2.4340060e+05   2.7956557e-01   1.0000000e-02   7.1762275e-13   2.8956557e-01   1.0000000e+00   5.9436047e-03
   2.5542973e+05   1.7974490e-01   1.0000000e-02   8.5276063e-13   1.8974490e-01   1.0000000e+00   5.9397548e-03
   1.8298131e+05   8.3531233e-01   1.0000000e-02   4.6787546e-13   8.4531233e-01   1.0000000e+00   5.9278540e-03
   4.8973985e+04   5.2947115e+02   3.6659407e+00   3.7759182e-14   5.3313709e+02   1.0000000e+00   5.9089958e-03
   2.5705463e+05   1.9222911e-01   1.0000000e-02   8.3054396e-13   2.0222911e-01   1.0000000e+00   5.9050611e-03
   1.3707877e+05   4.9787106e+00   7.8906659e-02   2.2828675e-13   5.0576173e+00   1.0000000e+00   5.8850875e-03
   2.2537635e+05   3.3026119e-01   1.0241778e-02   6.7138219e-13   3.4050297e-01   1.0000000e+00   5.8776729e-03
   2.8459809e+05   1.2835263e-01   1.0000000e-02   9.7438207e-13   1.3835263e-01   1.0000000e+00   5.8723471e-03
   4.9796927e+04   4.2994892e+02   3.1434750e+00   4.0737824e-14   4.3309239e+02   1.0000000e+00   5.8423491e-03
   8.8021803e+04   3.9352941e+01   5.9480327e-01   1.0073213e-13   3.9947744e+01   1.0000000e+00   5.8399432e-03
   4.3578353e+04   9.2847834e+02   5.4937457e+00   3.0982365e-14   9.3397209e+02   1.0000000e+00   5.8248510e-03
   4.7021640e+04   6.4537838e+02   3.8162143e+00   3.5193580e-14   6.4919459e+02   1.0000000e+00   5.8115653e-03
   4.7856132e+04   5.5064094e+02   3.7217930e+00   3.7241518e-14   5.5436273e+02   1.0000000e+00   5.8004634e-03
   6.1969198e+04   2.0177653e+02   1.9537002e+00   5.3819127e-14   2.0373023e+02   1.0000000e+00   5.7946007e-03
   1.1598219e+05   6.7861108e+00   9.6680996e-02   2.0209689e-13   6.8827918e+00   1.0000000e+00   5.7938776e-03
   2.3119620e+05   2.8388338e-01   1.0000000e-02   7.1267082e-13   2.9388338e-01   1.0000000e+00   5.7875494e-03
   2.4519430e+05   2.2366040e-01   1.0000000e-02   7.8247635e-13   2.3366040e-01   1.0000000e+00   5.7827306e-03
   2.2917220e+05   4.0028433e-01   1.0000000e-02   6.2421649e-13   4.1028433e-01   1.0000000e+00   5.7705954e-03
   2.3243556e+05   2.5137226e-01   1.0000000e-02   7.4817941e-13   2.6137226e-01   1.0000000e+00   5.7700102e-03
   1.1797658e+05   1.2524175e+01   2.5488804e-01   1.5889342e-13   1.2779063e+01   1.0000000e+00   5.7674854e-03
   5.5972284e+04   3.9270842e+02   2.8085394e+00   4.2214286e-14   3.9551696e+02   1.0000000e+00   5.7655127e-03
   4.7328583e+04   6.0301748e+02   3.4795386e+00   3.6056700e-14   6.0649702e+02   1.0000000e+00   5.7643119e-03
   5.2983763e+04   3.6796479e+02   2.3385078e+00   4.3095325e-14   3.7030329e+02   1.0000000e+00   5.7637128e-03
   5.4092295e+04   3.4238460e+02   2.2513257e+00   4.4244717e-14   3.4463592e+02   1.0000000e+00   5.7502295e-03
   2.7037825e+05   1.3044759e-01   1.0000000e-02   9.6775196e-13   1.4044759e-01   1.0000000e+00   5.7483734e-03
   2.0937328e+05   5.3181705e-01   1.0000000e-02   5.5753895e-13   5.4181705e-01   1.0000000e+00   5.7355839e-03
   5.7511447e+04   3.0095626e+02   2.5643151e+00   4.6410089e-14   3.0352058e+02   1.0000000e+00   5.7266828e-03
   2.3955843e+05   2.9295051e-01   1.0008172e-02   7.0430908e-13   3.0295868e-01   1.0000000e+00   5.7160618e-03
   1.3048792e+05   4.3253018e+00   6.2082624e-02   2.4132116e-13   4.3873844e+00   1.0000000e+00   5.7129375e-03
   9.7688160e+04   2.4945886e+01   4.4561956e-01   1.2044032e-13   2.5391505e+01   1.0000000e+00   5.6902163e-03
   1.2749589e+05   5.6512620e+00   4.3641516e-02   2.1793264e-13   5.6949035e+00   1.0000000e+00   5.6873729e-03
   4.3081963e+04   8.4960084e+02   4.5329105e+00   3.1965072e-14   8.5413375e+02   1.0000000e+00   5.6705341e-03
   1.1472172e+05   8.2805932e+00   9.1976716e-02   1.8658801e-13   8.3725699e+00   1.0000000e+00   5.6604293e-03
   4.9624087e+04   5.3098836e+02   3.6427987e+00   3.7724481e-14   5.3463116e+02   1.0000000e+00   5.6494563e-03
   2.4546093e+05   2.3594829e-01   1.0000000e-02   7.6622120e-13   2.4594829e-01   1.0000000e+00   5.6455312e-03
   1.1554244e+05   1.4135626e+01   3.1566362e-01   1.5153211e-13   1.4451290e+01   1.0000000e+00   5.6426539e-03
   1.6895902e+05   2.5861660e+00   2.9526181e-02   3.0170339e-13   2.6156922e+00   1.0000000e+00   5.6127041e-03
   1.7148010e+05   1.2452329e+00   2.3879138e-02   3.9593696e-13   1.2691121e+00   1.0000000e+00   5.6089402e-03
   4.3612386e+04   8.5964724e+02   5.1076764e+00   3.1819466e-14   8.6475491e+02   1.0000000e+00   5.6063217e-03
   1.2551286e+05   6.1531278e+00   9.8456990e-02   2.0936117e-13   6.2515847e+00   1.0000000e+00   5.5994759e-03
   1.8213609e+05   1.0967907e+00   2.2204046e-02   4.1658205e-13   1.1189948e+00   1.0000000e+00   5.5940236e-03
   4.3517168e+04   8.4272036e+02   4.5685681e+00   3.2048836e-14   8.4728893e+02   1.0000000e+00   5.5861446e-03
   1.2497906e+05   5.9504156e+00   4.1254242e-02   2.1376619e-13   5.9916698e+00   1.0000000e+00   5.5850610e-03
   2.4662020e+05   1.9030754e-01   1.0000000e-02   8.3457634e-13   2.0030754e-01   1.0000000e+00   5.5610894e-03
   6.0083735e+04   1.5191187e+02   9.2065910e-01   6.0222247e-14   1.5283253e+02   1.0000000e+00   5.5593872e-03
   5.3334468e+04   3.8274548e+02   2.9865874e+00   4.2461765e-14   3.8573207e+02   1.0000000e+00   5.5515924e-03
   7.1227750e+04   1.1632804e+02   9.6949452e-01   6.6417751e-14   1.1729754e+02   1.0000000e+00   5.5511910e-03
   2.4069694e+05   2.5938650e-01   1.0000451e-02   7.3824978e-13   2.6938695e-01   1.0000000e+00   5.5459757e-03
   4.6885929e+04   6.6179182e+02   4.8028456e+00   3.4869334e-14   6.6659466e+02   1.0000000e+00   5.5371899e-03
   5.2568953e+04   3.6161353e+02   2.5446322e+00   4.3370316e-14   3.6415816e+02   1.0000000e+00   5.5305146e-03
   4.2176013e+04   9.3670966e+02   5.8310347e+00   3.0889682e-14   9.4254070e+02   1.0000000e+00   5.5073604e-03
   4.5634962e+04   6.9199365e+02   4.6238879e+00   3.4330776e-14   6.9661754e+02   1.0000000e+00   5.4892158e-03
   2.7857089e+05   1.3329330e-01   1.0000000e-02   9.5942980e-13   1.4329330e-01   1.0000000e+00   5.4680492e-03
   4.4639022e+04   7.4553581e+02   4.4937987e+00   3.3449917e-14   7.5002961e+02   1.0000000e+00   5.4662775e-03
   2.2328767e+05   2.9450523e-01   1.0000000e-02   7.0344720e-13   3.0450523e-01   1.0000000e+00   5.4649050e-03
   2.4553059e+05   2.8656814e-01   1.4499135e-02   7.0941223e-13   3.0106727e-01   1.0000000e+00   5.4639006e-03
   2.7770566e+05   1.4947930e-01   1.0000000e-02   9.1802131e-13   1.5947930e-01   1.0000000e+00   5.4442982e-03
   4.5900231e+04   8.1717241e+02   4.5149258e+00   3.2417380e-14   8.2168734e+02   1.0000000e+00   5.4370807e-03
   4.2198766e+04   1.0000000e+03   3.3904588e+01   3.0156174e-14   1.0339046e+03   1.0000000e+00   5.4277177e-03
   1.6840139e+05   1.2161995e+00   2.4247290e-02   3.9994185e-13   1.2404468e+00   1.0000000e+00   5.4024553e-03
   1.0072241e+05   1.7527211e+01   2.2061869e-01   1.3840885e-13   1.7747830e+01   1.0000000e+00   5.3965035e-03
   5.5747060e+04   2.6259089e+02   1.4400313e+00   4.8864975e-14   2.6403092e+02   1.0000000e+00   5.3865793e-03
   4.3253502e+04   9.4780267e+02   5.7097432e+00   3.0760221e-14   9.5351242e+02   1.0000000e+00   5.3822184e-03
   4.3474853e+04   8.1104794e+02   5.5171095e+00   3.2476129e-14   8.1656504e+02   1.0000000e+00   5.3797082e-03
   4.6904039e+04   7.1665411e+02   4.6861671e+00   3.3921875e-14   7.2134028e+02   1.0000000e+00   5.3758517e-03
   2.3170865e+05   3.8623830e-01   1.1600261e-02   6.3224820e-13   3.9783856e-01   1.0000000e+00   5.3648216e-03
   1.7474969e+05   1.1067893e+00   3.4168382e-02   4.1369017e-13   1.1409577e+00   1.0000000e+00   5.3545944e-03
   2.3032727e+05   3.9062033e-01   1.1367439e-02   6.2935586e-13   4.0198777e-01   1.0000000e+00   5.3544290e-03
   5.9262389e+04   2.5646957e+02   1.4841062e+00   4.9284951e-14   2.5795368e+02   1.0000000e+00   5.3450730e-03
   2.6948562e+05   1.4194798e-01   1.0000023e-02   9.3576227e-13   1.5194801e-01   1.0000000e+00   5.3404784e-03
   4.3312822e+04   8.3131642e+02   4.5754802e+00   3.2206594e-14   8.3589190e+02   1.0000000e+00   5.3400727e-03
   1.5290334e+05   1.6951832e+00   3.2070753e-02   3.5115230e-13   1.7272540e+00   1.0000000e+00   5.3304685e-03
   1.0410821e+05   1.0017984e+01   1.5870873e-01   1.7364652e-13   1.0176692e+01   1.0000000e+00   5.3280665e-03
   2.7683094e+05   1.4753614e-01   1.0000000e-02   9.2241267e-13   1.5753614e-01   1.0000000e+00   5.3275730e-03
   1.0001310e+05   9.6536580e+00   1.6254288e-01   1.7766699e-13   9.8162009e+00   1.0000000e+00   5.3241448e-03
   5.2355762e+04   3.6533841e+02   2.3915529e+00   4.3217125e-14   3.6772996e+02   1.0000000e+00   5.3239432e-03
   8.2150759e+04   7.7000644e+01   6.4436899e-01   7.8439622e-14   7.7645013e+01   1.0000000e+00   5.3219503e-03
   1.3529862e+05   4.3909017e+00   7.9719778e-02   2.3931195e-13   4.4706215e+00   1.0000000e+00   5.3188927e-03
   2.0923369e+05   4.4054254e-01   1.0831076e-02   5.9966893e-13   4.5137362e-01   1.0000000e+00   5.3032009e-03
   5.9067666e+04   2.2771692e+02   1.8720594e+00   5.1438509e-14   2.2958898e+02   1.0000000e+00   5.2984372e-03
   4.3595553e+04   9.5581193e+02   5.8015914e+00   3.0676748e-14   9.6161352e+02   1.0000000e+00   5.2921326e-03
   1.6485946e+05   2.6122942e+00   3.0098308e-02   2.9878809e-13   2.6423925e+00   1.0000000e+00   5.2909957e-03
   4.6872694e+04   6.4882217e+02   4.8249434e+00   3.5112748e-14   6.5364711e+02   1.0000000e+00   5.2877654e-03
   4.9343361e+04   4.9245494e+02   4.4845176e+00   3.8742640e-14   4.9693946e+02   1.0000000e+00   5.2820332e-03
   8.1817559e+04   7.4076030e+01   6.5023098e-01   7.9427463e-14   7.4726260e+01   1.0000000e+00   5.2542176e-03
   1.6436368e+05   1.8252522e+00   3.8054893e-02   3.3963621e-13   1.8633071e+00   1.0000000e+00   5.2324179e-03
   1.5104922e+05   2.3685702e+00   1.6134394e-01   3.0453640e-13   2.5299141e+00   1.0000000e+00   5.2127914e-03
   9.9239569e+04   9.5559457e+00   1.6366012e-01   1.7874966e-13   9.7196058e+00   1.0000000e+00   5.2106279e-03
   5.6163206e+04   3.1172331e+02   2.4882603e+00   4.5788585e-14   3.1421157e+02   1.0000000e+00   5.2100368e-03
   4.8858774e+04   5.8130127e+02   3.6292587e+00   3.6532012e-14   5.8493053e+02   1.0000000e+00   5.2039359e-03
   1.6094730e+05   2.4047888e+00   2.6069387e-02   3.0696193e-13   2.4308582e+00   1.0000000e+00   5.1849690e-03
   5.1348009e+04   3.9564666e+02   2.8332298e+00   4.1970191e-14   3.9847989e+02   1.0000000e+00   5.1589053e-03
   2.3596465e+05   2.5816679e-01   1.0000000e-02   7.3971501e-13   2.6816679e-01   1.0000000e+00   5.1415299e-03
   2.2335792e+05   3.1035163e-01   1.3259277e-02   6.8709109e-13   3.2361090e-01   1.0000000e+00   5.1353955e-03
   9.0999947e+04   2.9728356e+01   3.4754791e-01   1.1244830e-13   3.0075904e+01   1.0000000e+00   5.1301638e-03
   7.3972796e+04   9.0735143e+01   7.5472356e-01   7.2993306e-14   9.1489866e+01   1.0000000e+00   5.1268379e-03
   4.5147448e+04   7.5390254e+02   4.5564792e+00   3.3312657e-14   7.5845902e+02   1.0000000e+00   5.1228097e-03
   2.9046134e+05   1.0360289e-01   1.0073656e-02   1.0593963e-12   1.1367654e-01   1.0000000e+00   5.1193223e-03
   1.9321297e+05   7.3320037e-01   1.4784567e-02   4.8943743e-13   7.4798494e-01   1.0000000e+00   5.1066524e-03
   5.5711773e+04   2.4664075e+02   1.3755570e+00   5.0057816e-14   2.4801630e+02   1.0000000e+00   5.1023189e-03
   1.8440885e+05   7.8935649e-01   1.4841167e-02   4.7589283e-13   8.0419765e-01   1.0000000e+00   5.0919870e-03
   4.3491007e+04   9.8828510e+02   5.9479737e+00   3.0330900e-14   9.9423308e+02   1.0000000e+00   5.0844960e-03
   1.1753368e+05   7.2044532e+00   2.6379512e-01   1.9624865e-13   7.4682483e+00   1.0000000e+00   5.0689528e-03
   5.2768976e+04   4.3621944e+02   3.0200661e+00   4.0520203e-14   4.3923951e+02   1.0000000e+00   5.0622081e-03
   5.3230793e+04   3.5818163e+02   2.2809995e+00   4.3523363e-14   3.6046263e+02   1.0000000e+00   5.0604110e-03
   9.7161930e+04   1.8799490e+01   2.9806722e-01   1.3459440e-13   1.9097557e+01   1.0000000e+00   5.0600477e-03
   2.6741784e+05   1.4569069e-01   1.0126971e-02   9.2617312e-13   1.5581766e-01   1.0000000e+00   5.0544003e-03
   2.0908206e+05   5.3307343e-01   1.0000000e-02   5.5701037e-13   5.4307343e-01   1.0000000e+00   5.0538255e-03
   5.0440084e+04   4.3739911e+02   3.8131390e+00   4.0446177e-14   4.4121224e+02   1.0000000e+00   5.0301185e-03
   2.9456171e+05   1.0581154e-01   1.0021635e-02   1.0511604e-12   1.1583317e-01   1.0000000e+00   5.0179845e-03
   2.8524473e+05   1.1555571e-01   1.0000000e-02   1.0148430e-12   1.2555571e-01   1.0000000e+00   5.0060322e-03
   4.3668748e+04   8.7869030e+02   5.1000904e+00   3.1578376e-14   8.8379039e+02   1.0000000e+00   4.9915345e-03
   4.5482291e+04   7.3582277e+02   3.6989383e+00   3.3610446e-14   7.3952171e+02   1.0000000e+00   4.9849340e-03
   5.5248697e+04   3.8006468e+02   2.4684713e+00   4.2651736e-14   3.8253315e+02   1.0000000e+00   4.9748866e-03
   9.8198707e+04   1.6638705e+01   1.3649139e-01   1.4184226e-13   1.6775197e+01   1.0000000e+00   4.9740753e-03
   1.6954130e+05   1.9006913e+00   4.0448479e-02   3.3528303e-13   1.9411398e+00   1.0000000e+00   4.9557085e-03
   4.3485736e+04   8.1274199e+02   5.5152259e+00   3.2451810e-14   8.1825722e+02   1.0000000e+00   4.9512825e-03
   4.2827666e+04   1.0000000e+03   2.3976710e+01   3.0162300e-14   1.0239767e+03   1.0000000e+00   4.9512813e-03
   4.3343062e+04   7.9556842e+02   5.8200506e+00   3.2701562e-14   8.0138847e+02   1.0000000e+00   4.9394104e-03
   5.5215455e+04   2.3997675e+02   1.5384904e+00   5.0611002e-14   2.4151524e+02   1.0000000e+00   4.9374941e-03
   2.6150666e+05   1.5551663e-01   1.0017364e-02   9.0290426e-13   1.6553400e-01   1.0000000e+00   4.9300174e-03
   4.3781765e+04   8.5708927e+02   5.3910415e+00   3.1848900e-14   8.6248031e+02   1.0000000e+00   4.9281855e-03
   2.0910730e+05   4.3650323e-01   1.0839780e-02   6.0189714e-13   4.4734301e-01   1.0000000e+00   4.9140793e-03
   2.3308455e+05   2.4460750e-01   1.0000000e-02   7.5637746e-13   2.5460750e-01   1.0000000e+00   4.9074070e-03
   1.9447047e+05   7.1043754e-01   2.0782663e-02   4.9402350e-13   7.3122021e-01   1.0000000e+00   4.9039229e-03
   2.5121851e+05   2.2100154e-01   1.1196220e-02   7.8568643e-13   2.3219776e-01   1.0000000e+00   4.8703227e-03
   1.1315416e+05   8.8612999e+00   6.6369399e-02   1.8222110e-13   8.9276693e+00   1.0000000e+00   4.8647106e-03
   4.7853938e+04   7.1256615e+02   4.3908676e+00   3.4026960e-14   7.1695702e+02   1.0000000e+00   4.8413222e-03
   2.8211055e+05   1.1605932e-01   1.0000000e-02   1.0130261e-12   1.2605932e-01   1.0000000e+00   4.8251920e-03
   2.9079200e+05   1.0091326e-01   1.0000000e-02   1.0704644e-12   1.1091326e-01   1.0000000e+00   4.8229842e-03
   4.2192408e+04   1.0000000e+03   2.9003080e+01   3.0157601e-14   1.0290031e+03   1.0000000e+00   4.8113850e-03
   4.2191235e+04   1.0000000e+03   2.4525424e+01   3.0159380e-14   1.0245254e+03   1.0000000e+00   4.8078519e-03
   4.2106070e+04   9.9997643e+02   4.0233522e+01   3.0155511e-14   1.0402100e+03   1.0000000e+00   4.7811499e-03
   4.3501515e+04   7.8616168e+02   5.6836209e+00   3.2837431e-14   7.9184530e+02   1.0000000e+00   4.7778887e-03
   1.8261945e+05   9.4664027e-01   2.6968882e-02   4.4048375e-13   9.7360916e-01   1.0000000e+00   4.7730599e-03
   4.4257995e+04   7.8688997e+02   5.5241193e+00   3.2811279e-14   7.9241409e+02   1.0000000e+00   4.7721392e-03
   4.3266737e+04   9.6077232e+02   5.6876455e+00   3.0618695e-14   9.6645997e+02   1.0000000e+00   4.7623445e-03
   2.9386787e+05   1.0877366e-01   1.0037399e-02   1.0399367e-12   1.1881106e-01   1.0000000e+00   4.7577222e-03
   9.7893554e+04   1.5664240e+01   1.4237578e-01   1.4536054e-13   1.5806616e+01   1.0000000e+00   4.7573482e-03
   5.7535599e+04   2.9952551e+02   2.5587547e+00   4.6490060e-14   3.0208426e+02   1.0000000e+00   4.7501566e-03
   9.9443212e+04   2.6571419e+01   1.4449006e-01   1.1866358e-13   2.6715909e+01   1.0000000e+00   4.7492580e-03
   2.7964667e+05   1.1459704e-01   1.0000000e-02   1.0182517e-12   1.2459704e-01   1.0000000e+00   4.7470631e-03
   2.3674898e+05   2.8037515e-01   1.0000000e-02   7.1604480e-13   2.9037515e-01   1.0000000e+00   4.7466452e-03
   2.1614319e+05   3.2153711e-01   1.1498255e-02   6.7966898e-13   3.3303537e-01   1.0000000e+00   4.7320435e-03
   4.5135953e+04   6.3590586e+02   4.7161402e+00   3.5410352e-14   6.4062200e+02   1.0000000e+00   4.7229920e-03
   1.1727497e+05   8.7086529e+00   8.7065806e-02   1.8290730e-13   8.7957187e+00   1.0000000e+00   4.7127046e-03
   2.3469867e+05   3.6787548e-01   1.1459722e-02   6.4470333e-13   3.7933520e-01   1.0000000e+00   4.6960520e-03
   4.2725982e+04   9.8075290e+02   5.8925643e+00   3.0398202e-14   9.8664546e+02   1.0000000e+00   4.6890769e-03
   6.1101363e+04   1.5602308e+02   9.0610523e-01   5.9494814e-14   1.5692919e+02   1.0000000e+00   4.6868926e-03
   4.2304867e+04   1.0000000e+03   2.9558008e+01   3.0157194e-14   1.0295580e+03   1.0000000e+00   4.6853978e-03
   2.8474037e+05   1.2360919e-01   1.0005958e-02   9.8859464e-13   1.3361515e-01   1.0000000e+00   4.6820306e-03
   1.9759796e+05   7.7024721e-01   1.1120416e-02   4.8239784e-13   7.8136763e-01   1.0000000e+00   4.6775663e-03
   4.7002119e+04   6.3915912e+02   3.8103674e+00   3.5314071e-14   6.4296949e+02   1.0000000e+00   4.6597381e-03
   2.0933722e+05   6.3707080e-01   1.7926511e-02   5.1757720e-13   6.5499731e-01   1.0000000e+00   4.6446488e-03
   2.7988413e+05   1.3956606e-01   1.0000000e-02   9.4278415e-13   1.4956606e-01   1.0000000e+00   4.6384250e-03
   2.7479494e+05   1.3474938e-01   1.0253445e-02   9.5499830e-13   1.4500283e-01   1.0000000e+00   4.6342299e-03
   1.5700461e+05   1.6551146e+00   2.8071090e-02   3.5414595e-13   1.6831857e+00   1.0000000e+00   4.6225513e-03
   2.0851943e+05   5.6884011e-01   1.0264687e-02   5.4313923e-13   5.7910480e-01   1.0000000e+00   4.6206427e-03
   2.5820853e+05   2.0028452e-01   1.0000450e-02   8.1759502e-13   2.1028497e-01   1.0000000e+00   4.6198657e-03
   2.2256897e+05   4.2724933e-01   1.0887798e-02   6.0716300e-13   4.3813713e-01   1.0000000e+00   4.6195808e-03
   5.5567397e+04   2.4932022e+02   1.5535304e+00   4.9840468e-14   2.5087375e+02   1.0000000e+00   4.6162569e-03
   2.5813134e+05   2.0038917e-01   1.0000000e-02   8.1742022e-13   2.1038917e-01   1.0000000e+00   4.5910459e-03
   1.9235319e+05   8.2588977e-01   1.1038620e-02   4.6921388e-13   8.3692839e-01   1.0000000e+00   4.5868660e-03
   1.8656960e+05   8.5763593e-01   2.7611140e-02   4.5786322e-13   8.8524707e-01   1.0000000e+00   4.5860467e-03
   1.4265183e+05   2.9899948e+00   4.1952118e-02   2.7956565e-13   3.0319469e+00   1.0000000e+00   4.5775772e-03
   4.2225065e+04   9.9227855e+02   6.1885447e+00   3.0273945e-14   9.9846709e+02   1.0000000e+00   4.5756703e-03
   1.6093580e+05   1.3105777e+00   3.7380074e-02   3.8822735e-13   1.3479578e+00   1.0000000e+00   4.5751842e-03
   2.5248056e+05   1.8640284e-01   1.0023228e-02   8.4070636e-13   1.9642607e-01   1.0000000e+00   4.5715358e-03
   6.8398604e+04   1.1721242e+02   8.2845205e-01   6.6160281e-14   1.1804087e+02   1.0000000e+00   4.5601848e-03
   4.6498320e+04   6.9429825e+02   4.1127016e+00   3.4296181e-14   6.9841095e+02   1.0000000e+00   4.5574493e-03
   4.2240979e+04   1.0000000e+03   1.5248898e+01   3.0166248e-14   1.0152489e+03   1.0000000e+00   4.5563876e-03
   2.1003635e+05   4.6285688e-01   1.0808279e-02   5.8795415e-13   4.7366515e-01   1.0000000e+00   4.5489616e-03
   4.5240998e+04   6.0965452e+02   3.3647053e+00   3.5982023e-14   6.1301923e+02   1.0000000e+00   4.5393475e-03
   2.2037819e+05   4.0423257e-01   1.0023082e-02   6.2046820e-13   4.1425565e-01   1.0000000e+00   4.5232705e-03
   1.1546383e+05   1.3537521e+01   3.2500874e-01   1.5385077e-13   1.3862530e+01   1.0000000e+00   4.5190747e-03
   4.5891861e+04   8.3909759e+02   4.7849911e+00   3.2127821e-14   8.4388258e+02   1.0000000e+00   4.5184112e-03
   2.2934461e+05   2.4877682e-01   1.0000000e-02   7.5211149e-13   2.5877682e-01   1.0000000e+00   4.5113155e-03
   4.8365328e+04   4.8095607e+02   3.2635249e+00   3.9130452e-14   4.8421959e+02   1.0000000e+00   4.4988598e-03
   7.0601618e+04   1.0175759e+02   1.0473199e+00   6.9757402e-14   1.0280491e+02   1.0000000e+00   4.4740604e-03
   1.6238923e+05   1.4959245e+00   5.2247953e-02   3.6675232e-13   1.5481725e+00   1.0000000e+00   4.4619079e-03
   6.1478254e+04   1.7223715e+02   1.2584493e+00   5.7172233e-14   1.7349559e+02   1.0000000e+00   4.4506222e-03
   5.3714144e+04   3.4002276e+02   2.2414434e+00   4.4360427e-14   3.4226420e+02   1.0000000e+00   4.4140073e-03
   2.1440242e+05   5.5428852e-01   1.0000000e-02   5.4977140e-13   5.6428852e-01   1.0000000e+00   4.4088258e-03
   1.8656950e+05   7.3449515e-01   1.0000000e-02   4.9199541e-13   7.4449515e-01   1.0000000e+00   4.4081473e-03
   2.6843728e+05   1.9007620e-01   1.0000000e-02   8.3634846e-13   2.0007620e-01   1.0000000e+00   4.3976060e-03
   2.3711141e+05   2.5257961e-01   1.0000000e-02   7.4609049e-13   2.6257961e-01   1.0000000e+00   4.3758428e-03
   2.6961436e+05   1.4035810e-01   1.0000312e-02   9.3994355e-13   1.5035841e-01   1.0000000e+00   4.3756966e-03
   1.6252889e+05   2.6174766e+00   5.1924627e-02   2.9623235e-13   2.6694013e+00   1.0000000e+00   4.3730099e-03
   1.5305276e+05   1.7806829e+00   3.2204311e-02   3.4404231e-13   1.8128873e+00   1.0000000e+00   4.3696827e-03
   1.6766445e+05   1.1606816e+00   2.7043460e-02   4.0741726e-13   1.1877250e+00   1.0000000e+00   4.3579482e-03
   2.3807375e+05   2.6326390e-01   1.0000000e-02   7.3392923e-13   2.7326390e-01   1.0000000e+00   4.3572405e-03
   4.4290188e+04   7.9236545e+02   4.5269827e+00   3.2741694e-14   7.9689243e+02   1.0000000e+00   4.3517600e-03
   1.8640845e+05   8.7695583e-01   2.4807386e-02   4.5418421e-13   9.0176321e-01   1.0000000e+00   4.3466605e-03
   2.9200310e+05   1.0330918e-01   1.0000000e-02   1.0606881e-12   1.1330918e-01   1.0000000e+00   4.3427724e-03
   2.4574820e+05   2.0573712e-01   1.0000000e-02   8.0888222e-13   2.1573712e-01   1.0000000e+00   4.3343755e-03
   4.7219547e+04   6.4745132e+02   3.8712655e+00   3.5154011e-14   6.5132258e+02   1.0000000e+00   4.3323807e-03
   4.9525818e+04   4.7935957e+02   5.8696994e+00   3.9108007e-14   4.8522927e+02   1.0000000e+00   4.3303082e-03
   4.4282255e+04   7.9219123e+02   4.5540897e+00   3.2743949e-14   7.9674532e+02   1.0000000e+00   4.3295132e-03
   4.2627284e+04   8.4990556e+02   5.5900796e+00   3.1961921e-14   8.5549564e+02   1.0000000e+00   4.3078600e-03
   2.7618013e+05   1.2209154e-01   1.0269170e-02   9.9297879e-13   1.3236071e-01   1.0000000e+00   4.3067926e-03
   5.7897909e+04   2.2611608e+02   1.8237641e+00   5.1601307e-14   2.2793985e+02   1.0000000e+00   4.3051368e-03
   4.7746420e+04   7.1349022e+02   4.4366872e+00   3.4006495e-14   7.1792691e+02   1.0000000e+00   4.2894177e-03
   8.2363217e+04   6.8428570e+01   6.0036459e-01   8.1772725e-14   6.9028935e+01   1.0000000e+00   4.2836421e-03
   1.4627016e+05   3.1326447e+00   9.4360572e-02   2.7314977e-13   3.2270053e+00   1.0000000e+00   4.2673234e-03
   5.9087525e+04   2.2213469e+02   1.7382378e+00   5.1926682e-14   2.2387293e+02   1.0000000e+00   4.2670000e-03
   2.1910765e+05   4.7823466e-01   1.4024151e-02   5.7978273e-13   4.9225881e-01   1.0000000e+00   4.2629131e-03
   2.7828657e+05   1.3393132e-01   1.0000000e-02   9.5762529e-13   1.4393132e-01   1.0000000e+00   4.2457243e-03
   2.8920642e+05   1.0244080e-01   1.0047084e-02   1.0641189e-12   1.1248789e-01   1.0000000e+00   4.2364656e-03
   2.7048848e+05   1.3084260e-01   1.0000000e-02   9.6656470e-13   1.4084260e-01   1.0000000e+00   4.2336985e-03
   6.1389209e+04   1.8132762e+02   7.5986303e-01   5.6179010e-14   1.8208749e+02   1.0000000e+00   4.2277213e-03
   5.9176985e+04   2.3422504e+02   1.9242437e+00   5.0900907e-14   2.3614928e+02   1.0000000e+00   4.2198915e-03
   5.0081730e+04   4.6667320e+02   3.1827654e+00   3.9519981e-14   4.6985597e+02   1.0000000e+00   4.2197006e-03
   4.9076269e+04   5.5132300e+02   4.7334546e+00   3.7204030e-14   5.5605646e+02   1.0000000e+00   4.2117942e-03
   8.4162709e+04   6.7993449e+01   5.9127093e-01   8.2268596e-14   6.8584720e+01   1.0000000e+00   4.2030178e-03
   2.7598068e+05   1.2206419e-01   1.0256959e-02   9.9309031e-13   1.3232114e-01   1.0000000e+00   4.2009855e-03
   4.1944923e+04   1.0000000e+03   5.4190261e+00   3.0201195e-14   1.0054190e+03   1.0000000e+00   4.1917626e-03
   1.9741688e+05   6.1444200e-01   1.0000000e-02   5.2695873e-13   6.2444200e-01   1.0000000e+00   4.1863554e-03
   2.5343214e+05   1.8723443e-01   1.0000000e-02   8.3916506e-13   1.9723443e-01   1.0000000e+00   4.1770928e-03
   1.0708638e+05   1.4916355e+01   8.2940106e-02   1.4854738e-13   1.4999295e+01   1.0000000e+00   4.1528698e-03
   4.5901433e+04   7.4626658e+02   3.5119418e+00   3.3452866e-14   7.4977852e+02   1.0000000e+00   4.1518877e-03
   1.8704670e+05   6.9863951e-01   2.9355011e-02   4.9709941e-13   7.2799452e-01   1.0000000e+00   4.1365753e-03
   4.7385620e+04   6.2492545e+02   3.7842603e+00   3.5596876e-14   6.2870971e+02   1.0000000e+00   4.1281842e-03
   4.6282464e+04   6.8108910e+02   4.2273077e+00   3.4525154e-14   6.8531640e+02   1.0000000e+00   4.1143516e-03
   4.3145985e+04   9.4872675e+02   5.7555628e+00   3.0748699e-14   9.5448231e+02   1.0000000e+00   4.1079795e-03
   9.8734915e+04   3.0971898e+01   5.1605204e-01   1.1146468e-13   3.1487950e+01   1.0000000e+00   4.1031979e-03
   4.2651470e+04   9.9078903e+02   5.9500209e+00   3.0291889e-14   9.9673905e+02   1.0000000e+00   4.1007005e-03
   1.9423260e+05   6.8889029e-01   1.0000000e-02   5.0397442e-13   6.9889029e-01   1.0000000e+00   4.1003866e-03
   8.9524694e+04   4.6643741e+01   1.1598378e+00   9.4681290e-14   4.7803579e+01   1.0000000e+00   4.0914461e-03
   4.2315451e+04   9.9998352e+02   1.4579308e+01   3.0167188e-14   1.0145628e+03   1.0000000e+00   4.0911585e-03
   2.3101871e+05   2.4760773e-01   1.0392882e-02   7.5288657e-13   2.5800061e-01   1.0000000e+00   4.0895473e-03
   2.4613794e+05   1.9503385e-01   1.0000000e-02   8.2641514e-13   2.0503385e-01   1.0000000e+00   4.0882349e-03
   8.8711433e+04   4.1021748e+01   1.1758433e+00   9.9086197e-14   4.2197591e+01   1.0000000e+00   4.0833481e-03
   1.8640845e+05   9.5297796e-01   4.3089452e-02   4.3829104e-13   9.9606741e-01   1.0000000e+00   4.0784124e-03
   2.9264910e+05   1.0143400e-01   1.0001145e-02   1.0683521e-12   1.1143514e-01   1.0000000e+00   4.0694991e-03
   4.6749649e+04   6.7102348e+02   4.1513906e+00   3.4708447e-14   6.7517487e+02   1.0000000e+00   4.0693394e-03
