   8.3020228e+05   1.0000000e-02   1.0000000e-03   2.5270330e-12   1.1000000e-02   1.0000000e+00             Inf
   8.2581281e+04   1.0000000e+03   1.0000000e+02   2.5492757e-14   1.1000000e+03   1.0000000e+00             Inf
   2.6762815e+06   2.0721176e-02   2.1151931e-02   9.8446304e-13   4.1873107e-02   1.0000000e+00   2.0739564e-02
   1.3750706e+05   3.5699943e+02   1.9395391e+01   3.3234402e-14   3.7639483e+02   1.0000000e+00   2.0000071e-02
   1.3188962e+05   3.7112816e+02   2.0683913e+01   3.2889703e-14   3.9181207e+02   1.0000000e+00   1.9541268e-02
   2.6533444e+06   2.1381824e-02   2.4383783e-02   9.4358806e-13   4.5765607e-02   1.0000000e+00   1.9494943e-02
   2.4457906e+06   1.0000015e-02   8.9263418e-03   1.4612666e-12   1.8926357e-02   1.0000000e+00   1.9331178e-02
   2.0615390e+06   1.0000000e-02   7.7222406e-03   1.5195798e-12   1.7722241e-02   1.0000000e+00   1.6598666e-02
   8.3570923e+04   9.8208435e+02   3.1649639e+01   2.5745417e-14   1.0137340e+03   1.0000000e+00   1.6147242e-02
   2.4942309e+06   1.0000000e-02   9.6885294e-03   1.4320236e-12   1.9688529e-02   1.0000000e+00   1.5499826e-02
   1.2000719e+05   3.8420995e+02   1.8519952e+01   3.2708742e-14   4.0272990e+02   1.0000000e+00   1.5009286e-02
   9.5131755e+04   7.3119575e+02   2.7898404e+01   2.7720150e-14   7.5909415e+02   1.0000000e+00   1.4617780e-02
   1.5283680e+06   1.0000000e-02   3.6871180e-03   1.8233318e-12   1.3687118e-02   1.0000000e+00   1.4537074e-02
   2.1627374e+06   1.0000000e-02   7.1560890e-03   1.5443302e-12   1.7156089e-02   1.0000000e+00   1.3997760e-02
   1.5268639e+06   1.0000000e-02   3.1049725e-03   1.9035817e-12   1.3104973e-02   1.0000000e+00   1.3648796e-02
   8.0434415e+04   9.6739047e+02   3.8423485e+01   2.5812771e-14   1.0058140e+03   1.0000000e+00   1.3503961e-02
   2.3653751e+06   2.8425136e-02   2.7197950e-02   8.5657141e-13   5.5623086e-02   1.0000000e+00   1.2880193e-02
   1.9746067e+06   1.0000086e-02   5.4343599e-03   1.6542437e-12   1.5434446e-02   1.0000000e+00   1.2830658e-02
   1.2327816e+05   4.6943084e+02   2.0585357e+01   3.1042494e-14   4.9001620e+02   1.0000000e+00   1.2818106e-02
   8.3061245e+04   8.9387595e+02   3.2676016e+01   2.6353941e-14   9.2655197e+02   1.0000000e+00   1.2485530e-02
   2.3649873e+06   3.9437461e-02   3.3348197e-02   7.5040650e-13   7.2785658e-02   1.0000000e+00   1.2297733e-02
   1.3956061e+06   1.0000000e-02   2.2634832e-03   2.0657892e-12   1.2263483e-02   1.0000000e+00   1.2197498e-02
   1.5190778e+06   1.0000000e-02   3.9487620e-03   1.7945245e-12   1.3948762e-02   1.0000000e+00   1.2127012e-02
   2.6490307e+06   1.7318722e-02   1.6001007e-02   1.1035681e-12   3.3319729e-02   1.0000000e+00   1.2126325e-02
   9.4761437e+04   9.0962072e+02   2.9768288e+01   2.6315967e-14   9.3938900e+02   1.0000000e+00   1.2042693e-02
   9.3712223e+04   7.4344331e+02   2.8585084e+01   2.7601322e-14   7.7202839e+02   1.0000000e+00   1.2042392e-02
   2.1603632e+06   4.1452970e-02   3.5890023e-02   7.3009652e-13   7.7342994e-02   1.0000000e+00   1.1884125e-02
   9.3177484e+04   8.1152244e+02   2.9536773e+01   2.7006833e-14   8.4105921e+02   1.0000000e+00   1.1871258e-02
   2.3947214e+06   3.1159635e-02   2.7884647e-02   8.3126484e-13   5.9044282e-02   1.0000000e+00   1.1786350e-02
   1.3632543e+05   3.9164465e+02   2.2407463e+01   3.2443132e-14   4.1405211e+02   1.0000000e+00   1.1732549e-02
   1.1672649e+05   4.4625190e+02   2.1092031e+01   3.1425080e-14   4.6734393e+02   1.0000000e+00   1.1615378e-02
   1.6998716e+05   2.1545387e+02   1.8620613e+01   3.7695980e-14   2.3407448e+02   1.0000000e+00   1.1604620e-02
   1.2038922e+05   4.6105135e+02   1.8008632e+01   3.1221522e-14   4.7905998e+02   1.0000000e+00   1.1419927e-02
   1.0415948e+06   1.0000000e-02   1.2791632e-03   2.3822618e-12   1.1279163e-02   1.0000000e+00   1.1411427e-02
   2.1215145e+06   1.0022192e-02   8.0389216e-03   1.5028101e-12   1.8061114e-02   1.0000000e+00   1.1285022e-02
   2.4473440e+06   1.1318093e-02   1.1668952e-02   1.3276312e-12   2.2987045e-02   1.0000000e+00   1.1139591e-02
   9.8113437e+04   6.6182329e+02   2.6211236e+01   2.8431118e-14   6.8803453e+02   1.0000000e+00   1.1065585e-02
   8.6687444e+04   9.9180104e+02   3.1725261e+01   2.5700351e-14   1.0235263e+03   1.0000000e+00   1.1063004e-02
   1.0864470e+05   5.4235448e+02   2.4325795e+01   2.9887673e-14   5.6668027e+02   1.0000000e+00   1.1060423e-02
   1.0845393e+06   1.0000000e-02   1.9721196e-03   2.1344357e-12   1.1972120e-02   1.0000000e+00   1.1036347e-02
   9.1848052e+04   7.6025292e+02   2.8107863e+01   2.7454774e-14   7.8836079e+02   1.0000000e+00   1.1013068e-02
   2.4460518e+06   1.2763271e-02   1.1958960e-02   1.2790370e-12   2.4722231e-02   1.0000000e+00   1.0660262e-02
   8.0827236e+04   1.0000000e+03   3.8246092e+01   2.5596433e-14   1.0382461e+03   1.0000000e+00   1.0611375e-02
   1.8364178e+05   1.6258498e+02   1.5251688e+01   4.0604900e-14   1.7783667e+02   1.0000000e+00   1.0547221e-02
   9.3607164e+04   7.7511532e+02   2.8842129e+01   2.7315945e-14   8.0395745e+02   1.0000000e+00   1.0510752e-02
   1.7945795e+05   2.1294271e+02   1.3659722e+01   3.7984711e-14   2.2660243e+02   1.0000000e+00   1.0462008e-02
   8.7746298e+04   8.5071595e+02   2.9669051e+01   2.6688282e-14   8.8038500e+02   1.0000000e+00   1.0430509e-02
   1.2484959e+06   1.0000000e-02   2.0596997e-03   2.1097866e-12   1.2059700e-02   1.0000000e+00   1.0420953e-02
   8.6878438e+04   9.6639793e+02   3.2529425e+01   2.5853609e-14   9.9892735e+02   1.0000000e+00   1.0395760e-02
   1.5049485e+06   1.0003037e-02   3.2217321e-03   1.8850820e-12   1.3224769e-02   1.0000000e+00   1.0376842e-02
   2.3799933e+06   2.6820980e-02   2.1425093e-02   9.2050335e-13   4.8246072e-02   1.0000000e+00   1.0318634e-02
   1.2484026e+06   1.0012786e-02   2.1475939e-03   2.0863708e-12   1.2160380e-02   1.0000000e+00   1.0316327e-02
   8.2663530e+04   1.0000000e+03   4.4599091e+01   2.5572047e-14   1.0445991e+03   1.0000000e+00   1.0268873e-02
   1.6448889e+06   1.0000000e-02   4.1539615e-03   1.7693231e-12   1.4153961e-02   1.0000000e+00   1.0260281e-02
   3.2701791e+05   5.9561865e+01   6.7518540e+00   5.3035681e-14   6.6313719e+01   1.0000000e+00   1.0149752e-02
   2.4275666e+06   3.0571284e-01   2.9268009e-01   2.7672295e-13   5.9839293e-01   1.0000000e+00   1.0137648e-02
   1.5554849e+05   3.0273337e+02   1.8082392e+01   3.4679192e-14   3.2081577e+02   1.0000000e+00   1.0127859e-02
   1.0559094e+06   1.0000000e-02   1.6658864e-03   2.2238301e-12   1.1665886e-02   1.0000000e+00   1.0051262e-02
   1.5213950e+06   1.0000000e-02   3.5471724e-03   1.8406190e-12   1.3547172e-02   1.0000000e+00   1.0039829e-02
   1.2859922e+05   3.8114534e+02   1.6540099e+01   3.2769196e-14   3.9768544e+02   1.0000000e+00   9.9977396e-03
   1.1059746e+05   5.3457660e+02   2.1585643e+01   3.0030618e-14   5.5616224e+02   1.0000000e+00   9.9865578e-03
   1.2547612e+06   1.0000000e-02   2.0318246e-03   2.1176639e-12   1.2031825e-02   1.0000000e+00   9.8536205e-03
   1.2235381e+05   4.2904850e+02   2.0449168e+01   3.1732768e-14   4.4949767e+02   1.0000000e+00   9.7859782e-03
   2.0252805e+06   1.0113420e-02   5.6153242e-03   1.6365181e-12   1.5728745e-02   1.0000000e+00   9.7539533e-03
   1.9999081e+05   1.3792576e+02   1.2783417e+01   4.2410811e-14   1.5070918e+02   1.0000000e+00   9.7399434e-03
   1.3843261e+05   3.9976638e+02   2.3059790e+01   3.2293095e-14   4.2282617e+02   1.0000000e+00   9.6828625e-03
   1.4681340e+06   1.0000000e-02   3.0007358e-03   1.9192246e-12   1.3000736e-02   1.0000000e+00   9.6180565e-03
   1.6014218e+05   2.7344797e+02   1.8747883e+01   3.5531126e-14   2.9219585e+02   1.0000000e+00   9.5660339e-03
   2.4464770e+06   1.2576260e-01   8.3302167e-02   4.5563938e-13   2.0906477e-01   1.0000000e+00   9.4698415e-03
   1.4814717e+06   1.0000000e-02   3.8751366e-03   1.8042547e-12   1.3875137e-02   1.0000000e+00   9.4636079e-03
   1.4921991e+06   1.0003783e-02   2.9525350e-03   1.9276413e-12   1.2956318e-02   1.0000000e+00   9.4625167e-03
   2.4457679e+06   1.1705744e-02   1.0889233e-02   1.3375724e-12   2.2594977e-02   1.0000000e+00   9.4601713e-03
   2.4153908e+06   3.9393497e-01   2.9362975e-01   2.6171965e-13   6.8756471e-01   1.0000000e+00   9.4315191e-03
   1.5261101e+06   1.0003982e-02   2.8741554e-03   1.9428951e-12   1.2878138e-02   1.0000000e+00   9.3727636e-03
   1.0910329e+06   1.0000000e-02   2.1531183e-03   2.0915957e-12   1.2153118e-02   1.0000000e+00   9.3606720e-03
   8.5647079e+05   1.0000000e-02   1.3020087e-03   2.3713328e-12   1.1302009e-02   1.0000000e+00   9.3461926e-03
   1.1965621e+05   4.4946485e+02   2.3765664e+01   3.1318125e-14   4.7323052e+02   1.0000000e+00   9.3443730e-03
   1.0530925e+05   6.5860612e+02   2.2132148e+01   2.8529301e-14   6.8073827e+02   1.0000000e+00   9.3191098e-03
   2.5129399e+06   2.2539395e-02   2.3974297e-02   9.3570621e-13   4.6513693e-02   1.0000000e+00   9.2304519e-03
   9.7663794e+04   7.4818418e+02   2.9596450e+01   2.7557118e-14   7.7778063e+02   1.0000000e+00   9.2247174e-03
   1.0572639e+05   6.4708667e+02   2.2403034e+01   2.8646829e-14   6.6948971e+02   1.0000000e+00   9.1663946e-03
   1.5240895e+06   1.0413776e+00   4.4528515e-01   1.8877420e-13   1.4866627e+00   1.0000000e+00   9.0794297e-03
   9.2918957e+04   8.1945320e+02   3.0453752e+01   2.6935873e-14   8.4990695e+02   1.0000000e+00   8.9483531e-03
   2.0069473e+06   1.0329772e-02   6.4914464e-03   1.5699136e-12   1.6821219e-02   1.0000000e+00   8.9198485e-03
   9.2020113e+04   7.7971323e+02   3.2559829e+01   2.7249249e-14   8.1227306e+02   1.0000000e+00   8.9151099e-03
   1.0332261e+05   6.3415992e+02   2.2155027e+01   2.8779950e-14   6.5631495e+02   1.0000000e+00   8.8806357e-03
   1.9671992e+05   1.4169985e+02   1.4194316e+01   4.2061207e-14   1.5589416e+02   1.0000000e+00   8.8570251e-03
   9.6831261e+05   1.0000000e-02   1.5275554e-03   2.2744277e-12   1.1527555e-02   1.0000000e+00   8.8220860e-03
   9.2427914e+04   7.9996237e+02   3.2252664e+01   2.7079564e-14   8.3221503e+02   1.0000000e+00   8.7914243e-03
   2.3713787e+06   5.6067472e-02   4.8565493e-02   6.2786364e-13   1.0463297e-01   1.0000000e+00   8.7705715e-03
   1.1035869e+05   5.5744349e+02   2.4750309e+01   2.9679151e-14   5.8219380e+02   1.0000000e+00   8.6557888e-03
   1.0367381e+05   5.8386404e+02   2.4533658e+01   2.9347624e-14   6.0839770e+02   1.0000000e+00   8.6382497e-03
   1.9988460e+06   1.0000000e-02   5.2605103e-03   1.6686135e-12   1.5260510e-02   1.0000000e+00   8.6070778e-03
   2.4663073e+06   1.2171082e-01   9.9888847e-02   4.3794851e-13   2.2159967e-01   1.0000000e+00   8.5998393e-03
   1.0392961e+06   1.0000000e-02   1.7143480e-03   2.2088963e-12   1.1714348e-02   1.0000000e+00   8.5631589e-03
   1.4773155e+05   2.9657107e+02   1.8204493e+01   3.4825732e-14   3.1477556e+02   1.0000000e+00   8.5399480e-03
   8.4642403e+04   8.8594043e+02   3.2650635e+01   2.6406014e-14   9.1859106e+02   1.0000000e+00   8.5229544e-03
   8.7329812e+04   8.8394136e+02   3.0270409e+01   2.6432150e-14   9.1421177e+02   1.0000000e+00   8.4574579e-03
   2.2338554e+06   2.1786407e-01   1.4288988e-01   3.5024168e-13   3.6075395e-01   1.0000000e+00   8.4445827e-03
   8.0857607e+04   1.0000000e+03   3.2948902e+01   2.5622548e-14   1.0329489e+03   1.0000000e+00   8.4278695e-03
   2.0463948e+06   1.0000402e-02   6.1842586e-03   1.6014557e-12   1.6184660e-02   1.0000000e+00   8.3734568e-03
   1.2308473e+06   1.0000000e-02   2.3009081e-03   2.0511844e-12   1.2300908e-02   1.0000000e+00   8.3717782e-03
   2.0117864e+05   1.5795869e+02   1.3107018e+01   4.0930225e-14   1.7106571e+02   1.0000000e+00   8.3693799e-03
   1.5081286e+06   1.1127122e-01   5.7056258e-02   5.1428434e-13   1.6832747e-01   1.0000000e+00   8.3439109e-03
   1.0435041e+06   1.0000000e-02   1.5556657e-03   2.2622123e-12   1.1555666e-02   1.0000000e+00   8.3411401e-03
   8.8709189e+05   1.0000000e-02   1.3417233e-03   2.3514076e-12   1.1341723e-02   1.0000000e+00   8.3365029e-03
   2.2080512e+06   7.3132524e-02   7.0061390e-02   5.4062438e-13   1.4319391e-01   1.0000000e+00   8.3294083e-03
   2.5870165e+06   5.0943539e-02   4.2318806e-02   6.6625372e-13   9.3262344e-02   1.0000000e+00   8.2798979e-03
   2.0517702e+06   1.0000000e-02   6.0317677e-03   1.6115092e-12   1.6031768e-02   1.0000000e+00   8.2706338e-03
   1.1251571e+05   6.0117435e+02   2.4618954e+01   2.9164482e-14   6.2579331e+02   1.0000000e+00   8.2666996e-03
   2.1484518e+06   1.0068589e-02   6.4266083e-03   1.5837369e-12   1.6495197e-02   1.0000000e+00   8.2552413e-03
   8.3578693e+05   1.0000000e-02   1.1344820e-03   2.4503305e-12   1.1134482e-02   1.0000000e+00   8.2290306e-03
   1.1349097e+05   5.9443564e+02   2.3951666e+01   2.9257631e-14   6.1838731e+02   1.0000000e+00   8.1942669e-03
   2.4856714e+06   2.0039592e-02   1.7375239e-02   1.0421502e-12   3.7414830e-02   1.0000000e+00   8.1934318e-03
   2.5651097e+05   8.3128814e+01   7.7020542e+00   4.8642344e-14   9.0830868e+01   1.0000000e+00   8.1887228e-03
   8.3918042e+04   9.4814938e+02   3.1480791e+01   2.5969930e-14   9.7963017e+02   1.0000000e+00   8.1707631e-03
   2.2588647e+05   1.5220047e+02   1.1927655e+01   4.1484233e-14   1.6412812e+02   1.0000000e+00   8.1571182e-03
   8.8378839e+04   8.7245038e+02   3.0880022e+01   2.6514038e-14   9.0333040e+02   1.0000000e+00   8.1549528e-03
   9.2046514e+04   7.6848354e+02   3.2272077e+01   2.7349904e-14   8.0075561e+02   1.0000000e+00   8.1094858e-03
   8.7884675e+05   1.0000000e-02   1.1881584e-03   2.4207063e-12   1.1188158e-02   1.0000000e+00   8.0853337e-03
   2.3446085e+06   2.7570743e-02   2.5595194e-02   8.7587687e-13   5.3165937e-02   1.0000000e+00   8.0804208e-03
   1.7260043e+05   2.3609564e+02   1.5206416e+01   3.6964764e-14   2.5130206e+02   1.0000000e+00   8.0741519e-03
   9.1626351e+04   8.0576810e+02   3.1125548e+01   2.7038103e-14   8.3689365e+02   1.0000000e+00   8.0693150e-03
   1.6697119e+05   2.6921399e+02   1.7848693e+01   3.5724285e-14   2.8706269e+02   1.0000000e+00   8.0429017e-03
   2.3256320e+06   1.3096780e-02   1.2360171e-02   1.2625275e-12   2.5456951e-02   1.0000000e+00   7.9975081e-03
   2.5133375e+06   1.0039496e-02   9.9136236e-03   1.4224955e-12   1.9953119e-02   1.0000000e+00   7.9916142e-03
   1.0407593e+06   1.0000156e-02   1.4973082e-03   2.2842809e-12   1.1497464e-02   1.0000000e+00   7.9670167e-03
   8.9238310e+05   1.0000000e-02   1.3222492e-03   2.3588820e-12   1.1322249e-02   1.0000000e+00   7.9652286e-03
   1.2573936e+05   4.1437489e+02   2.3624432e+01   3.1956102e-14   4.3799932e+02   1.0000000e+00   7.9635233e-03
   2.4359460e+06   4.7002200e-02   3.7997082e-02   6.9640392e-13   8.4999282e-02   1.0000000e+00   7.9552383e-03
   2.3292593e+06   6.0039858e-02   5.5277712e-02   5.9885557e-13   1.1531757e-01   1.0000000e+00   7.9315418e-03
   8.3314800e+04   1.0000000e+03   9.1975682e+01   2.5498861e-14   1.0919757e+03   1.0000000e+00   7.9185622e-03
   1.0381914e+05   5.7227984e+02   2.2489435e+01   2.9523106e-14   5.9476928e+02   1.0000000e+00   7.8981267e-03
   2.4899052e+06   1.7525929e-02   1.6960544e-02   1.0839369e-12   3.4486473e-02   1.0000000e+00   7.8954599e-03
   2.4159065e+06   1.5709720e-02   1.5120786e-02   1.1466235e-12   3.0830506e-02   1.0000000e+00   7.8953511e-03
   9.1513553e+04   8.3214940e+02   3.2114221e+01   2.6819764e-14   8.6426362e+02   1.0000000e+00   7.8926245e-03
   2.0596033e+05   1.2489869e+02   1.2023370e+01   4.3552423e-14   1.3692207e+02   1.0000000e+00   7.8292654e-03
   4.9176776e+05   2.8040878e+01   3.0775648e+00   6.6597655e-14   3.1118443e+01   1.0000000e+00   7.8175238e-03
   2.3332097e+06   5.1241911e-02   4.4562549e-02   6.5558599e-13   9.5804460e-02   1.0000000e+00   7.7911830e-03
   2.4465435e+06   1.1736443e-02   1.1868714e-02   1.3097085e-12   2.3605157e-02   1.0000000e+00   7.7661179e-03
   9.2537690e+04   8.5837479e+02   2.9646455e+01   2.6644583e-14   8.8802125e+02   1.0000000e+00   7.7481983e-03
   2.2486272e+06   1.0000000e-02   8.5154640e-03   1.4803787e-12   1.8515464e-02   1.0000000e+00   7.7324644e-03
   8.2579391e+05   1.0000000e-02   1.1595757e-03   2.4388312e-12   1.1159576e-02   1.0000000e+00   7.7275933e-03
   8.7783875e+05   1.0000000e-02   1.2316693e-03   2.3998788e-12   1.1231669e-02   1.0000000e+00   7.7255410e-03
   2.3863962e+06   2.8011756e-02   2.6676853e-02   8.6347525e-13   5.4688609e-02   1.0000000e+00   7.7196629e-03
   2.2570643e+05   1.4811207e+02   1.2040468e+01   4.1730222e-14   1.6015254e+02   1.0000000e+00   7.7161387e-03
   1.0898348e+05   5.8833215e+02   2.4198095e+01   2.9296267e-14   6.1253025e+02   1.0000000e+00   7.6932891e-03
   2.4130735e+06   8.7241589e-02   8.2924758e-02   4.9575562e-13   1.7016635e-01   1.0000000e+00   7.6893649e-03
   1.1090421e+05   5.2670118e+02   2.1525728e+01   3.0142563e-14   5.4822691e+02   1.0000000e+00   7.6825431e-03
   2.4934142e+06   1.0000000e-02   1.0278819e-02   1.4120336e-12   2.0278819e-02   1.0000000e+00   7.6716839e-03
   2.3303394e+05   8.8508410e+01   8.2142551e+00   4.7947441e-14   9.6722666e+01   1.0000000e+00   7.6648237e-03
   8.2555974e+05   1.0000000e-02   1.2201251e-03   2.4107740e-12   1.1220125e-02   1.0000000e+00   7.6428673e-03
   2.5115655e+06   1.0000000e-02   1.1128460e-02   1.3860805e-12   2.1128460e-02   1.0000000e+00   7.6109669e-03
   2.2539760e+06   3.4408682e-01   3.9894319e-01   2.5345855e-13   7.4303001e-01   1.0000000e+00   7.6106622e-03
   2.7143497e+05   5.6788285e+01   6.4388631e+00   5.4165567e-14   6.3227148e+01   1.0000000e+00   7.6049371e-03
   1.1754098e+05   4.4041887e+02   2.0134155e+01   3.1543942e-14   4.6055302e+02   1.0000000e+00   7.5971286e-03
   2.5796505e+06   5.2230948e-02   4.9150876e-02   6.3738079e-13   1.0138182e-01   1.0000000e+00   7.5657298e-03
   1.0459607e+05   6.2633463e+02   2.3887875e+01   2.8846624e-14   6.5022250e+02   1.0000000e+00   7.5248982e-03
   1.5266113e+06   1.0003704e-02   2.8302173e-03   1.9510874e-12   1.2833921e-02   1.0000000e+00   7.4692357e-03
   2.1142278e+06   3.9617974e-02   4.1123911e-02   7.2069598e-13   8.0741885e-02   1.0000000e+00   7.4259713e-03
   1.6156214e+05   2.5246044e+02   1.7350416e+01   3.6269416e-14   2.6981086e+02   1.0000000e+00   7.4184836e-03
   1.4258779e+05   3.4561188e+02   1.8239068e+01   3.3537974e-14   3.6385094e+02   1.0000000e+00   7.4093545e-03
   2.4706569e+06   1.8458845e-02   1.4459585e-02   1.1142678e-12   3.2918431e-02   1.0000000e+00   7.4030600e-03
   1.6669851e+05   2.6574437e+02   1.7737229e+01   3.5833260e-14   2.8348160e+02   1.0000000e+00   7.4016742e-03
   2.3025776e+06   6.5879800e-02   5.7639968e-02   5.7920833e-13   1.2351977e-01   1.0000000e+00   7.3875716e-03
   2.3059488e+06   2.1235791e-01   1.6972640e-01   3.3869623e-13   3.8208432e-01   1.0000000e+00   7.3844566e-03
   2.2743199e+06   2.6733036e-02   2.5687415e-02   8.8368359e-13   5.2420451e-02   1.0000000e+00   7.3651542e-03
   1.4043275e+05   3.2365859e+02   1.7617418e+01   3.4094290e-14   3.4127600e+02   1.0000000e+00   7.3546139e-03
   1.3959066e+06   1.0000000e-02   2.6708142e-03   1.9762050e-12   1.2670814e-02   1.0000000e+00   7.3524753e-03
   2.4993392e+06   1.8151092e-02   1.7074388e-02   1.0725753e-12   3.5225480e-02   1.0000000e+00   7.3436299e-03
   2.0147408e+06   1.0000000e-02   5.8747169e-03   1.6221443e-12   1.5874717e-02   1.0000000e+00   7.3298763e-03
   1.2299289e+05   4.7246167e+02   2.0597764e+01   3.0993377e-14   4.9305944e+02   1.0000000e+00   7.3260542e-03
   9.0746715e+05   1.0000356e-02   1.1012332e-03   2.4677105e-12   1.1101590e-02   1.0000000e+00   7.3053855e-03
   8.2771767e+04   9.9978969e+02   9.5857672e+01   2.5496876e-14   1.0956474e+03   1.0000000e+00   7.2973476e-03
   2.5828828e+06   5.1220614e-02   4.7231725e-02   6.4677556e-13   9.8452339e-02   1.0000000e+00   7.2826673e-03
   1.1414117e+05   5.1110838e+02   1.8849732e+01   3.0415917e-14   5.2995811e+02   1.0000000e+00   7.2800234e-03
   8.6514659e+04   9.1620953e+02   2.9757301e+01   2.6203803e-14   9.4596683e+02   1.0000000e+00   7.2541736e-03
   8.5071899e+04   9.1857364e+02   3.2502692e+01   2.6167665e-14   9.5107633e+02   1.0000000e+00   7.2532029e-03
   1.7472643e+05   1.8445451e+02   1.3736477e+01   3.9393590e-14   1.9819099e+02   1.0000000e+00   7.2467291e-03
   2.4195955e+06   1.8542758e-02   1.7565799e-02   1.0599857e-12   3.6108557e-02   1.0000000e+00   7.2462309e-03
   8.8528670e+05   1.0000000e-02   1.1674130e-03   2.4309997e-12   1.1167413e-02   1.0000000e+00   7.2455409e-03
   2.3776305e+06   1.4610916e-01   1.2889036e-01   3.9446551e-13   2.7499952e-01   1.0000000e+00   7.2445588e-03
   2.1636505e+06   4.2938074e-02   3.8648540e-02   7.1152981e-13   8.1586615e-02   1.0000000e+00   7.2431061e-03
   8.1694370e+04   1.0000000e+03   7.2486157e+01   2.5517471e-14   1.0724862e+03   1.0000000e+00   7.2392626e-03
   2.3935383e+06   1.5438993e-02   1.4311137e-02   1.1671303e-12   2.9750130e-02   1.0000000e+00   7.2019296e-03
   2.4371958e+06   1.8172947e-02   1.4254000e-02   1.1220851e-12   3.2426947e-02   1.0000000e+00   7.1826406e-03
   1.2732087e+06   1.0000000e-02   2.3741105e-03   2.0349164e-12   1.2374111e-02   1.0000000e+00   7.1792870e-03
   1.6555641e+05   2.5766489e+02   1.8485059e+01   3.6068477e-14   2.7614995e+02   1.0000000e+00   7.1324396e-03
   2.0567512e+06   1.0000000e-02   6.3569283e-03   1.5905634e-12   1.6356928e-02   1.0000000e+00   7.0834452e-03
   2.9747103e+05   6.5921512e+01   7.3308374e+00   5.1574368e-14   7.3252350e+01   1.0000000e+00   7.0699201e-03
   9.2177786e+04   8.2689404e+02   2.9698358e+01   2.6880117e-14   8.5659240e+02   1.0000000e+00   7.0607073e-03
   8.7690813e+05   1.0000000e-02   1.0821254e-03   2.4776910e-12   1.1082125e-02   1.0000000e+00   7.0598650e-03
   1.4032563e+06   1.0000000e-02   2.7499821e-03   1.9615794e-12   1.2749982e-02   1.0000000e+00   7.0255402e-03
   2.3872597e+06   1.5568711e-01   1.3103787e-01   3.8707562e-13   2.8672498e-01   1.0000000e+00   7.0047822e-03
   2.4301998e+06   5.9029408e-02   5.0080309e-02   6.1545843e-13   1.0910972e-01   1.0000000e+00   6.9763273e-03
   2.3735090e+06   1.5388241e+00   9.2288183e-01   1.6189262e-13   2.4617060e+00   1.0000000e+00   6.9648610e-03
   9.9724287e+04   6.8432581e+02   2.7194701e+01   2.8185389e-14   7.1152051e+02   1.0000000e+00   6.9481030e-03
   8.7276052e+05   1.0000000e-02   1.1143315e-03   2.4594164e-12   1.1114331e-02   1.0000000e+00   6.9477397e-03
   9.5471517e+04   7.1658543e+02   2.7501083e+01   2.7862905e-14   7.4408651e+02   1.0000000e+00   6.9278630e-03
   9.8605013e+05   1.0000000e-02   1.3641663e-03   2.3380280e-12   1.1364166e-02   1.0000000e+00   6.9040443e-03
   2.5629728e+05   1.1131242e+02   1.2103487e+01   4.4770635e-14   1.2341591e+02   1.0000000e+00   6.8944048e-03
   1.1104802e+05   5.3633764e+02   2.3059095e+01   2.9984612e-14   5.5939674e+02   1.0000000e+00   6.8912901e-03
   5.5293661e+05   2.3091526e+01   2.9568385e+00   7.0200383e-14   2.6048364e+01   1.0000000e+00   6.8798157e-03
   8.5360210e+04   1.0000000e+03   4.9528674e+01   2.5566718e-14   1.0495287e+03   1.0000000e+00   6.8686687e-03
   1.6922986e+06   1.0000000e-02   4.4732624e-03   1.7370754e-12   1.4473262e-02   1.0000000e+00   6.8567432e-03
   1.7167244e+06   1.0000000e-02   5.0337831e-03   1.6886966e-12   1.5033783e-02   1.0000000e+00   6.8560138e-03
   2.0858384e+06   1.0000000e-02   6.9806723e-03   1.5545941e-12   1.6980672e-02   1.0000000e+00   6.8336946e-03
   1.1022166e+06   1.0000000e-02   1.9264266e-03   2.1452715e-12   1.1926427e-02   1.0000000e+00   6.8225307e-03
   1.0826909e+05   5.7734679e+02   2.2895754e+01   2.9445813e-14   6.0024255e+02   1.0000000e+00   6.8006623e-03
   8.0964508e+05   1.0004772e-02   1.0389837e-03   2.5038439e-12   1.1043756e-02   1.0000000e+00   6.7861563e-03
   1.1047993e+06   1.0000000e-02   1.9029695e-03   2.1515023e-12   1.1902969e-02   1.0000000e+00   6.7783472e-03
   1.4255930e+05   3.2883461e+02   1.7445942e+01   3.3965051e-14   3.4628055e+02   1.0000000e+00   6.7571404e-03
   1.5614729e+06   1.0000000e-02   3.3642980e-03   1.8651674e-12   1.3364298e-02   1.0000000e+00   6.7479343e-03
   2.3819180e+06   9.7925791e-02   5.7424978e-02   5.3026380e-13   1.5535077e-01   1.0000000e+00   6.7424355e-03
   2.2701676e+05   1.3707331e+02   8.4571340e+00   4.2857416e-14   1.4553045e+02   1.0000000e+00   6.7186714e-03
   1.0843878e+06   1.0000000e-02   1.8505099e-03   2.1668125e-12   1.1850510e-02   1.0000000e+00   6.7180221e-03
   2.3415384e+06   1.4216906e-01   1.1800736e-01   4.0513780e-13   2.6017642e-01   1.0000000e+00   6.7055952e-03
   1.7310972e+06   1.0000000e-02   4.8306010e-03   1.7045776e-12   1.4830601e-02   1.0000000e+00   6.7042912e-03
   1.3691608e+05   3.9269732e+02   2.2832189e+01   3.2419400e-14   4.1552951e+02   1.0000000e+00   6.7031250e-03
   1.5505499e+06   1.0000000e-02   3.4194657e-03   1.8573268e-12   1.3419466e-02   1.0000000e+00   6.6843788e-03
   1.5759171e+06   1.0000000e-02   3.4862425e-03   1.8484464e-12   1.3486243e-02   1.0000000e+00   6.6791054e-03
   8.3396801e+04   9.3238088e+02   2.9272934e+01   2.6094210e-14   9.6165381e+02   1.0000000e+00   6.6509841e-03
   2.3187128e+06   2.3883532e-01   1.8426799e-01   3.2357699e-13   4.2310331e-01   1.0000000e+00   6.6474992e-03
   2.3318371e+06   5.6164721e-02   5.4908694e-02   6.1042672e-13   1.1107342e-01   1.0000000e+00   6.6426953e-03
   2.3979948e+06   2.1204645e-02   1.7921703e-02   1.0196327e-12   3.9126348e-02   1.0000000e+00   6.6228416e-03
   2.1676340e+06   1.9672299e-01   1.3618280e-01   3.6214052e-13   3.3290579e-01   1.0000000e+00   6.5736377e-03
   2.0197199e+05   1.5624112e+02   1.2594434e+01   4.1071357e-14   1.6883556e+02   1.0000000e+00   6.5284299e-03
   2.4172641e+05   1.0956765e+02   1.1695108e+01   4.4924260e-14   1.2126276e+02   1.0000000e+00   6.5241826e-03
   5.0913263e+05   1.0814790e+01   3.3306644e+00   8.5801592e-14   1.4145455e+01   1.0000000e+00   6.4917670e-03
   8.1681415e+04   9.9912241e+02   5.8958468e+01   2.5543043e-14   1.0580809e+03   1.0000000e+00   6.4855769e-03
   9.3327815e+05   1.0000000e-02   1.4014636e-03   2.3236585e-12   1.1401464e-02   1.0000000e+00   6.4794279e-03
   2.4085288e+06   3.0502368e-01   2.4853945e-01   2.8677465e-13   5.5356313e-01   1.0000000e+00   6.4701895e-03
   2.4359782e+05   1.1983575e+02   1.2545706e+01   4.3906328e-14   1.3238146e+02   1.0000000e+00   6.4656660e-03
   8.3040396e+04   8.9085139e+02   3.2711224e+01   2.6376864e-14   9.2356261e+02   1.0000000e+00   6.4578763e-03
   8.4950866e+04   7.9099745e+02   2.8339539e+01   2.7222354e-14   8.1933699e+02   1.0000000e+00   6.4578537e-03
   7.6750468e+04   1.0000000e+03   2.9008476e+01   2.5671359e-14   1.0290085e+03   1.0000000e+00   6.4543932e-03
   9.2610926e+04   7.8079619e+02   3.2933201e+01   2.7237305e-14   8.1372939e+02   1.0000000e+00   6.4325689e-03
   2.3940931e+06   4.6702021e-02   4.3112482e-02   6.7628487e-13   8.9814503e-02   1.0000000e+00   6.4205122e-03
   1.5774666e+05   2.3894889e+02   1.8001434e+01   3.6770069e-14   2.5695032e+02   1.0000000e+00   6.4150844e-03
   2.3896345e+06   8.6757932e-01   9.1782466e-01   1.7849281e-13   1.7854040e+00   1.0000000e+00   6.4134437e-03
   2.1636505e+06   7.4033437e-02   8.7913046e-02   5.1660956e-13   1.6194648e-01   1.0000000e+00   6.3996422e-03
   8.8038023e+04   9.5920212e+02   3.5211271e+01   2.5891594e-14   9.9441339e+02   1.0000000e+00   6.3908565e-03
   2.4508297e+06   1.1287636e-02   1.0509651e-02   1.3616569e-12   2.1797288e-02   1.0000000e+00   6.3767901e-03
   2.3920198e+06   1.5354330e-02   1.3953106e-02   1.1758631e-12   2.9307436e-02   1.0000000e+00   6.3538259e-03
   4.4240770e+05   3.9531494e+01   7.4339668e+00   5.8759927e-14   4.6965461e+01   1.0000000e+00   6.3534061e-03
   9.6801103e+04   7.2942898e+02   2.6585420e+01   2.7750052e-14   7.5601440e+02   1.0000000e+00   6.3481858e-03
   9.4072214e+04   7.8901761e+02   3.1789003e+01   2.7177390e-14   8.2080661e+02   1.0000000e+00   6.3416268e-03
   1.2303562e+06   1.0000079e-02   2.4432068e-03   2.0217369e-12   1.2443286e-02   1.0000000e+00   6.3409892e-03
   9.6976519e+05   6.7390275e+00   2.5757236e+00   9.6060852e-14   9.3147511e+00   1.0000000e+00   6.3345278e-03
   1.4840127e+06   1.8798304e+00   7.0745777e-01   1.5241761e-13   2.5872882e+00   1.0000000e+00   6.3318901e-03
   2.1861776e+05   1.1643959e+02   1.2118962e+01   4.4269359e-14   1.2855855e+02   1.0000000e+00   6.2997686e-03
   2.3820462e+06   2.9939952e-02   2.9825794e-02   8.2709680e-13   5.9765746e-02   1.0000000e+00   6.2904130e-03
   1.1928788e+05   4.8168217e+02   2.0700031e+01   3.0833557e-14   5.0238220e+02   1.0000000e+00   6.2772408e-03
   1.0495422e+05   5.6244436e+02   2.4414646e+01   2.9624688e-14   5.8685901e+02   1.0000000e+00   6.2740878e-03
   1.6360635e+05   2.1951367e+02   1.9648969e+01   3.7519082e-14   2.3916264e+02   1.0000000e+00   6.2732872e-03
   2.1718973e+05   1.2885005e+02   1.1809195e+01   4.3146045e-14   1.4065925e+02   1.0000000e+00   6.2715576e-03
   1.9518313e+06   8.8121567e-01   4.3507985e-01   2.0013855e-13   1.3162955e+00   1.0000000e+00   6.2339294e-03
   9.5733000e+04   7.1990689e+02   2.7458195e+01   2.7830984e-14   7.4736509e+02   1.0000000e+00   6.2024034e-03
   2.6767591e+06   2.0188326e-02   2.0755119e-02   9.9545794e-13   4.0943445e-02   1.0000000e+00   6.1956630e-03
   8.2095501e+04   1.0000000e+03   7.5654888e+01   2.5513404e-14   1.0756549e+03   1.0000000e+00   6.1921999e-03
   1.0121761e+05   6.4647780e+02   2.7215457e+01   2.8583838e-14   6.7369326e+02   1.0000000e+00   6.1502390e-03
   4.7084340e+05   3.4187767e+01   5.6917055e+00   6.1500486e-14   3.9879473e+01   1.0000000e+00   6.1429244e-03
   1.1299370e+05   4.2371264e+02   1.9524888e+01   3.1921311e-14   4.4323753e+02   1.0000000e+00   6.1252233e-03
   2.0499897e+06   1.0000000e-02   6.8657346e-03   1.5614244e-12   1.6865735e-02   1.0000000e+00   6.1241651e-03
   1.0875033e+06   1.0000000e-02   1.8664406e-03   2.1622277e-12   1.1866441e-02   1.0000000e+00   6.1203517e-03
   1.8486200e+05   2.3096804e+02   1.7274768e+01   3.7165689e-14   2.4824281e+02   1.0000000e+00   6.1004882e-03
   2.3812969e+06   2.1980156e-01   1.8010623e-01   3.3185820e-13   3.9990779e-01   1.0000000e+00   6.0812606e-03
   1.1784399e+06   1.0000000e-02   1.7405338e-03   2.2024092e-12   1.1740534e-02   1.0000000e+00   6.0799660e-03
   8.1982732e+04   1.0000000e+03   8.0430292e+01   2.5508518e-14   1.0804303e+03   1.0000000e+00   6.0724495e-03
   1.5072263e+05   3.2773245e+02   2.0911492e+01   3.3946828e-14   3.4864394e+02   1.0000000e+00   6.0613459e-03
   2.5467929e+05   9.5274687e+01   1.1232809e+01   4.6553514e-14   1.0650750e+02   1.0000000e+00   6.0522027e-03
   2.1551116e+06   4.4144134e-02   3.9598995e-02   7.0258388e-13   8.3743129e-02   1.0000000e+00   6.0497310e-03
   1.0803347e+05   5.4663429e+02   2.4858062e+01   2.9823756e-14   5.7149235e+02   1.0000000e+00   6.0318258e-03
   8.4505132e+04   9.0705416e+02   3.2698827e+01   2.6249759e-14   9.3975299e+02   1.0000000e+00   6.0247432e-03
   3.2722409e+05   5.2000196e+01   6.7535076e+00   5.4867127e-14   5.8753704e+01   1.0000000e+00   6.0234119e-03
   9.1898976e+04   7.6265859e+02   3.2254646e+01   2.7402682e-14   7.9491324e+02   1.0000000e+00   6.0231421e-03
   8.6532028e+04   9.3178960e+02   3.5562290e+01   2.6061094e-14   9.6735189e+02   1.0000000e+00   6.0171609e-03
   1.0140531e+06   1.0000000e-02   1.4126605e-03   2.3179284e-12   1.1412660e-02   1.0000000e+00   5.9834696e-03
   2.2010295e+06   1.7281473e-01   1.3237923e-01   3.7609005e-13   3.0519396e-01   1.0000000e+00   5.9698961e-03
   2.3948200e+06   9.2296048e-02   8.6077597e-02   4.8464031e-13   1.7837364e-01   1.0000000e+00   5.9629737e-03
   1.0490779e+05   6.3782875e+02   2.2117717e+01   2.8745117e-14   6.5994647e+02   1.0000000e+00   5.9589950e-03
   1.1928949e+05   4.9433564e+02   1.8993480e+01   3.0674494e-14   5.1332912e+02   1.0000000e+00   5.9584406e-03
   1.0194785e+05   7.1226080e+02   2.7524454e+01   2.7923620e-14   7.3978525e+02   1.0000000e+00   5.9569702e-03
   1.0339266e+05   6.4136623e+02   2.2294755e+01   2.8699043e-14   6.6366099e+02   1.0000000e+00   5.9564169e-03
   8.2312877e+04   1.0000000e+03   8.5970867e+01   2.5503212e-14   1.0859709e+03   1.0000000e+00   5.9199329e-03
   2.3484942e+06   3.8289019e-02   3.0424214e-02   7.7309804e-13   6.8713233e-02   1.0000000e+00   5.9121982e-03
   1.4264312e+05   3.5035069e+02   1.9684183e+01   3.3396077e-14   3.7003488e+02   1.0000000e+00   5.9088461e-03
   1.1388687e+05   5.0521593e+02   1.8899953e+01   3.0501841e-14   5.2411588e+02   1.0000000e+00   5.8921709e-03
   1.1026474e+06   1.0000000e-02   1.7588072e-03   2.1936871e-12   1.1758807e-02   1.0000000e+00   5.8872208e-03
   8.7897720e+04   7.9023972e+02   3.6042816e+01   2.7153721e-14   8.2628253e+02   1.0000000e+00   5.8737194e-03
   1.2678806e+05   4.1085034e+02   2.3672116e+01   3.2022997e-14   4.3452246e+02   1.0000000e+00   5.8595692e-03
   1.3976497e+06   1.0000000e-02   2.7110425e-03   1.9686617e-12   1.2711042e-02   1.0000000e+00   5.8466997e-03
   1.2295475e+06   1.0000000e-02   2.2797578e-03   2.0558585e-12   1.2279758e-02   1.0000000e+00   5.8383940e-03
   1.0579007e+06   1.0000156e-02   1.5798237e-03   2.2535621e-12   1.1579980e-02   1.0000000e+00   5.8290583e-03
   2.3816806e+06   3.0869782e-02   3.0615587e-02   8.1553467e-13   6.1485369e-02   1.0000000e+00   5.8185611e-03
   1.4432966e+06   1.0026762e-02   2.4765453e-03   2.0173633e-12   1.2503308e-02   1.0000000e+00   5.8181433e-03
   1.9256563e+05   1.6783664e+02   1.4531953e+01   4.0250382e-14   1.8236859e+02   1.0000000e+00   5.8178247e-03
   1.0345652e+05   6.1547286e+02   2.3897895e+01   2.8969517e-14   6.3937075e+02   1.0000000e+00   5.8094739e-03
   2.4397153e+06   3.6904447e-02   2.9526354e-02   7.8640661e-13   6.6430801e-02   1.0000000e+00   5.8003050e-03
   1.0207482e+05   7.0549303e+02   2.7050304e+01   2.7991670e-14   7.3254333e+02   1.0000000e+00   5.7896746e-03
   1.6988213e+06   1.0000000e-02   4.6972121e-03   1.7167806e-12   1.4697212e-02   1.0000000e+00   5.7881805e-03
   1.4314587e+05   3.1386426e+02   1.8270608e+01   3.4338130e-14   3.3213487e+02   1.0000000e+00   5.7823904e-03
   2.6954249e+05   9.1903168e+01   7.2197438e+00   4.7525973e-14   9.9122912e+01   1.0000000e+00   5.7820738e-03
   1.2213007e+05   4.2243552e+02   2.2245174e+01   3.1828063e-14   4.4468070e+02   1.0000000e+00   5.7664602e-03
   1.0973562e+06   1.0000000e-02   1.7782812e-03   2.1876822e-12   1.1778281e-02   1.0000000e+00   5.7525871e-03
   2.0341368e+06   1.0089282e-02   5.7191429e-03   1.6298446e-12   1.5808425e-02   1.0000000e+00   5.7461195e-03
   9.4288068e+05   1.0000000e-02   1.3742346e-03   2.3341369e-12   1.1374235e-02   1.0000000e+00   5.7442739e-03
   2.3793225e+06   2.7173782e-02   2.2154411e-02   9.0990014e-13   4.9328193e-02   1.0000000e+00   5.7273922e-03
   2.3489484e+06   3.0213220e+00   2.0653703e+00   1.3080885e-13   5.0866923e+00   1.0000000e+00   5.7167384e-03
   2.4294954e+06   1.6897603e-02   1.4535768e-02   1.1362020e-12   3.1433370e-02   1.0000000e+00   5.7163289e-03
   2.9272271e+05   6.8595695e+01   7.1714857e+00   5.1098232e-14   7.5767180e+01   1.0000000e+00   5.7124348e-03
   2.2894547e+06   1.1655064e-02   9.7798115e-03   1.3757285e-12   2.1434876e-02   1.0000000e+00   5.7055333e-03
   2.2347859e+06   7.0123333e-02   5.9855389e-02   5.6541975e-13   1.2997872e-01   1.0000000e+00   5.7012032e-03
   2.7690358e+06   2.0204180e-02   2.0426247e-02   9.9995892e-13   4.0630427e-02   1.0000000e+00   5.6931664e-03
   1.4264314e+05   3.5036269e+02   1.9604203e+01   3.3397532e-14   3.6996689e+02   1.0000000e+00   5.6785366e-03
   2.1889318e+06   7.5304490e-02   6.0355630e-02   5.5425260e-13   1.3566012e-01   1.0000000e+00   5.6684847e-03
   1.0898811e+05   5.8018915e+02   2.2890144e+01   2.9412308e-14   6.0307929e+02   1.0000000e+00   5.6590878e-03
   1.4239844e+05   3.1903888e+02   1.7569444e+01   3.4216487e-14   3.3660832e+02   1.0000000e+00   5.6543665e-03
   1.1407980e+05   5.2015022e+02   1.8930600e+01   3.0283973e-14   5.3908082e+02   1.0000000e+00   5.6456808e-03
   2.4104845e+06   4.6821497e-02   4.1309273e-02   6.8269351e-13   8.8130770e-02   1.0000000e+00   5.6396564e-03
   2.3023213e+06   1.1699899e-02   9.8513066e-03   1.3718088e-12   2.1551206e-02   1.0000000e+00   5.6255375e-03
   8.5507674e+04   9.3918140e+02   3.5774587e+01   2.6007543e-14   9.7495599e+02   1.0000000e+00   5.6204489e-03
   1.6018191e+05   2.8093458e+02   1.8970991e+01   3.5298062e-14   2.9990557e+02   1.0000000e+00   5.6102151e-03
   2.3781817e+05   1.0442880e+02   7.1178585e+00   4.6033731e-14   1.1154666e+02   1.0000000e+00   5.6040820e-03
   2.4200528e+06   1.1339410e-02   1.0809144e-02   1.3512943e-12   2.2148554e-02   1.0000000e+00   5.5953299e-03
   1.8295073e+05   2.0228773e+02   1.4264581e+01   3.8439897e-14   2.1655231e+02   1.0000000e+00   5.5566220e-03
   2.3207980e+06   3.1206641e-02   3.0880324e-02   8.1254671e-13   6.2086965e-02   1.0000000e+00   5.5536282e-03
   1.2100490e+06   1.0012709e-02   2.5225950e-03   2.0071828e-12   1.2535304e-02   1.0000000e+00   5.5525423e-03
   8.6445008e+05   2.5840054e+00   7.2616250e-01   1.4052107e-13   3.3101679e+00   1.0000000e+00   5.5372249e-03
   8.7697722e+05   1.0000000e-02   1.0610235e-03   2.4901977e-12   1.1061024e-02   1.0000000e+00   5.5318405e-03
   2.3886218e+06   2.9886432e-01   2.1277268e-01   2.9852112e-13   5.1163700e-01   1.0000000e+00   5.5314549e-03
   1.4308978e+05   3.3359144e+02   1.9284984e+01   3.3802347e-14   3.5287642e+02   1.0000000e+00   5.5269250e-03
   2.2517819e+06   7.0043254e-02   5.8234851e-02   5.6903219e-13   1.2827810e-01   1.0000000e+00   5.5179087e-03
   8.8488419e+04   8.6882181e+02   3.0468275e+01   2.6544120e-14   8.9929008e+02   1.0000000e+00   5.5126437e-03
   2.5238869e+05   9.3666261e+01   1.1131965e+01   4.6768261e-14   1.0479823e+02   1.0000000e+00   5.5018312e-03
   3.5921606e+05   3.5772859e+01   7.5438473e+00   6.0285384e-14   4.3316706e+01   1.0000000e+00   5.4996947e-03
   5.1741802e+05   1.8958043e+01   2.7216079e+00   7.3683271e-14   2.1679651e+01   1.0000000e+00   5.4803355e-03
   8.6317965e+04   9.1836581e+02   3.8261277e+01   2.6139870e-14   9.5662708e+02   1.0000000e+00   5.4648431e-03
   8.2486534e+04   1.0000000e+03   8.6939439e+01   2.5502348e-14   1.0869394e+03   1.0000000e+00   5.4607167e-03
   7.9993823e+05   1.0000000e-02   1.0195444e-03   2.5161848e-12   1.1019544e-02   1.0000000e+00   5.4599908e-03
   9.1672659e+04   8.7817996e+02   3.0058000e+01   2.6492995e-14   9.0823796e+02   1.0000000e+00   5.4591893e-03
   8.3386651e+05   1.0000000e-02   1.0455065e-03   2.4992090e-12   1.1045506e-02   1.0000000e+00   5.4551400e-03
   8.5001229e+04   8.7998650e+02   2.9330335e+01   2.6471707e-14   9.0931684e+02   1.0000000e+00   5.4551110e-03
   9.2083453e+04   7.5460717e+02   2.8236655e+01   2.7504660e-14   7.8284382e+02   1.0000000e+00   5.4452745e-03
   5.4114786e+05   1.4449962e+01   2.5588128e+00   7.9302031e-14   1.7008774e+01   1.0000000e+00   5.4379703e-03
   1.1278908e+05   4.3520670e+02   2.0174369e+01   3.1682302e-14   4.5538107e+02   1.0000000e+00   5.3903737e-03
   1.1074782e+05   5.5184977e+02   2.5540424e+01   2.9743990e-14   5.7739019e+02   1.0000000e+00   5.3659109e-03
   5.8761393e+05   2.2692129e+01   2.8301616e+00   7.1081299e-14   2.5522290e+01   1.0000000e+00   5.3638946e-03
   2.3358805e+06   1.4259939e-02   1.2741849e-02   1.2254319e-12   2.7001788e-02   1.0000000e+00   5.3596260e-03
   1.1422405e+05   5.9315057e+02   2.3681163e+01   2.9282800e-14   6.1683173e+02   1.0000000e+00   5.3401006e-03
   1.0881710e+05   4.5723815e+02   2.0333871e+01   3.1309977e-14   4.7757202e+02   1.0000000e+00   5.3381844e-03
   2.3502194e+06   3.8220881e-02   3.0062771e-02   7.7574626e-13   6.8283652e-02   1.0000000e+00   5.3222284e-03
   1.5710105e+05   2.8779484e+02   1.8115841e+01   3.5103385e-14   3.0591068e+02   1.0000000e+00   5.3138725e-03
   1.1010574e+06   1.0000000e-02   1.4609159e-03   2.3030488e-12   1.1460916e-02   1.0000000e+00   5.3098897e-03
   1.0035127e+05   6.8014933e+02   2.7032634e+01   2.8230238e-14   7.0718197e+02   1.0000000e+00   5.3035738e-03
   1.7949867e+05   1.7415403e+02   1.3803237e+01   3.9959494e-14   1.8795726e+02   1.0000000e+00   5.3020633e-03
   8.4975283e+04   9.4784398e+02   3.6073088e+01   2.5946896e-14   9.8391707e+02   1.0000000e+00   5.2882765e-03
   1.0009557e+05   7.0547800e+02   2.5711670e+01   2.7994365e-14   7.3118967e+02   1.0000000e+00   5.2809717e-03
   2.3236937e+06   1.3272868e-01   1.1233498e-01   4.1661842e-13   2.4506366e-01   1.0000000e+00   5.2718870e-03
   1.2716924e+06   1.0000000e-02   2.3820804e-03   2.0332253e-12   1.2382080e-02   1.0000000e+00   5.2686024e-03
   2.3790395e+06   1.3278035e-02   1.2801770e-02   1.2466762e-12   2.6079805e-02   1.0000000e+00   5.2505920e-03
   9.4484519e+04   7.4355897e+02   2.8728160e+01   2.7598438e-14   7.7228713e+02   1.0000000e+00   5.2470313e-03
   1.2086361e+05   4.8908075e+02   1.9020389e+01   3.0759907e-14   5.0810114e+02   1.0000000e+00   5.2406155e-03
   2.3537258e+06   3.6702378e-02   2.7441813e-02   8.0164809e-13   6.4144191e-02   1.0000000e+00   5.2360847e-03
   1.1453956e+05   4.8435635e+02   2.0540680e+01   3.0793079e-14   5.0489703e+02   1.0000000e+00   5.2285315e-03
   1.0420129e+05   5.7053727e+02   2.1069872e+01   2.9565091e-14   5.9160715e+02   1.0000000e+00   5.2206631e-03
   9.1898952e+04   7.6267574e+02   3.2399038e+01   2.7401615e-14   7.9507478e+02   1.0000000e+00   5.2173802e-03
   8.8476863e+04   8.6682149e+02   3.0464889e+01   2.6559114e-14   8.9728638e+02   1.0000000e+00   5.2014149e-03
   2.4519926e+06   6.7855546e-01   4.5135438e-01   2.1468975e-13   1.1299098e+00   1.0000000e+00   5.1999261e-03
   1.9485635e+05   1.6945603e+02   1.4579721e+01   4.0149020e-14   1.8403575e+02   1.0000000e+00   5.1969418e-03
   8.8402204e+04   9.3569268e+02   2.8229605e+01   2.6092560e-14   9.6392229e+02   1.0000000e+00   5.1933652e-03
   1.0469537e+06   1.0000000e-02   1.6010052e-03   2.2459598e-12   1.1601005e-02   1.0000000e+00   5.1823260e-03
   8.5279909e+05   7.7720074e+00   2.5571914e+00   9.2511668e-14   1.0329199e+01   1.0000000e+00   5.1806281e-03
   1.5744350e+05   2.9276466e+02   1.7986451e+01   3.4966757e-14   3.1075111e+02   1.0000000e+00   5.1798400e-03
   8.2133817e+04   9.9999869e+02   6.7697415e+01   2.5523248e-14   1.0676961e+03   1.0000000e+00   5.1681102e-03
   9.4245808e+04   8.2088996e+02   3.2078995e+01   2.6920134e-14   8.5296896e+02   1.0000000e+00   5.1608496e-03
   2.9787277e+05   7.1574340e+01   7.6679911e+00   5.0461712e-14   7.9242331e+01   1.0000000e+00   5.1601578e-03
   9.9945170e+04   6.1390254e+02   2.2845568e+01   2.9011221e-14   6.3674811e+02   1.0000000e+00   5.1588076e-03
   2.2191480e+06   5.2559215e-01   3.7598246e-01   2.3184141e-13   9.0157461e-01   1.0000000e+00   5.1356520e-03
   9.3451626e+05   4.1488187e+00   9.6691159e-01   1.1889860e-13   5.1157303e+00   1.0000000e+00   5.1258210e-03
   8.3719267e+04   9.5690769e+02   3.1939666e+01   2.5908141e-14   9.8884735e+02   1.0000000e+00   5.1015765e-03
   2.5032478e+06   1.2743596e-01   7.9401129e-02   4.6160413e-13   2.0683709e-01   1.0000000e+00   5.0800278e-03
   2.3560715e+06   2.8540541e+00   1.9709895e+00   1.3253818e-13   4.8250436e+00   1.0000000e+00   5.0701615e-03
   1.2186384e+05   4.9915058e+02   1.9552674e+01   3.0608539e-14   5.1870325e+02   1.0000000e+00   5.0662187e-03
   8.8790929e+04   9.2736229e+02   2.8304596e+01   2.6149582e-14   9.5566689e+02   1.0000000e+00   5.0573007e-03
   3.7950832e+05   3.1254642e+01   6.3633856e+00   6.2692507e-14   3.7618028e+01   1.0000000e+00   5.0393476e-03
   1.0499363e+05   6.0742619e+02   2.3311365e+01   2.9071704e-14   6.3073755e+02   1.0000000e+00   5.0269748e-03
   8.6932166e+05   1.0000000e-02   1.0687676e-03   2.4853709e-12   1.1068768e-02   1.0000000e+00   4.9996312e-03
   8.6773172e+04   9.9417304e+02   3.1704386e+01   2.5686879e-14   1.0258774e+03   1.0000000e+00   4.9954310e-03
   1.0670831e+06   1.0000000e-02   1.8102120e-03   2.1790329e-12   1.1810212e-02   1.0000000e+00   4.9862574e-03
   1.6999982e+06   1.0000000e-02   4.2943525e-03   1.7544038e-12   1.4294352e-02   1.0000000e+00   4.9801321e-03
   1.5377634e+06   1.0000000e-02   3.2990756e-03   1.8742067e-12   1.3299076e-02   1.0000000e+00   4.9796542e-03
   2.4834025e+06   2.0318893e-02   1.7320767e-02   1.0394930e-12   3.7639660e-02   1.0000000e+00   4.9697099e-03
   3.0062117e+05   8.0880618e+01   7.3464388e+00   4.9111571e-14   8.8227057e+01   1.0000000e+00   4.9675084e-03
   8.7763153e+05   5.9931534e+00   1.6498595e+00   1.0224895e-13   7.6430129e+00   1.0000000e+00   4.9577453e-03
   8.7835888e+04   8.4586770e+02   3.0712750e+01   2.6718831e-14   8.7658045e+02   1.0000000e+00   4.9505212e-03
   1.2660929e+05   4.0379027e+02   2.3608073e+01   3.2162747e-14   4.2739835e+02   1.0000000e+00   4.9425984e-03
   1.7285313e+05   2.3046920e+02   1.4234763e+01   3.7220337e-14   2.4470397e+02   1.0000000e+00   4.9239707e-03
   2.3605565e+06   3.8154653e-02   3.2573470e-02   7.6096222e-13   7.0728123e-02   1.0000000e+00   4.9001262e-03
   2.4796537e+06   1.0000000e-02   1.0853709e-02   1.3947664e-12   2.0853709e-02   1.0000000e+00   4.8868933e-03
   8.1651411e+04   1.0000000e+03   6.2078221e+01   2.5532123e-14   1.0620782e+03   1.0000000e+00   4.8802932e-03
   2.9225407e+05   4.8045827e+01   6.7012184e+00   5.6456604e-14   5.4747045e+01   1.0000000e+00   4.8793382e-03
   1.6111349e+05   2.7935151e+02   1.8079349e+01   3.5373243e-14   2.9743086e+02   1.0000000e+00   4.8740709e-03
   1.7022315e+05   1.9872279e+02   1.3962579e+01   3.8647879e-14   2.1268537e+02   1.0000000e+00   4.8535845e-03
   2.4456281e+06   1.1581415e-02   1.2938910e-02   1.2891925e-12   2.4520325e-02   1.0000000e+00   4.8468340e-03
   1.0946616e+05   5.2199602e+02   2.1418431e+01   3.0215804e-14   5.4341445e+02   1.0000000e+00   4.8381045e-03
   1.4930920e+05   3.0713261e+02   1.8648138e+01   3.4517940e-14   3.2578075e+02   1.0000000e+00   4.8373876e-03
   2.4825066e+06   1.0000000e-02   8.2416093e-03   1.4913511e-12   1.8241609e-02   1.0000000e+00   4.8227356e-03
   1.6793335e+06   1.0000000e-02   4.5682445e-03   1.7286669e-12   1.4568244e-02   1.0000000e+00   4.8202019e-03
   9.4990419e+04   7.0031167e+02   2.6441855e+01   2.8035350e-14   7.2675353e+02   1.0000000e+00   4.8051670e-03
   2.4620202e+06   1.0791387e-01   8.5191501e-02   4.6831098e-13   1.9310537e-01   1.0000000e+00   4.7997092e-03
   9.7191935e+04   6.6537261e+02   2.9459975e+01   2.8367504e-14   6.9483258e+02   1.0000000e+00   4.7822559e-03
   2.1675539e+06   2.0135860e-01   1.3691900e-01   3.5972107e-13   3.3827760e-01   1.0000000e+00   4.7819226e-03
   1.1969652e+06   1.0000000e-02   1.6549572e-03   2.2346671e-12   1.1654957e-02   1.0000000e+00   4.7651074e-03
   2.3353805e+05   1.0511009e+02   7.2891551e+00   4.5933393e-14   1.1239924e+02   1.0000000e+00   4.7567160e-03
   1.6138556e+05   2.6166870e+02   1.7352474e+01   3.5952267e-14   2.7902118e+02   1.0000000e+00   4.7546350e-03
   2.4011959e+06   9.3887768e-02   9.3570216e-02   4.7356672e-13   1.8745798e-01   1.0000000e+00   4.7482103e-03
   2.3992810e+06   3.1898708e-01   2.1863163e-01   2.9277018e-13   5.3761871e-01   1.0000000e+00   4.7338098e-03
   1.1246301e+05   5.1319567e+02   2.1514312e+01   3.0337178e-14   5.3470998e+02   1.0000000e+00   4.7329672e-03
   2.3016082e+06   1.3838854e-02   1.4190954e-02   1.2068129e-12   2.8029808e-02   1.0000000e+00   4.7140706e-03
   8.9541547e+04   8.4075600e+02   2.9933722e+01   2.6763807e-14   8.7068972e+02   1.0000000e+00   4.7020172e-03
   2.2383408e+06   6.7379655e-01   3.6262403e-01   2.2308011e-13   1.0364206e+00   1.0000000e+00   4.6918684e-03
   9.5807932e+04   7.2465452e+02   2.7485402e+01   2.7785422e-14   7.5213992e+02   1.0000000e+00   4.6863514e-03
   2.3408884e+06   1.1964831e-01   1.0490843e-01   4.3416176e-13   2.2455675e-01   1.0000000e+00   4.6748856e-03
   1.5978227e+05   2.4196721e+02   1.8799786e+01   3.6622486e-14   2.6076700e+02   1.0000000e+00   4.6691181e-03
   1.8844103e+05   1.9412183e+02   1.4109599e+01   3.8847729e-14   2.0823143e+02   1.0000000e+00   4.6689538e-03
   2.4940255e+06   1.8464810e-02   1.7389519e-02   1.0632157e-12   3.5854329e-02   1.0000000e+00   4.6674305e-03
   8.4419251e+04   9.1530672e+02   3.2400483e+01   2.6192237e-14   9.4770720e+02   1.0000000e+00   4.6594896e-03
   1.4174296e+06   1.3573639e+00   5.3886777e-01   1.7111149e-13   1.8962317e+00   1.0000000e+00   4.6484465e-03
   2.4375514e+06   2.6469428e-02   2.3127317e-02   9.0617912e-13   4.9596745e-02   1.0000000e+00   4.6454242e-03
   9.7528558e+04   7.5278827e+02   2.9609715e+01   2.7516036e-14   7.8239798e+02   1.0000000e+00   4.6239159e-03
   2.3921809e+06   1.3457373e-01   1.1735907e-01   4.1118737e-13   2.5193281e-01   1.0000000e+00   4.6031568e-03
   1.4773280e+05   2.8557680e+02   1.8290000e+01   3.5156454e-14   3.0386680e+02   1.0000000e+00   4.5957103e-03
   4.6387978e+05   4.3944224e+01   7.3236532e+00   5.7748419e-14   5.1267877e+01   1.0000000e+00   4.5904977e-03
   1.0258052e+05   7.0996602e+02   2.7572276e+01   2.7948982e-14   7.3753829e+02   1.0000000e+00   4.5884100e-03
   1.1561492e+05   4.7742357e+02   2.0589384e+01   3.0901895e-14   4.9801295e+02   1.0000000e+00   4.5643844e-03
   2.3819180e+06   6.7524935e-02   5.2986395e-02   5.8749483e-13   1.2051133e-01   1.0000000e+00   4.5594414e-03
   2.3806511e+06   6.6485476e-02   5.2644683e-02   5.9060397e-13   1.1913016e-01   1.0000000e+00   4.5462201e-03
   2.4356448e+05   1.3087424e+02   1.2709751e+01   4.3014088e-14   1.4358399e+02   1.0000000e+00   4.5437844e-03
   9.2807672e+04   7.9957398e+02   2.7684301e+01   2.7117933e-14   8.2725828e+02   1.0000000e+00   4.5367817e-03
   1.0856347e+05   6.0485648e+02   2.2564710e+01   2.9122544e-14   6.2742119e+02   1.0000000e+00   4.5319029e-03
   2.1640076e+06   4.4919637e-01   3.5153143e-01   2.4293862e-13   8.0072779e-01   1.0000000e+00   4.5308593e-03
   1.7347336e+06   1.0000000e-02   4.7174526e-03   1.7141879e-12   1.4717453e-02   1.0000000e+00   4.5227114e-03
   2.3814797e+05   1.0401078e+02   1.2534888e+01   4.5467177e-14   1.1654566e+02   1.0000000e+00   4.5197058e-03
   2.3305079e+06   1.3291148e-02   1.0814537e-02   1.2980111e-12   2.4105686e-02   1.0000000e+00   4.5021600e-03
   8.2751125e+04   9.5331790e+02   3.2112618e+01   2.5931961e-14   9.8543052e+02   1.0000000e+00   4.4976102e-03
   2.4985752e+06   1.7871346e-02   1.6765990e-02   1.0815833e-12   3.4637336e-02   1.0000000e+00   4.4957557e-03
   2.4157472e+06   1.5251951e-02   1.5102574e-02   1.1559501e-12   3.0354525e-02   1.0000000e+00   4.4880832e-03
   1.3540176e+06   1.0000000e-02   2.6110769e-03   1.9870540e-12   1.2611077e-02   1.0000000e+00   4.4795611e-03
   5.4282319e+05   1.6782860e+01   2.4952244e+00   7.6415294e-14   1.9278084e+01   1.0000000e+00   4.4793551e-03
   2.4448027e+06   1.5335234e-02   1.4881338e-02   1.1578493e-12   3.0216572e-02   1.0000000e+00   4.4699138e-03
   2.1881093e+06   7.5530007e-02   5.9899362e-02   5.5478666e-13   1.3542937e-01   1.0000000e+00   4.4692722e-03
   2.4346249e+06   8.6551676e-02   8.4149656e-02   4.9505449e-13   1.7070133e-01   1.0000000e+00   4.4508498e-03
   1.5212263e+06   2.6124491e+00   8.3094847e-01   1.3975496e-13   3.4433975e+00   1.0000000e+00   4.4439943e-03
   2.3856384e+06   9.3592501e-02   8.8302060e-02   4.8016332e-13   1.8189456e-01   1.0000000e+00   4.4349658e-03
   1.0015509e+05   6.6577010e+02   2.7073638e+01   2.8377955e-14   6.9284374e+02   1.0000000e+00   4.4322480e-03
   2.4432800e+06   3.5623154e-02   2.9944082e-02   7.9024978e-13   6.5567236e-02   1.0000000e+00   4.4286252e-03
   2.3564170e+06   2.7196409e-02   2.3764829e-02   8.9429608e-13   5.0961238e-02   1.0000000e+00   4.4206129e-03
   1.1046940e+05   5.5014572e+02   2.3129168e+01   2.9795967e-14   5.7327489e+02   1.0000000e+00   4.4205821e-03
   2.2007548e+06   1.7213362e-01   1.3151880e-01   3.7700793e-13   3.0365242e-01   1.0000000e+00   4.4083131e-03
   1.3956233e+06   1.0000097e-02   2.5820538e-03   1.9936197e-12   1.2582150e-02   1.0000000e+00   4.4073391e-03
   2.3258283e+06   1.3099724e-02   1.2508838e-02   1.2590329e-12   2.5608562e-02   1.0000000e+00   4.3986188e-03
   7.8432415e+04   1.0000000e+03   5.2151491e+01   2.5565087e-14   1.0521515e+03   1.0000000e+00   4.3656328e-03
   9.6990442e+04   7.2304376e+02   2.7836978e+01   2.7798435e-14   7.5088074e+02   1.0000000e+00   4.3590119e-03
   5.7382156e+05   8.0605797e+00   4.9654278e+00   9.1541256e-14   1.3026007e+01   1.0000000e+00   4.3580887e-03
   8.8723617e+05   1.0000000e-02   1.2268795e-03   2.4015874e-12   1.1226879e-02   1.0000000e+00   4.3554069e-03
   1.1064809e+05   5.1230603e+02   1.9765852e+01   3.0383708e-14   5.3207188e+02   1.0000000e+00   4.3514034e-03
   1.5371608e+06   1.0000000e-02   3.2756152e-03   1.8776240e-12   1.3275615e-02   1.0000000e+00   4.3475099e-03
   8.2068076e+04   1.0000000e+03   7.9294037e+01   2.5509575e-14   1.0792940e+03   1.0000000e+00   4.3432727e-03
   1.0482807e+05   5.6681537e+02   2.2242629e+01   2.9594504e-14   5.8905800e+02   1.0000000e+00   4.3403568e-03
   8.3087835e+05   1.0000000e-02   1.0152399e-03   2.5175023e-12   1.1015240e-02   1.0000000e+00   4.3366545e-03
   1.1952487e+06   1.0000000e-02   1.6561427e-03   2.2340398e-12   1.1656143e-02   1.0000000e+00   4.3321047e-03
   8.1706757e+04   1.0000000e+03   6.3443356e+01   2.5529867e-14   1.0634434e+03   1.0000000e+00   4.2996019e-03
   9.6715356e+04   6.2594048e+02   2.2148734e+01   2.8897246e-14   6.4808922e+02   1.0000000e+00   4.2928246e-03
   1.4360611e+05   3.2061620e+02   1.7665496e+01   3.4172309e-14   3.3828169e+02   1.0000000e+00   4.2922404e-03
   1.2186383e+05   4.9920239e+02   1.9669153e+01   3.0605441e-14   5.1887155e+02   1.0000000e+00   4.2870756e-03
   9.8393334e+05   5.7264366e+00   1.6221290e+00   1.0399145e-13   7.3485656e+00   1.0000000e+00   4.2824588e-03
   2.3225626e+06   1.4008039e-02   1.2520872e-02   1.2364462e-12   2.6528912e-02   1.0000000e+00   4.2809131e-03
   1.7146081e+06   1.0000000e-02   4.3777726e-03   1.7459902e-12   1.4377773e-02   1.0000000e+00   4.2748542e-03
   8.8666193e+04   8.6245117e+02   3.0185955e+01   2.6594257e-14   8.9263713e+02   1.0000000e+00   4.2719506e-03
   2.4127623e+06   2.2729887e-01   2.1920293e-01   3.1533518e-13   4.4650180e-01   1.0000000e+00   4.2643411e-03
   1.4613695e+05   3.4258403e+02   1.9321997e+01   3.3600707e-14   3.6190603e+02   1.0000000e+00   4.2628921e-03
   1.2331605e+05   5.0405961e+02   1.9336492e+01   3.0556501e-14   5.2339611e+02   1.0000000e+00   4.2623869e-03
   2.1688642e+06   5.1367799e-01   3.5403299e-01   2.3554348e-13   8.6771098e-01   1.0000000e+00   4.2548052e-03
   5.3306250e+05   3.2452750e+01   3.3456667e+00   6.4825683e-14   3.5798417e+01   1.0000000e+00   4.2519698e-03
   8.4954078e+04   8.6427693e+02   2.9313349e+01   2.6593470e-14   8.9359028e+02   1.0000000e+00   4.2406803e-03
   2.3607033e+06   3.8150578e-02   3.2597939e-02   7.6084480e-13   7.0748517e-02   1.0000000e+00   4.2215601e-03
   2.3428909e+06   1.3924140e-02   1.2820609e-02   1.2312682e-12   2.6744749e-02   1.0000000e+00   4.2124252e-03
   1.8352557e+05   1.8885468e+02   1.3791451e+01   3.9118321e-14   2.0264613e+02   1.0000000e+00   4.2088547e-03
   1.3881152e+05   4.0303081e+02   2.3069215e+01   3.2236270e-14   4.2610003e+02   1.0000000e+00   4.2086749e-03
   9.9376040e+04   6.2094818e+02   2.2158331e+01   2.8938553e-14   6.4310651e+02   1.0000000e+00   4.1974291e-03
   9.3202020e+05   4.1993682e+00   9.8783722e-01   1.1821498e-13   5.1872054e+00   1.0000000e+00   4.1954890e-03
   1.4764449e+05   3.3713788e+02   1.9131615e+01   3.3741038e-14   3.5626950e+02   1.0000000e+00   4.1809572e-03
   2.3812147e+06   9.7472733e-02   5.6403131e-02   5.3345768e-13   1.5387586e-01   1.0000000e+00   4.1527325e-03
   1.0048406e+05   6.7472651e+02   2.6850126e+01   2.8287444e-14   7.0157663e+02   1.0000000e+00   4.1473588e-03
   1.5981267e+05   2.4643404e+02   1.7322048e+01   3.6491088e-14   2.6375609e+02   1.0000000e+00   4.1418356e-03
   1.0311740e+05   6.5562706e+02   2.2207634e+01   2.8547296e-14   6.7783469e+02   1.0000000e+00   4.1228082e-03
   2.4405832e+06   1.7169057e-02   1.4513214e-02   1.1322327e-12   3.1682270e-02   1.0000000e+00   4.0944640e-03
   1.0751112e+06   1.0000286e-02   1.4424327e-03   2.3086908e-12   1.1442719e-02   1.0000000e+00   4.0826269e-03
   8.8400915e+05   5.4657894e+00   9.6401356e-01   1.1139181e-13   6.4298030e+00   1.0000000e+00   4.0809888e-03
