   6.0170392e+06   1.0000000e-01   1.0000000e-02   1.0000000e-02   2.7595164e-12   1.2000000e-01   1.0000000e+00             Inf
   7.8434820e+05   1.0000000e+03   1.0000000e+02   4.3089109e+01   7.3321844e-14   1.1430891e+03   1.0000000e+00             Inf
   1.0766514e+06   5.2859949e+02   1.8812798e+01   5.0343665e+00   8.7782319e-14   5.5244666e+02   1.0000000e+00   1.6584153e-02
   1.1587464e+06   4.1658215e+02   2.3661609e+01   4.8451426e+00   9.3211670e-14   4.4508890e+02   1.0000000e+00   1.5970958e-02
   9.9595020e+05   5.3563764e+02   2.3476945e+01   7.4742615e+00   8.7166606e-14   5.6658884e+02   1.0000000e+00   1.4361498e-02
   1.0995037e+06   4.8539977e+02   1.7621110e+01   5.2280528e+00   8.9800814e-14   5.0824893e+02   1.0000000e+00   1.3885948e-02
   8.2305432e+06   1.2245020e-01   3.6826990e-02   1.0434148e-02   2.1847219e-12   1.6971133e-01   1.0000000e+00   1.3699316e-02
   6.1287055e+06   5.2047466e+00   1.3751630e+00   5.9504324e-01   3.7513250e-13   7.1749529e+00   1.0000000e+00   1.3695798e-02
   6.3680978e+06   2.3577151e+00   5.6136265e-01   2.1020415e-01   5.3631531e-13   3.1292819e+00   1.0000000e+00   1.2934829e-02
   8.3224048e+05   8.6981432e+02   2.9054823e+01   9.9827701e+00   7.6590939e-14   9.0885191e+02   1.0000000e+00   1.2899367e-02
   7.8507818e+05   9.9376337e+02   3.5947874e+01   1.6289652e+01   7.3817316e-14   1.0460009e+03   1.0000000e+00   1.2802605e-02
   7.7455560e+06   1.1774032e+00   4.7574176e-01   1.0746875e-01   7.0726750e-13   1.7606137e+00   1.0000000e+00   1.2495614e-02
   7.9522583e+06   1.1815359e-01   3.1470890e-02   1.0412593e-02   2.2480018e-12   1.6003707e-01   1.0000000e+00   1.2439616e-02
   5.3161402e+06   1.6917850e+01   3.9222302e+00   6.3554525e-01   2.4587340e-13   2.1475626e+01   1.0000000e+00   1.2200604e-02
   7.8663448e+05   1.0000000e+03   6.9040963e+01   1.4766543e+01   7.3478108e-14   1.0838075e+03   1.0000000e+00   1.2165617e-02
   6.2701468e+06   4.3769548e+00   9.5813067e-01   2.3424754e-01   4.1539460e-13   5.5693330e+00   1.0000000e+00   1.2121647e-02
   4.5416301e+06   1.9725502e+01   3.7108429e+00   2.9291084e+00   2.2913693e-13   2.6365454e+01   1.0000000e+00   1.2054502e-02
   6.4140809e+06   2.8259122e+00   7.9429562e-01   2.3968786e-01   4.8868531e-13   3.8598957e+00   1.0000000e+00   1.2044784e-02
   8.4805342e+06   5.0775264e-01   1.7203076e-01   4.4129881e-02   1.0731362e-12   7.2391328e-01   1.0000000e+00   1.1951840e-02
   8.2239276e+05   8.6174608e+02   2.9867538e+01   1.0131402e+01   7.6759387e-14   9.0174502e+02   1.0000000e+00   1.1806813e-02
   8.4806498e+06   1.0783921e-01   3.1080383e-02   1.0077649e-02   2.3312673e-12   1.4899724e-01   1.0000000e+00   1.1735792e-02
   7.6233678e+05   1.0000000e+03   7.5058830e+01   1.8615994e+01   7.3447030e-14   1.0936748e+03   1.0000000e+00   1.1688577e-02
   8.1253730e+05   9.9491416e+02   3.2543990e+01   9.9892716e+00   7.3947879e-14   1.0374474e+03   1.0000000e+00   1.1644981e-02
   8.4293750e+06   5.1986516e-01   1.7939485e-01   4.7937462e-02   1.0569333e-12   7.4719747e-01   1.0000000e+00   1.1383047e-02
   9.4886988e+05   6.5654806e+02   2.1711455e+01   7.5810677e+00   8.2674465e-14   6.8584059e+02   1.0000000e+00   1.1382590e-02
   4.2287295e+06   3.0556060e+01   3.2058769e+00   3.1924620e+00   2.0378066e-13   3.6954399e+01   1.0000000e+00   1.1373141e-02
   7.8457653e+06   2.6358424e-01   7.3424998e-02   2.2167031e-02   1.5064984e-12   3.5917627e-01   1.0000000e+00   1.1325806e-02
   1.1140228e+06   5.1347262e+02   1.9061113e+01   7.6589106e+00   8.8335912e-14   5.4019264e+02   1.0000000e+00   1.1305639e-02
   2.4234237e+06   8.5811680e+01   7.9061975e+00   3.2853303e+00   1.4565601e-13   9.7003208e+01   1.0000000e+00   1.1240536e-02
   7.7873992e+06   1.1988206e+00   2.8153722e-01   8.2046454e-02   7.4089392e-13   1.5624043e+00   1.0000000e+00   1.1156350e-02
   6.3636350e+06   4.7124311e+00   1.2121099e+00   3.6172986e-01   3.9444979e-13   6.2862709e+00   1.0000000e+00   1.1116296e-02
   5.7546654e+06   1.5312813e+01   2.4693155e+00   9.5874750e-01   2.5877041e-13   1.8740876e+01   1.0000000e+00   1.1097091e-02
   8.6569684e+06   3.9408432e-01   1.2722877e-01   3.4357629e-02   1.2200631e-12   5.5567072e-01   1.0000000e+00   1.1035860e-02
   8.4937986e+06   2.1600321e-01   6.8588980e-02   2.0337492e-02   1.6361933e-12   3.0492968e-01   1.0000000e+00   1.1035147e-02
   1.0429993e+06   5.2151092e+02   1.8883595e+01   7.5660424e+00   8.7934860e-14   5.4796056e+02   1.0000000e+00   1.0927303e-02
   8.2591062e+06   1.2542601e-01   3.6821026e-02   1.1657022e-02   2.1578932e-12   1.7390406e-01   1.0000000e+00   1.0728502e-02
   1.7512747e+06   1.9240876e+02   1.1169817e+01   3.4230141e+00   1.1596267e-13   2.0700159e+02   1.0000000e+00   1.0556638e-02
   1.0690812e+06   4.8812451e+02   1.9230608e+01   8.2194369e+00   8.9436783e-14   5.1557455e+02   1.0000000e+00   1.0548392e-02
   6.2878342e+06   6.0625837e+00   1.4214760e+00   3.1113771e-01   3.6120647e-13   7.7951975e+00   1.0000000e+00   1.0506385e-02
   6.4105292e+06   3.9904035e+00   5.9849850e-01   3.6418811e-01   4.4198021e-13   4.9530901e+00   1.0000000e+00   1.0448742e-02
   7.8213438e+06   1.4597446e+00   4.0907547e-01   1.3240752e-01   6.5857350e-13   2.0012276e+00   1.0000000e+00   1.0332652e-02
   7.6953448e+06   1.8202847e-01   4.8339319e-02   1.4393860e-02   1.8211575e-12   2.4476165e-01   1.0000000e+00   1.0275667e-02
   8.5583842e+06   3.6125562e-01   1.2917276e-01   3.5843980e-02   1.2550570e-12   5.2627236e-01   1.0000000e+00   1.0260841e-02
   7.6508061e+05   1.0000000e+03   3.6855450e+01   1.5119057e+01   7.3699011e-14   1.0519745e+03   1.0000000e+00   1.0090590e-02
   9.3889848e+05   6.8083296e+02   2.2066401e+01   7.4901173e+00   8.1888309e-14   7.1038948e+02   1.0000000e+00   1.0077399e-02
   7.9394449e+06   1.5159158e+00   4.3848923e-01   1.8523259e-01   6.4092983e-13   2.1396377e+00   1.0000000e+00   1.0065034e-02
   1.1627245e+06   4.2892070e+02   1.9303090e+01   5.4285092e+00   9.2646995e-14   4.5365230e+02   1.0000000e+00   1.0051982e-02
   9.7034147e+05   5.8545669e+02   2.3063477e+01   9.4573065e+00   8.5098220e-14   6.1797747e+02   1.0000000e+00   1.0050700e-02
   8.6398872e+06   4.9050655e-01   1.5567577e-01   2.6638019e-02   1.1218997e-12   6.7282034e-01   1.0000000e+00   1.0017792e-02
   7.7233890e+06   1.9686820e-01   5.1881969e-02   1.5566142e-02   1.7531403e-12   2.6431631e-01   1.0000000e+00   9.9756169e-03
   1.8639226e+06   1.5581778e+02   8.5064763e+00   3.2985412e+00   1.2342661e-13   1.6762280e+02   1.0000000e+00   9.9734855e-03
   8.4695682e+06   1.1395087e-01   3.3278498e-02   1.0348544e-02   2.2672251e-12   1.5757792e-01   1.0000000e+00   9.9580843e-03
   9.4135801e+05   6.7071111e+02   2.1815933e+01   7.0443491e+00   8.2231760e-14   6.9957139e+02   1.0000000e+00   9.9060378e-03
   6.0312014e+06   2.7900520e+00   5.4600658e-01   1.8204953e-01   5.0900105e-13   3.5181081e+00   1.0000000e+00   9.7853729e-03
   1.7585250e+06   1.8618497e+02   1.1135041e+01   3.0678476e+00   1.1705296e-13   2.0038785e+02   1.0000000e+00   9.7180847e-03
   7.8552715e+06   7.1968505e-01   2.0557287e-01   6.6051448e-02   9.1826270e-13   9.9130937e-01   1.0000000e+00   9.6890650e-03
   1.3596108e+06   3.4996402e+02   1.6628912e+01   5.7637868e+00   9.8033114e-14   3.7235672e+02   1.0000000e+00   9.6661598e-03
   2.1334648e+06   1.2722313e+02   9.7683076e+00   2.0620558e+00   1.3065847e-13   1.3905349e+02   1.0000000e+00   9.5991380e-03
   8.2664401e+06   2.4744489e-01   7.2547858e-02   2.2865671e-02   1.5423486e-12   3.4285842e-01   1.0000000e+00   9.5874312e-03
   1.2117201e+06   3.9987929e+02   1.8557168e+01   4.9165735e+00   9.4462571e-14   4.2335304e+02   1.0000000e+00   9.5682143e-03
   8.4931243e+06   1.0602485e-01   3.0305675e-02   1.0103701e-02   2.3516842e-12   1.4643423e-01   1.0000000e+00   9.5511239e-03
   9.2712833e+05   6.8680485e+02   2.2022705e+01   7.4919474e+00   8.1701081e-14   7.1631950e+02   1.0000000e+00   9.5220325e-03
   7.7044648e+06   1.3278176e-01   3.9447906e-02   1.0000000e-02   2.1107500e-12   1.8222967e-01   1.0000000e+00   9.5090999e-03
   7.8827415e+05   9.9957806e+02   8.9127529e+01   2.6417552e+01   7.3376997e-14   1.1151231e+03   1.0000000e+00   9.4960644e-03
   5.3653091e+06   1.3457401e+01   3.0066548e+00   3.7828471e-01   2.6933794e-13   1.6842341e+01   1.0000000e+00   9.4584618e-03
   9.9360663e+05   6.3308827e+02   2.2646734e+01   8.5689462e+00   8.3419359e-14   6.6430395e+02   1.0000000e+00   9.4533850e-03
   8.8359327e+05   8.7591985e+02   3.0316208e+01   1.0146820e+01   7.6510916e-14   9.1638288e+02   1.0000000e+00   9.4362895e-03
   1.4551630e+06   2.2309178e+02   1.0720897e+01   3.5730227e+00   1.1150405e-13   2.3738570e+02   1.0000000e+00   9.3863288e-03
   1.4793598e+06   2.4908835e+02   1.2010170e+01   5.2137492e+00   1.0774760e-13   2.6631227e+02   1.0000000e+00   9.2868513e-03
   8.1118635e+06   2.1591361e+00   5.5638582e-01   2.4219526e-01   5.5373545e-13   2.9577172e+00   1.0000000e+00   9.2571113e-03
   8.5331145e+06   2.1833609e-01   7.1063521e-02   2.0311629e-02   1.6244803e-12   3.0971124e-01   1.0000000e+00   9.2470949e-03
   1.4014881e+06   3.2038656e+02   1.7890911e+01   5.5452923e+00   1.0023116e-13   3.4382276e+02   1.0000000e+00   9.1350185e-03
   2.0483089e+06   1.3400949e+02   9.6861545e+00   3.2509070e+00   1.2829110e-13   1.4694655e+02   1.0000000e+00   9.1148601e-03
   1.1668332e+06   3.7398284e+02   1.8577062e+01   5.4146728e+00   9.6165539e-14   3.9797458e+02   1.0000000e+00   9.1141485e-03
   8.5068044e+06   4.1487766e-01   1.2581394e-01   3.4641666e-02   1.1981593e-12   5.7533326e-01   1.0000000e+00   9.0607198e-03
   8.2898064e+06   4.8468519e-01   1.6716865e-01   5.0871971e-02   1.0889338e-12   7.0272580e-01   1.0000000e+00   9.0350461e-03
   7.8615383e+06   5.3084658e-01   1.7204614e-01   6.8695345e-02   1.0426712e-12   7.7158807e-01   1.0000000e+00   9.0107056e-03
   9.9954380e+05   6.2288948e+02   2.3087134e+01   8.3205834e+00   8.3761058e-14   6.5429719e+02   1.0000000e+00   8.9189222e-03
   9.1780410e+05   6.9490949e+02   2.2201376e+01   7.4236179e+00   8.1447248e-14   7.2453449e+02   1.0000000e+00   8.9023360e-03
   8.4590845e+06   1.1212946e-01   3.2685892e-02   1.0000000e-02   2.2871981e-12   1.5481535e-01   1.0000000e+00   8.8689832e-03
   7.8137858e+05   9.4545543e+02   2.6626698e+01   9.7654003e+00   7.5019010e-14   9.8184753e+02   1.0000000e+00   8.8058006e-03
   7.6299936e+05   9.9584015e+02   4.5592966e+01   1.6045797e+01   7.3687560e-14   1.0574789e+03   1.0000000e+00   8.7558721e-03
   9.4786711e+05   6.4229429e+02   2.7580593e+01   7.5076501e+00   8.2967526e-14   6.7738254e+02   1.0000000e+00   8.7528502e-03
   8.5272874e+06   3.6923578e-01   1.3177352e-01   3.5142632e-02   1.2435532e-12   5.3615193e-01   1.0000000e+00   8.7509692e-03
   7.8570020e+05   9.6695965e+02   2.7502127e+01   1.0538464e+01   7.4545667e-14   1.0050002e+03   1.0000000e+00   8.7422815e-03
   8.1466836e+05   9.7578831e+02   2.6611658e+01   1.0678874e+01   7.4420155e-14   1.0130788e+03   1.0000000e+00   8.7181854e-03
   1.4586218e+06   2.5854879e+02   1.2688058e+01   4.8557883e+00   1.0661256e-13   2.7609264e+02   1.0000000e+00   8.6634428e-03
   8.5200425e+05   7.9113532e+02   2.7201739e+01   1.0597359e+01   7.8533878e-14   8.2893442e+02   1.0000000e+00   8.6499635e-03
   7.8537930e+05   1.0000000e+03   1.0000000e+02   3.6125136e+01   7.3329598e-14   1.1361251e+03   1.0000000e+00   8.6317044e-03
   6.5690530e+06   2.4428747e+00   7.4126395e-01   1.8705497e-01   5.1996173e-13   3.3711937e+00   1.0000000e+00   8.5852550e-03
   6.3066843e+06   1.0000000e-01   1.2047429e-02   1.0000000e-02   2.6848557e-12   1.2204743e-01   1.0000000e+00   8.5776917e-03
   8.3510573e+06   1.0838560e-01   3.4321390e-02   1.0311899e-02   2.3014854e-12   1.5301889e-01   1.0000000e+00   8.5557961e-03
   1.1611112e+06   3.9454933e+02   1.8894159e+01   5.4329407e+00   9.4754658e-14   4.1887643e+02   1.0000000e+00   8.5509304e-03
   6.2103648e+06   1.0000000e-01   1.0858025e-02   1.0180744e-02   2.7249091e-12   1.2103877e-01   1.0000000e+00   8.5374681e-03
   8.4658032e+05   7.7285956e+02   2.8983281e+01   9.3378432e+00   7.9012868e-14   8.1118069e+02   1.0000000e+00   8.5200461e-03
   1.2186468e+06   4.1083778e+02   1.9623850e+01   5.3908362e+00   9.3715114e-14   4.3585247e+02   1.0000000e+00   8.5182187e-03
   8.6830468e+06   2.7284441e-01   7.7291568e-02   2.6662243e-02   1.4750835e-12   3.7679822e-01   1.0000000e+00   8.4961196e-03
   1.2817023e+06   3.5547106e+02   1.8294623e+01   5.1881650e+00   9.7437639e-14   3.7895385e+02   1.0000000e+00   8.4907262e-03
   8.6599328e+05   8.2498777e+02   3.0516349e+01   1.0441331e+01   7.7616438e-14   8.6594545e+02   1.0000000e+00   8.4874066e-03
   9.0238364e+05   7.4159512e+02   2.3261316e+01   8.8837965e+00   8.0007821e-14   7.7374023e+02   1.0000000e+00   8.4313822e-03
   1.8861046e+06   1.4955802e+02   1.0631967e+01   2.8923667e+00   1.2430541e-13   1.6308235e+02   1.0000000e+00   8.4149193e-03
   7.9486317e+05   9.9980780e+02   6.2609245e+01   1.4346299e+01   7.3515482e-14   1.0767633e+03   1.0000000e+00   8.4033287e-03
   6.2648928e+06   1.0000000e-01   1.1684414e-02   1.0027447e-02   2.6965293e-12   1.2171186e-01   1.0000000e+00   8.3963911e-03
   1.1132529e+06   4.7670626e+02   1.8007425e+01   5.3140921e+00   9.0199266e-14   5.0002778e+02   1.0000000e+00   8.3333153e-03
   9.8951391e+05   6.6294987e+02   2.2789408e+01   7.6634867e+00   8.2477308e-14   6.9340277e+02   1.0000000e+00   8.3046614e-03
   1.6320510e+06   2.2580259e+02   1.5051667e+01   3.6581821e+00   1.1048578e-13   2.4451244e+02   1.0000000e+00   8.2969928e-03
   1.0549456e+06   5.7890342e+02   2.1132069e+01   7.5632616e+00   8.5515114e-14   6.0759875e+02   1.0000000e+00   8.2898577e-03
   1.3540285e+06   2.9766878e+02   1.7357777e+01   5.1622283e+00   1.0219521e-13   3.2018878e+02   1.0000000e+00   8.2831376e-03
   7.9976574e+05   9.3969882e+02   2.7044516e+01   9.7424866e+00   7.5123082e-14   9.7648582e+02   1.0000000e+00   8.2326717e-03
   8.5017453e+06   1.4090796e-01   3.8911655e-02   1.4755199e-02   2.0439226e-12   1.9457482e-01   1.0000000e+00   8.2254931e-03
   7.6089556e+06   1.9505637e-01   4.8444780e-02   1.4725357e-02   1.7744790e-12   2.5822651e-01   1.0000000e+00   8.2125572e-03
   8.4681179e+05   7.5885147e+02   2.5002470e+01   8.0734808e+00   7.9527642e-14   7.9192742e+02   1.0000000e+00   8.1731691e-03
   1.1936961e+06   3.3368814e+02   1.6455799e+01   5.6915083e+00   9.9339630e-14   3.5583544e+02   1.0000000e+00   8.1612175e-03
   1.4584788e+06   2.7427751e+02   1.6499469e+01   4.8808356e+00   1.0455289e-13   2.9565781e+02   1.0000000e+00   8.1338970e-03
   1.3290521e+06   3.2548114e+02   1.7110416e+01   4.7263283e+00   9.9858988e-14   3.4731788e+02   1.0000000e+00   8.1090450e-03
   7.7237292e+06   2.0575924e-01   5.7776414e-02   1.4921278e-02   1.7099144e-12   2.7845693e-01   1.0000000e+00   8.1089980e-03
   1.2917489e+06   3.0568950e+02   1.8275169e+01   5.0152717e+00   1.0147742e-13   3.2897994e+02   1.0000000e+00   8.1001111e-03
   1.8472794e+06   1.6151947e+02   8.7724624e+00   3.2775462e+00   1.2216144e-13   1.7356948e+02   1.0000000e+00   8.0896915e-03
   7.7469476e+06   1.2907388e-01   3.9579772e-02   1.1693855e-02   2.1214851e-12   1.8034750e-01   1.0000000e+00   8.0712082e-03
   7.7400865e+06   1.3175093e+00   2.6528318e-01   8.5975705e-02   7.2161800e-13   1.6687682e+00   1.0000000e+00   8.0171190e-03
   8.9957597e+05   7.2557690e+02   2.6306677e+01   8.8941509e+00   8.0368491e-14   7.6077773e+02   1.0000000e+00   7.9901397e-03
   8.1089002e+06   1.4060319e-01   4.1709422e-02   1.0000000e-02   2.0559488e-12   1.9231261e-01   1.0000000e+00   7.9776779e-03
   1.4721155e+06   2.4106409e+02   1.1962828e+01   5.1782372e+00   1.0871318e-13   2.5820516e+02   1.0000000e+00   7.9519691e-03
   7.7526064e+06   1.3277595e+00   3.8394622e-01   1.1874187e-01   6.8642268e-13   1.8304476e+00   1.0000000e+00   7.9396988e-03
   7.9545635e+06   1.1968565e-01   3.1937579e-02   1.0460618e-02   2.2338205e-12   1.6208385e-01   1.0000000e+00   7.9194655e-03
   8.2154725e+05   8.4660678e+02   2.8836010e+01   9.9110552e+00   7.7143781e-14   8.8535384e+02   1.0000000e+00   7.8956708e-03
   6.3259850e+06   1.0000000e-01   1.2416580e-02   1.0000000e-02   2.6734896e-12   1.2241658e-01   1.0000000e+00   7.8535435e-03
   1.1050336e+06   4.4198165e+02   1.7642650e+01   5.2769519e+00   9.2042337e-14   4.6490125e+02   1.0000000e+00   7.8521263e-03
   4.2128362e+06   2.7480072e+01   3.7665937e+00   3.1582689e+00   2.0772571e-13   3.4404935e+01   1.0000000e+00   7.8448059e-03
   1.2201725e+06   4.4642222e+02   1.9549972e+01   5.7712473e+00   9.1772408e-14   4.7174344e+02   1.0000000e+00   7.8412384e-03
   8.3485246e+06   1.0000000e-01   3.0323360e-02   1.0310375e-02   2.3996952e-12   1.4063373e-01   1.0000000e+00   7.8044546e-03
   6.5267924e+06   2.1511805e+00   3.7099101e-01   2.1951496e-01   5.7406609e-13   2.7416864e+00   1.0000000e+00   7.7877983e-03
   6.4603316e+06   2.3953389e+00   4.1827071e-01   9.3804488e-02   5.6066028e-13   2.9074141e+00   1.0000000e+00   7.7575739e-03
   7.8417085e+06   5.8276759e-01   1.4476247e-01   7.1726855e-02   1.0234267e-12   7.9925692e-01   1.0000000e+00   7.7395355e-03
   1.2953232e+06   3.7969860e+02   1.6648583e+01   6.0952068e+00   9.5890826e-14   4.0244239e+02   1.0000000e+00   7.7220146e-03
   5.2786306e+06   1.1251727e+01   3.8747223e+00   6.2764676e-01   2.7715818e-13   1.5754096e+01   1.0000000e+00   7.7097686e-03
   9.0394781e+05   7.2075950e+02   2.6748279e+01   9.1460023e+00   8.0490365e-14   7.5665379e+02   1.0000000e+00   7.7028632e-03
   1.0045636e+06   6.1765437e+02   2.3084236e+01   8.3874424e+00   8.3945074e-14   6.4912605e+02   1.0000000e+00   7.6973260e-03
   7.7238060e+06   1.9814600e-01   6.0867243e-02   1.6488732e-02   1.7198811e-12   2.7550198e-01   1.0000000e+00   7.6945841e-03
   8.4466565e+06   1.6344198e-01   4.8593244e-02   1.2585131e-02   1.9036039e-12   2.2462036e-01   1.0000000e+00   7.6895338e-03
   8.8612970e+05   6.9443303e+02   2.4714465e+01   1.2056120e+01   8.1314035e-14   7.3120361e+02   1.0000000e+00   7.6860298e-03
   4.3080617e+06   3.5287099e+01   3.7744306e+00   3.1052379e+00   1.9541702e-13   4.2166768e+01   1.0000000e+00   7.6846659e-03
   8.3936145e+06   1.7036128e-01   4.4249802e-02   1.0000000e-02   1.9132759e-12   2.2461108e-01   1.0000000e+00   7.6845381e-03
   1.1285628e+06   4.9939793e+02   1.9954489e+01   7.4441710e+00   8.8939280e-14   5.2679659e+02   1.0000000e+00   7.6798661e-03
   8.1416825e+06   1.6506358e-01   5.0960548e-02   1.6964748e-02   1.8682322e-12   2.3298888e-01   1.0000000e+00   7.6725597e-03
   1.2685416e+06   3.2831871e+02   1.8957696e+01   5.4880726e+00   9.9463421e-14   3.5276448e+02   1.0000000e+00   7.6454773e-03
   7.8235111e+06   2.7141887e-01   7.4885971e-02   2.1787109e-02   1.4885480e-12   3.6809195e-01   1.0000000e+00   7.6046783e-03
   8.6159732e+06   2.5387327e-01   7.3118074e-02   2.4373262e-02   1.5258747e-12   3.5136461e-01   1.0000000e+00   7.5670441e-03
   1.4572377e+06   2.6535312e+02   1.3447369e+01   4.7907518e+00   1.0578790e-13   2.8359125e+02   1.0000000e+00   7.5396357e-03
   2.6774994e+06   7.4054858e+01   8.5250464e+00   2.0220001e+00   1.5217592e-13   8.4601905e+01   1.0000000e+00   7.5344001e-03
   7.1263413e+06   1.0000000e-01   1.8101292e-02   1.0212133e-02   2.5416116e-12   1.2831342e-01   1.0000000e+00   7.5197251e-03
   7.8031179e+05   1.0000000e+03   1.0000000e+02   3.0931214e+01   7.3338572e-14   1.1309312e+03   1.0000000e+00   7.5089491e-03
   8.7095553e+06   1.5893238e-01   4.6423878e-02   1.4474077e-02   1.9242348e-12   2.1983033e-01   1.0000000e+00   7.5029284e-03
   1.4326639e+06   2.8759075e+02   1.6617304e+01   4.7377977e+00   1.0325295e-13   3.0894585e+02   1.0000000e+00   7.4981802e-03
   7.7907557e+06   6.0884390e-01   1.8113421e-01   6.3714848e-02   9.8816720e-13   8.5369296e-01   1.0000000e+00   7.4866091e-03
   3.2602833e+06   4.1031261e+01   3.7768379e+00   2.7190686e+00   1.8424018e-13   4.7527168e+01   1.0000000e+00   7.4665297e-03
   6.6505856e+06   1.9433915e+00   4.3302198e-01   1.2182209e-01   5.9392012e-13   2.4982356e+00   1.0000000e+00   7.4638122e-03
   7.5472400e+06   1.9027204e-01   4.9578493e-02   1.4909956e-02   1.7858530e-12   2.5476049e-01   1.0000000e+00   7.4448490e-03
   7.8614425e+06   6.8137969e-01   1.8105495e-01   6.7564863e-02   9.4731238e-13   9.2999950e-01   1.0000000e+00   7.4395704e-03
   7.8405107e+06   6.6519396e-01   1.8160616e-01   6.2567860e-02   9.5716966e-13   9.0936798e-01   1.0000000e+00   7.4292840e-03
   9.8105670e+05   5.8220838e+02   2.1359921e+01   7.3715479e+00   8.5334608e-14   6.1093984e+02   1.0000000e+00   7.4108113e-03
   7.1048163e+06   1.0000000e-01   1.9412741e-02   1.0633873e-02   2.5185772e-12   1.3004661e-01   1.0000000e+00   7.3918718e-03
   8.2437875e+05   8.4048296e+02   3.0635430e+01   1.0006402e+01   7.7251922e-14   8.8112479e+02   1.0000000e+00   7.3777879e-03
   7.8867513e+06   1.8884608e+00   3.3677460e-01   2.3738058e-01   6.1036383e-13   2.4626160e+00   1.0000000e+00   7.3660580e-03
   8.5770326e+05   8.3858687e+02   2.8706403e+01   9.7104818e+00   7.7337671e-14   8.7700376e+02   1.0000000e+00   7.3521311e-03
   7.7764356e+06   9.6819156e-01   3.2663335e-01   6.6671789e-02   7.9319656e-13   1.3614967e+00   1.0000000e+00   7.3364532e-03
   7.8702574e+06   1.9825979e-01   5.3996723e-02   1.7621287e-02   1.7348116e-12   2.6987780e-01   1.0000000e+00   7.3210133e-03
   8.4598894e+06   2.3314400e-01   6.9023617e-02   2.3374855e-02   1.5835046e-12   3.2554248e-01   1.0000000e+00   7.3205166e-03
   8.9104161e+05   6.8568060e+02   2.6263691e+01   9.2004693e+00   8.1587232e-14   7.2114476e+02   1.0000000e+00   7.2819023e-03
   8.1971495e+06   1.1871077e-01   3.6087631e-02   1.0162149e-02   2.2158904e-12   1.6496055e-01   1.0000000e+00   7.2553027e-03
   8.4327049e+06   1.4612252e-01   4.5254324e-02   1.1619582e-02   2.0015040e-12   2.0299643e-01   1.0000000e+00   7.2465796e-03
   8.5365313e+06   2.5385167e-01   6.4207207e-02   1.8078237e-02   1.5640793e-12   3.3613711e-01   1.0000000e+00   7.2453738e-03
   5.3207387e+06   1.6101288e+01   3.8442536e+00   7.3559607e-01   2.4855090e-13   2.0681138e+01   1.0000000e+00   7.1938911e-03
   7.7788759e+05   1.0000000e+03   8.1033391e+01   2.2784237e+01   7.3400038e-14   1.1038176e+03   1.0000000e+00   7.1885458e-03
   8.0909137e+06   1.3388272e-01   4.1045645e-02   1.0000000e-02   2.0959525e-12   1.8492836e-01   1.0000000e+00   7.1844240e-03
   8.0867310e+06   1.3469504e-01   4.1017646e-02   1.0000000e-02   2.0914595e-12   1.8571268e-01   1.0000000e+00   7.1830642e-03
   7.8109998e+05   9.9997133e+02   9.9373964e+01   2.8204071e+01   7.3345413e-14   1.1275494e+03   1.0000000e+00   7.1763434e-03
   8.2726955e+06   4.3001320e-01   1.5516193e-01   4.9500955e-02   1.1467846e-12   6.3467608e-01   1.0000000e+00   7.1578858e-03
   1.2651563e+06   3.1122253e+02   1.7131771e+01   4.7394354e+00   1.0112783e-13   3.3309373e+02   1.0000000e+00   7.1344328e-03
   7.1565920e+06   1.0204850e-01   1.8935674e-02   1.0162927e-02   2.5098597e-12   1.3114710e-01   1.0000000e+00   7.1343160e-03
   7.8633675e+06   7.2027590e-01   1.7036835e-01   7.5085794e-02   9.3236363e-13   9.6573005e-01   1.0000000e+00   7.1161686e-03
   9.0147471e+05   7.0813943e+02   2.6115621e+01   8.7835539e+00   8.0889336e-14   7.4303861e+02   1.0000000e+00   7.1104403e-03
   1.3121324e+06   3.4035224e+02   1.5616918e+01   5.8104409e+00   9.8728053e-14   3.6177960e+02   1.0000000e+00   7.0895222e-03
   5.5841044e+06   7.4106220e+00   1.8605581e+00   8.1793211e-01   3.2632387e-13   1.0089112e+01   1.0000000e+00   7.0820949e-03
   1.0313485e+06   5.4524947e+02   2.0832323e+01   7.4732295e+00   8.6822030e-14   5.7355502e+02   1.0000000e+00   7.0448402e-03
   8.5368170e+06   2.1028470e-01   6.7469823e-02   2.0711097e-02   1.6540964e-12   2.9846562e-01   1.0000000e+00   7.0305675e-03
   8.5875265e+06   5.0100002e-01   1.4213279e-01   4.6301194e-02   1.0973250e-12   6.8943401e-01   1.0000000e+00   7.0260419e-03
   8.3664279e+05   7.9502639e+02   2.8733231e+01   9.7933291e+00   7.8429088e-14   8.3355295e+02   1.0000000e+00   6.9920297e-03
   2.6806743e+06   6.6223675e+01   7.3055276e+00   2.0474365e+00   1.5747571e-13   7.5576639e+01   1.0000000e+00   6.9700685e-03
   7.8985792e+05   1.0000000e+03   8.5932232e+01   2.4102725e+01   7.3383139e-14   1.1100350e+03   1.0000000e+00   6.9601607e-03
   2.4368004e+06   9.1331254e+01   8.9701386e+00   3.2227276e+00   1.4282390e-13   1.0352412e+02   1.0000000e+00   6.9400528e-03
   1.0569086e+06   5.0229112e+02   2.0441787e+01   7.7568504e+00   8.8720847e-14   5.3048976e+02   1.0000000e+00   6.9390478e-03
   1.0483549e+06   5.8882759e+02   2.3762909e+01   9.6844219e+00   8.4976051e-14   6.2227492e+02   1.0000000e+00   6.9134516e-03
   1.8981511e+06   1.1374860e+02   1.0831808e+01   2.8581254e+00   1.3431326e-13   1.2743854e+02   1.0000000e+00   6.8967186e-03
   8.7764252e+05   8.1236282e+02   2.6736813e+01   9.2198715e+00   7.8040832e-14   8.4831950e+02   1.0000000e+00   6.8832116e-03
   8.3840737e+06   8.1288825e-01   2.2314138e-01   8.7562164e-02   8.6740254e-13   1.1235918e+00   1.0000000e+00   6.8722529e-03
   8.5021665e+06   1.0000000e-01   3.2663738e-02   1.0000000e-02   2.3849139e-12   1.4266374e-01   1.0000000e+00   6.8669616e-03
   7.7209239e+06   2.1169727e-01   5.0319433e-02   2.1006574e-02   1.6981165e-12   2.8302328e-01   1.0000000e+00   6.8516737e-03
   9.2216316e+05   7.4695025e+02   2.8706780e+01   9.5707145e+00   7.9714361e-14   7.8522775e+02   1.0000000e+00   6.8495315e-03
   7.6988749e+06   1.7653417e-01   4.4173065e-02   1.4692481e-02   1.8570634e-12   2.3539972e-01   1.0000000e+00   6.8443833e-03
   2.7357181e+06   5.9435476e+01   6.4878546e+00   1.4613092e+00   1.6344332e-13   6.7384640e+01   1.0000000e+00   6.8280325e-03
   7.5151871e+06   3.2743671e+00   7.6020350e-01   2.8654895e-01   4.6601588e-13   4.3211195e+00   1.0000000e+00   6.8196064e-03
   8.1519721e+05   8.9707956e+02   2.6982882e+01   1.0055386e+01   7.6026068e-14   9.3411783e+02   1.0000000e+00   6.8110190e-03
   1.5223320e+06   1.7218006e+02   1.1183751e+01   3.3434119e+00   1.1997080e-13   1.8670722e+02   1.0000000e+00   6.7784821e-03
   4.3767757e+06   2.5270037e+01   3.6377121e+00   3.1604376e+00   2.1336981e-13   3.2068187e+01   1.0000000e+00   6.7531043e-03
   8.2652275e+05   9.7732451e+02   2.7046522e+01   1.0535548e+01   7.4408716e-14   1.0149066e+03   1.0000000e+00   6.7521277e-03
   6.3953189e+06   4.5173472e+00   1.2334016e+00   2.7622906e-01   4.0229508e-13   6.0269779e+00   1.0000000e+00   6.7391057e-03
   7.7093626e+06   3.3837349e-01   7.7728747e-02   2.3274425e-02   1.3678243e-12   4.3937666e-01   1.0000000e+00   6.7156099e-03
   4.6962284e+06   2.1408088e+01   4.6530744e+00   3.3966784e+00   2.2190257e-13   2.9457841e+01   1.0000000e+00   6.7058189e-03
   8.5972093e+06   2.6399414e-01   8.1116387e-02   2.1400525e-02   1.4954869e-12   3.6651105e-01   1.0000000e+00   6.6902387e-03
   8.9321282e+05   6.6143989e+02   2.1558251e+01   7.2316292e+00   8.2585127e-14   6.9022978e+02   1.0000000e+00   6.6896577e-03
   7.8257970e+05   8.5989268e+02   2.5916492e+01   9.7084715e+00   7.6968268e-14   8.9551764e+02   1.0000000e+00   6.6811183e-03
   8.4455500e+06   1.1795165e-01   3.5047762e-02   1.0409357e-02   2.2267365e-12   1.6340877e-01   1.0000000e+00   6.6773993e-03
   8.0529685e+05   9.2956386e+02   2.4829164e+01   1.0048567e+01   7.5386416e-14   9.6444159e+02   1.0000000e+00   6.6701403e-03
   7.8468334e+06   6.0293622e-01   1.6589040e-01   6.5002750e-02   9.9935600e-13   8.3382937e-01   1.0000000e+00   6.6593060e-03
   8.4302440e+06   1.6429587e-01   4.9763641e-02   1.3082124e-02   1.8926262e-12   2.2714163e-01   1.0000000e+00   6.6568412e-03
   7.8490816e+06   6.4824517e-01   1.7937145e-01   6.2693210e-02   9.6717561e-13   8.9030983e-01   1.0000000e+00   6.6527116e-03
   8.0793813e+05   9.1977979e+02   2.5266463e+01   1.0180757e+01   7.5578155e-14   9.5522701e+02   1.0000000e+00   6.6495554e-03
   8.2323911e+06   1.3812861e-01   3.8176283e-02   1.1586840e-02   2.0766644e-12   1.8789174e-01   1.0000000e+00   6.6344585e-03
   6.0784094e+06   1.0000192e-01   1.0718694e-02   1.0000000e-02   2.7310080e-12   1.2072061e-01   1.0000000e+00   6.5989550e-03
   2.7454791e+06   3.7664984e+01   6.1443855e+00   2.1687272e+00   1.8795433e-13   4.5978096e+01   1.0000000e+00   6.5981847e-03
   8.5152809e+05   9.1280625e+02   2.7059396e+01   9.8294206e+00   7.5739314e-14   9.4969507e+02   1.0000000e+00   6.5971697e-03
   1.1855927e+06   3.6792557e+02   1.9183194e+01   5.1940499e+00   9.6543274e-14   3.9230282e+02   1.0000000e+00   6.5810030e-03
   9.6298587e+05   5.6913787e+02   2.3804222e+01   7.3868260e+00   8.5795824e-14   6.0032892e+02   1.0000000e+00   6.5707631e-03
   8.4896048e+06   1.4881149e-01   4.1680698e-02   1.3802124e-02   1.9936403e-12   2.0429431e-01   1.0000000e+00   6.5618499e-03
   8.3380221e+06   4.3105700e-01   1.4622237e-01   4.3603371e-02   1.1558003e-12   6.2088274e-01   1.0000000e+00   6.5561237e-03
   8.3936059e+06   1.4753528e-01   4.3784764e-02   1.0000000e-02   2.0130991e-12   2.0132004e-01   1.0000000e+00   6.5525270e-03
   6.2071273e+06   1.0000000e-01   1.0421108e-02   1.0000000e-02   2.7426337e-12   1.2042111e-01   1.0000000e+00   6.5441876e-03
   1.1723510e+06   4.0496292e+02   1.9164421e+01   5.3943242e+00   9.4070900e-14   4.2952166e+02   1.0000000e+00   6.5390158e-03
   7.6847713e+05   1.0000000e+03   5.5250590e+01   1.4955816e+01   7.3543979e-14   1.0702064e+03   1.0000000e+00   6.5367445e-03
   8.4452318e+06   1.6785633e-01   5.0905969e-02   1.2458223e-02   1.8776636e-12   2.3122052e-01   1.0000000e+00   6.5184373e-03
   5.9134150e+06   1.0000000e-01   1.1426495e-02   1.0000000e-02   2.7080764e-12   1.2142649e-01   1.0000000e+00   6.5153267e-03
   7.7600223e+06   5.6955571e-01   1.8262487e-01   7.1662999e-02   1.0095802e-12   8.2384357e-01   1.0000000e+00   6.5145215e-03
   2.5526237e+06   8.1087721e+01   8.0716306e+00   3.6648137e+00   1.4787124e-13   9.2824166e+01   1.0000000e+00   6.4952885e-03
   7.7556968e+06   1.0636840e+00   2.7208310e-01   6.7701945e-02   7.7926284e-13   1.4034691e+00   1.0000000e+00   6.4945165e-03
   8.4556686e+05   7.2847162e+02   2.5735071e+01   1.1514476e+01   8.0337355e-14   7.6572116e+02   1.0000000e+00   6.4808715e-03
   7.1555111e+06   1.0000000e-01   1.2942724e-02   1.0000000e-02   2.6637617e-12   1.2294272e-01   1.0000000e+00   6.4672962e-03
   7.6298286e+05   9.9999985e+02   4.6143500e+01   1.6755981e+01   7.3597632e-14   1.0628993e+03   1.0000000e+00   6.4638137e-03
   9.2097758e+05   7.8543931e+02   2.7349267e+01   1.1005692e+01   7.8729822e-14   8.2379427e+02   1.0000000e+00   6.4612434e-03
   7.8362598e+06   1.0000000e-01   2.4193065e-02   1.0086443e-02   2.4578026e-12   1.3427951e-01   1.0000000e+00   6.4414964e-03
   7.7934122e+06   1.0009596e-01   2.2769166e-02   1.0167761e-02   2.4731441e-12   1.3303289e-01   1.0000000e+00   6.4300479e-03
   8.6031956e+05   8.2245117e+02   2.8609316e+01   9.7953462e+00   7.7725112e-14   8.6085583e+02   1.0000000e+00   6.4164324e-03
   7.6524976e+05   9.9976534e+02   5.4648111e+01   1.4895529e+01   7.3555288e-14   1.0693090e+03   1.0000000e+00   6.4130369e-03
   7.0123400e+06   1.0000000e-01   1.4239484e-02   1.0000000e-02   2.6241479e-12   1.2423948e-01   1.0000000e+00   6.3829773e-03
   8.1962056e+06   1.1978911e-01   3.6109782e-02   1.0323487e-02   2.2072539e-12   1.6622238e-01   1.0000000e+00   6.3775633e-03
   8.3371523e+06   1.0746776e-01   3.4209623e-02   1.0206467e-02   2.3101737e-12   1.5188385e-01   1.0000000e+00   6.3581110e-03
   9.4638466e+05   5.9762798e+02   2.0597441e+01   7.5315692e+00   8.4810693e-14   6.2575699e+02   1.0000000e+00   6.3475982e-03
   2.8116570e+06   5.4337740e+01   6.5361476e+00   1.5227791e+00   1.6756002e-13   6.2396667e+01   1.0000000e+00   6.3200168e-03
   8.4761169e+06   1.5035190e-01   4.1927622e-02   1.4039839e-02   1.9838854e-12   2.0631936e-01   1.0000000e+00   6.2962984e-03
   8.4884174e+06   1.0308751e-01   3.2476908e-02   1.0377822e-02   2.3569163e-12   1.4594224e-01   1.0000000e+00   6.2934114e-03
   6.0048121e+06   1.0000000e-01   1.0268255e-02   1.0000000e-02   2.7485859e-12   1.2026825e-01   1.0000000e+00   6.2853569e-03
   7.7097714e+06   3.3113771e-01   7.8416442e-02   2.3312336e-02   1.3767957e-12   4.3286649e-01   1.0000000e+00   6.2688224e-03
   7.1271834e+06   1.0000000e-01   1.3412388e-02   1.0065571e-02   2.6483709e-12   1.2347796e-01   1.0000000e+00   6.2509804e-03
   7.7427519e+06   1.7918343e-01   4.6677289e-02   1.4790753e-02   1.8363215e-12   2.4065147e-01   1.0000000e+00   6.2461498e-03
   8.9892724e+05   7.1011032e+02   2.6441609e+01   8.8669582e+00   8.0821183e-14   7.4541888e+02   1.0000000e+00   6.2240986e-03
   1.0371236e+06   5.4038374e+02   2.0648155e+01   7.5106661e+00   8.7032976e-14   5.6854256e+02   1.0000000e+00   6.2230869e-03
   8.2328425e+06   1.4171636e-01   3.7142894e-02   1.1349749e-02   2.0653419e-12   1.9020900e-01   1.0000000e+00   6.2224599e-03
   8.8137653e+05   8.1728754e+02   2.7175522e+01   9.0684333e+00   7.7919260e-14   8.5353149e+02   1.0000000e+00   6.2086537e-03
   9.1218538e+06   3.6349218e-01   1.1204585e-01   3.8014334e-02   1.2710627e-12   5.1355236e-01   1.0000000e+00   6.2058214e-03
   1.0494469e+06   5.4805054e+02   2.0886350e+01   7.5205566e+00   8.6710644e-14   5.7645745e+02   1.0000000e+00   6.1950648e-03
   7.8545993e+05   9.6110782e+02   2.7352890e+01   1.0450383e+01   7.4667780e-14   9.9891109e+02   1.0000000e+00   6.1931703e-03
   1.2901109e+06   3.6085532e+02   1.8314783e+01   5.1825177e+00   9.7066705e-14   3.8435262e+02   1.0000000e+00   6.1774395e-03
   7.9283844e+05   9.9915263e+02   6.6021381e+01   1.4622467e+01   7.3509498e-14   1.0797965e+03   1.0000000e+00   6.1769518e-03
   1.3496641e+06   2.7735873e+02   7.8630029e+00   5.0465417e+00   1.0568591e-13   2.9026827e+02   1.0000000e+00   6.1504952e-03
   1.2414910e+06   3.1683889e+02   1.5770069e+01   4.6645069e+00   1.0079113e-13   3.3727346e+02   1.0000000e+00   6.1417766e-03
   8.6152273e+06   2.5368613e-01   7.2879130e-02   2.4371073e-02   1.5268056e-12   3.5093634e-01   1.0000000e+00   6.1402475e-03
   2.7479143e+06   3.5258319e+01   6.0481225e+00   2.1141770e+00   1.9231302e-13   4.3420618e+01   1.0000000e+00   6.1020230e-03
   9.9112395e+05   6.0358111e+02   2.2897427e+01   9.2905874e+00   8.4415505e-14   6.3576912e+02   1.0000000e+00   6.0976543e-03
   7.7677681e+05   1.0000000e+03   9.7987198e+01   4.2805350e+01   7.3328141e-14   1.1407925e+03   1.0000000e+00   6.0957665e-03
   1.0851634e+06   4.6163848e+02   1.6941823e+01   5.9432134e+00   9.0997381e-14   4.8452352e+02   1.0000000e+00   6.0877479e-03
   2.6428990e+06   7.6801574e+01   7.7436830e+00   3.5875945e+00   1.5035095e-13   8.8132852e+01   1.0000000e+00   6.0852866e-03
   7.7125513e+06   1.0000000e-01   2.5766229e-02   1.3216107e-02   2.4264254e-12   1.3898234e-01   1.0000000e+00   6.0779071e-03
   8.6684126e+06   1.5460340e-01   4.5635288e-02   1.4546533e-02   1.9459798e-12   2.1478522e-01   1.0000000e+00   6.0743638e-03
   7.7792723e+06   3.0916649e-01   8.9883780e-02   2.3739679e-02   1.3913861e-12   4.2278995e-01   1.0000000e+00   6.0678688e-03
   7.0865530e+06   1.0000000e-01   2.2086934e-02   1.0000000e-02   2.4868544e-12   1.3208693e-01   1.0000000e+00   6.0665646e-03
   6.3804223e+06   6.6702016e+00   1.5641338e+00   2.8274582e-01   3.5006457e-13   8.5170812e+00   1.0000000e+00   6.0576302e-03
   1.6210618e+06   2.1261764e+02   1.5475287e+01   3.9155008e+00   1.1212975e-13   2.3200843e+02   1.0000000e+00   6.0563368e-03
   8.8795959e+06   3.2329951e-01   9.0584420e-02   3.3037162e-02   1.3587893e-12   4.4692109e-01   1.0000000e+00   6.0351292e-03
   8.4752534e+06   1.5012207e-01   4.3507442e-02   1.4135280e-02   1.9767354e-12   2.0776480e-01   1.0000000e+00   6.0228731e-03
   1.0253080e+06   4.9514926e+02   1.8989752e+01   7.7685147e+00   8.9180572e-14   5.2190752e+02   1.0000000e+00   5.9999422e-03
   7.8306137e+05   1.0000000e+03   9.1671161e+01   2.9206416e+01   7.3357079e-14   1.1208776e+03   1.0000000e+00   5.9957281e-03
   7.6838143e+06   1.7992488e-01   5.2241255e-02   1.6261960e-02   1.8087373e-12   2.4842810e-01   1.0000000e+00   5.9838558e-03
   8.3960624e+06   8.3105639e-01   2.5808146e-01   1.0461970e-01   8.4453359e-13   1.1937576e+00   1.0000000e+00   5.9807626e-03
   1.0946647e+06   4.6466393e+02   1.8643442e+01   5.2534640e+00   9.0769331e-14   4.8856084e+02   1.0000000e+00   5.9791260e-03
   1.2738470e+06   3.8965966e+02   1.9289820e+01   4.9145209e+00   9.5130998e-14   4.1386400e+02   1.0000000e+00   5.9709978e-03
   2.8785922e+06   4.5252277e+01   3.3311222e+00   2.6184615e+00   1.8017462e-13   5.1201860e+01   1.0000000e+00   5.9611079e-03
   1.1091051e+06   4.3677391e+02   1.7466019e+01   5.6613834e+00   9.2317989e-14   4.5990131e+02   1.0000000e+00   5.9521281e-03
   8.4798293e+06   2.4399178e-01   7.3696219e-02   2.1223852e-02   1.5525310e-12   3.3891185e-01   1.0000000e+00   5.9291639e-03
   9.1619445e+05   7.1541474e+02   2.3907716e+01   1.0749370e+01   8.0699606e-14   7.5007183e+02   1.0000000e+00   5.9033314e-03
   1.7414744e+06   1.8241659e+02   1.1306690e+01   2.8978566e+00   1.1767129e-13   1.9662113e+02   1.0000000e+00   5.8801862e-03
   8.1380118e+06   1.4458460e-01   4.2065880e-02   1.0000000e-02   2.0338637e-12   1.9665048e-01   1.0000000e+00   5.8705347e-03
   9.4832585e+05   6.9965096e+02   2.6082359e+01   1.1680441e+01   8.1107646e-14   7.3741376e+02   1.0000000e+00   5.8656607e-03
   2.1628908e+06   9.4673725e+01   1.0878014e+01   2.9938801e+00   1.4098217e-13   1.0854562e+02   1.0000000e+00   5.8614632e-03
   8.6276559e+06   2.3263128e-01   6.6695757e-02   2.0607199e-02   1.5981370e-12   3.1993424e-01   1.0000000e+00   5.8607618e-03
   7.7462891e+05   1.0000000e+03   7.6537953e+01   2.2429960e+01   7.3415319e-14   1.0989679e+03   1.0000000e+00   5.8476269e-03
   9.8692937e+05   5.6292412e+02   2.3532287e+01   7.3961591e+00   8.6017239e-14   5.9385257e+02   1.0000000e+00   5.8428414e-03
   7.1700129e+06   1.0043376e-01   1.7192921e-02   1.0329419e-02   2.5534651e-12   1.2795610e-01   1.0000000e+00   5.8365466e-03
   8.8040773e+05   7.1499951e+02   2.5031562e+01   1.2074388e+01   8.0678420e-14   7.5210546e+02   1.0000000e+00   5.8365427e-03
   1.8753546e+06   1.4014289e+02   9.8159029e+00   3.1803435e+00   1.2664872e-13   1.5313914e+02   1.0000000e+00   5.8303097e-03
   1.8536912e+06   1.1584068e+02   1.1739654e+01   2.8300300e+00   1.3360017e-13   1.3041036e+02   1.0000000e+00   5.8245292e-03
   5.5829673e+06   1.0085606e+01   2.3789660e+00   4.3334689e-01   2.9556876e-13   1.2897919e+01   1.0000000e+00   5.8205156e-03
   8.3825467e+06   8.4911716e-01   2.5879368e-01   1.0573375e-01   8.3763039e-13   1.2136446e+00   1.0000000e+00   5.8031030e-03
   8.7695421e+05   8.0252296e+02   2.8334876e+01   9.7547134e+00   7.8232200e-14   8.4061255e+02   1.0000000e+00   5.7988931e-03
   8.0368308e+05   9.3588063e+02   2.6821249e+01   9.8158670e+00   7.5206804e-14   9.7251774e+02   1.0000000e+00   5.7918544e-03
   7.7608380e+05   9.0681201e+02   2.6533361e+01   9.8385147e+00   7.5865071e-14   9.4318388e+02   1.0000000e+00   5.7769116e-03
   7.7799429e+06   2.7621371e-01   8.6812266e-02   2.1619755e-02   1.4596331e-12   3.8464573e-01   1.0000000e+00   5.7768471e-03
   7.9609462e+06   1.5494339e-01   4.5718003e-02   1.0000000e-02   1.9677170e-12   2.1066139e-01   1.0000000e+00   5.7601515e-03
   9.3622011e+05   5.6898771e+02   2.3923943e+01   7.3316116e+00   8.5878660e-14   6.0024326e+02   1.0000000e+00   5.7486816e-03
   8.3868013e+05   7.8499576e+02   2.6067923e+01   1.0574291e+01   7.8741998e-14   8.2163797e+02   1.0000000e+00   5.7456020e-03
   8.2663488e+06   1.0000000e-01   3.3179743e-02   1.2112964e-02   2.3685868e-12   1.4529271e-01   1.0000000e+00   5.7317628e-03
   6.4317574e+06   1.0000000e-01   1.3003003e-02   1.0000000e-02   2.6561186e-12   1.2300300e-01   1.0000000e+00   5.7300448e-03
   8.3789332e+06   1.0000000e-01   2.8588931e-02   1.0480675e-02   2.4132233e-12   1.3906961e-01   1.0000000e+00   5.7171500e-03
   8.1986113e+05   9.3504478e+02   3.5697427e+01   1.5757084e+01   7.5002557e-14   9.8649929e+02   1.0000000e+00   5.7165320e-03
   1.1145331e+06   4.7569328e+02   1.7908378e+01   5.3161520e+00   9.0255814e-14   4.9891781e+02   1.0000000e+00   5.7143857e-03
   9.7361840e+05   5.4831036e+02   2.4548261e+01   7.6909170e+00   8.6619319e-14   5.8054954e+02   1.0000000e+00   5.7083888e-03
   8.3995717e+06   1.5138324e-01   4.6691103e-02   1.4885024e-02   1.9530594e-12   2.1295937e-01   1.0000000e+00   5.6955033e-03
   1.9068762e+06   1.9765360e+02   1.1447205e+01   2.8375782e+00   1.1584171e-13   2.1193838e+02   1.0000000e+00   5.6918669e-03
   1.3958582e+06   2.7824981e+02   1.7669125e+01   5.0980725e+00   1.0403044e-13   3.0101700e+02   1.0000000e+00   5.6817313e-03
   9.6941850e+05   5.9969772e+02   2.2848659e+01   9.4524515e+00   8.4562637e-14   6.3199883e+02   1.0000000e+00   5.6673507e-03
   1.3418106e+06   2.5344804e+02   1.3549561e+01   4.6705040e+00   1.0730105e-13   2.7166810e+02   1.0000000e+00   5.6622459e-03
   1.1734807e+06   4.5494848e+02   1.8200699e+01   5.3626615e+00   9.1342092e-14   4.7851184e+02   1.0000000e+00   5.6460241e-03
   1.1320758e+06   4.9184386e+02   2.0430593e+01   7.7962785e+00   8.9249263e-14   5.2007074e+02   1.0000000e+00   5.6361889e-03
   1.8699041e+06   1.8190147e+02   9.1169081e+00   3.2586701e+00   1.1848672e-13   1.9427705e+02   1.0000000e+00   5.6295170e-03
   7.8683841e+06   6.9963425e-01   1.8338597e-01   6.7548904e-02   9.3728236e-13   9.5056912e-01   1.0000000e+00   5.5962885e-03
   1.1870041e+06   4.3288208e+02   1.7914977e+01   5.4903095e+00   9.2528627e-14   4.5628737e+02   1.0000000e+00   5.5898323e-03
   8.1029504e+06   1.6079633e-01   5.0948116e-02   1.7286235e-02   1.8857327e-12   2.2903068e-01   1.0000000e+00   5.5737650e-03
   8.7859473e+05   7.7953200e+02   2.7584656e+01   1.0152629e+01   7.8828664e-14   8.1726928e+02   1.0000000e+00   5.5677611e-03
   7.9658689e+06   1.5098843e-01   3.7675691e-02   1.0706742e-02   2.0190969e-12   1.9937086e-01   1.0000000e+00   5.5597898e-03
   9.6994769e+05   5.9695257e+02   2.2976398e+01   9.4667906e+00   8.4660493e-14   6.2939576e+02   1.0000000e+00   5.5534142e-03
   1.3423756e+06   3.6454757e+02   1.8901497e+01   5.1840399e+00   9.6884185e-14   3.8863311e+02   1.0000000e+00   5.5403598e-03
   8.3872716e+05   9.2172698e+02   2.8411709e+01   9.8424005e+00   7.5498129e-14   9.5998109e+02   1.0000000e+00   5.5301387e-03
   5.8494202e+06   1.0899968e+01   2.3385797e+00   9.3391651e-01   2.8535011e-13   1.4172464e+01   1.0000000e+00   5.5063109e-03
   8.4941087e+06   2.2954187e-01   6.5317812e-02   1.9451371e-02   1.6113759e-12   3.1431105e-01   1.0000000e+00   5.4861094e-03
   8.7573625e+05   7.6697442e+02   2.8271864e+01   1.0459191e+01   7.9140183e-14   8.0570547e+02   1.0000000e+00   5.4759311e-03
   7.1641545e+06   1.0000000e-01   1.8887210e-02   1.0000000e-02   2.5297104e-12   1.2888721e-01   1.0000000e+00   5.4699575e-03
   4.3795349e+06   2.3516732e+01   3.9374417e+00   3.1355554e+00   2.1689940e-13   3.0589729e+01   1.0000000e+00   5.4603522e-03
   8.5322428e+06   1.5016940e-01   4.6667195e-02   1.4461273e-02   1.9612708e-12   2.1129787e-01   1.0000000e+00   5.4586584e-03
   8.0442867e+06   1.6062904e+00   5.5726336e-01   1.3196421e-01   6.2149612e-13   2.2955180e+00   1.0000000e+00   5.4549502e-03
   7.8560340e+05   1.0000000e+03   8.3043195e+01   2.4129952e+01   7.3389346e-14   1.1071731e+03   1.0000000e+00   5.4459218e-03
   8.4069449e+06   4.6638630e-01   1.3382293e-01   4.0228056e-02   1.1362550e-12   6.4043728e-01   1.0000000e+00   5.4430979e-03
   7.7321515e+06   2.9263323e-01   7.0360675e-02   2.7964926e-02   1.4469975e-12   3.9095883e-01   1.0000000e+00   5.4409163e-03
   7.6955844e+06   3.1608501e-01   8.8794694e-02   2.2429527e-02   1.3846353e-12   4.2730923e-01   1.0000000e+00   5.4404352e-03
   7.7423922e+06   1.3298888e+00   2.6347207e-01   8.7398644e-02   7.1963653e-13   1.6807596e+00   1.0000000e+00   5.4226697e-03
   5.6922134e+06   8.6051461e+00   2.6746147e+00   4.4485119e-01   3.0873146e-13   1.1724612e+01   1.0000000e+00   5.4033301e-03
   8.6462085e+06   3.9541523e-01   1.0736506e-01   4.2908171e-02   1.2315959e-12   5.4568846e-01   1.0000000e+00   5.3991093e-03
   4.2898555e+06   2.0516508e+01   3.4940464e+00   3.1101374e+00   2.2675964e-13   2.7120691e+01   1.0000000e+00   5.3987358e-03
   8.8088834e+05   7.7704784e+02   2.7695447e+01   1.0591408e+01   7.8884175e-14   8.1533469e+02   1.0000000e+00   5.3955775e-03
   1.3361247e+06   3.4621909e+02   1.6222528e+01   5.8207620e+00   9.8275848e-14   3.6826238e+02   1.0000000e+00   5.3947699e-03
   1.1119751e+06   4.5912407e+02   1.7458274e+01   5.1744351e+00   9.1131370e-14   4.8175678e+02   1.0000000e+00   5.3880298e-03
   8.3705960e+05   9.6623500e+02   2.6751020e+01   1.0201628e+01   7.4657437e-14   1.0031877e+03   1.0000000e+00   5.3729426e-03
   8.4630484e+06   2.3593619e-01   6.9111950e-02   2.2830961e-02   1.5777027e-12   3.2787910e-01   1.0000000e+00   5.3724258e-03
   7.5658119e+05   9.8689444e+02   2.7854853e+01   1.1197974e+01   7.4152086e-14   1.0259473e+03   1.0000000e+00   5.3697273e-03
   7.7807638e+06   9.0043624e-01   2.5750223e-01   6.9700270e-02   8.2902496e-13   1.2276387e+00   1.0000000e+00   5.3504316e-03
   7.1119130e+06   1.0004658e-01   1.6336533e-02   1.0055858e-02   2.5752067e-12   1.2643897e-01   1.0000000e+00   5.3501429e-03
   2.2935018e+06   6.8322241e+01   8.0045551e+00   2.0907181e+00   1.5642574e-13   7.8417514e+01   1.0000000e+00   5.3418440e-03
   7.7004948e+06   1.7867263e-01   4.3977213e-02   1.4696374e-02   1.8498571e-12   2.3734622e-01   1.0000000e+00   5.3258013e-03
   6.3385247e+06   6.8348868e+00   1.5499070e+00   2.9599325e-01   3.4701580e-13   8.6807871e+00   1.0000000e+00   5.3142542e-03
   2.7138544e+06   5.4861023e+01   5.6008328e+00   1.5719281e+00   1.6784458e-13   6.2033784e+01   1.0000000e+00   5.2929604e-03
   6.3118403e+06   4.5302765e+00   9.4780684e-01   2.3411676e-01   4.1120316e-13   5.7122001e+00   1.0000000e+00   5.2770110e-03
   8.3406314e+06   5.2265293e-01   1.1530738e-01   4.1933179e-02   1.1094380e-12   6.7989348e-01   1.0000000e+00   5.2724952e-03
   7.6045216e+05   9.8189949e+02   2.8334341e+01   1.0488616e+01   7.4246542e-14   1.0207224e+03   1.0000000e+00   5.2590248e-03
   7.8628959e+05   9.5833867e+02   2.7351820e+01   1.0446715e+01   7.4723618e-14   9.9613721e+02   1.0000000e+00   5.2541119e-03
   9.2386512e+05   6.1025623e+02   2.3674256e+01   9.3930681e+00   8.4217278e-14   6.4332355e+02   1.0000000e+00   5.2323148e-03
   8.2295502e+06   1.2222751e-01   3.5541305e-02   1.0320619e-02   2.1946785e-12   1.6808944e-01   1.0000000e+00   5.2298377e-03
   2.4375232e+06   1.2285388e+02   8.8103930e+00   2.0183139e+00   1.3334216e-13   1.3368259e+02   1.0000000e+00   5.2282438e-03
   1.3888288e+06   2.5708243e+02   1.8654206e+01   5.3832117e+00   1.0624276e-13   2.8111985e+02   1.0000000e+00   5.2077953e-03
   7.7182100e+06   1.2892041e-01   3.9788711e-02   1.0000000e-02   2.1324226e-12   1.7870912e-01   1.0000000e+00   5.1934783e-03
   8.3960538e+06   8.0823039e-01   2.5761643e-01   1.0186746e-01   8.5366298e-13   1.1677143e+00   1.0000000e+00   5.1814176e-03
   9.6536269e+05   6.1373496e+02   2.2783682e+01   9.0660271e+00   8.4059966e-14   6.4558467e+02   1.0000000e+00   5.1780219e-03
   8.7214424e+06   3.3992296e-01   1.2567579e-01   2.6034067e-02   1.3021043e-12   4.9163282e-01   1.0000000e+00   5.1752526e-03
   9.3921484e+05   6.7549093e+02   2.1981834e+01   7.4805997e+00   8.2058348e-14   7.0495336e+02   1.0000000e+00   5.1751497e-03
   9.7881867e+05   5.5765803e+02   2.3616070e+01   7.5333941e+00   8.6242126e-14   5.8880750e+02   1.0000000e+00   5.1633374e-03
   7.1184708e+06   1.0000000e-01   1.4764309e-02   1.0183009e-02   2.6106991e-12   1.2494732e-01   1.0000000e+00   5.1625980e-03
   8.3292051e+06   2.0931078e-01   5.8476419e-02   1.8350389e-02   1.6865695e-12   2.8613759e-01   1.0000000e+00   5.1514763e-03
   7.6846470e+06   1.0971016e+00   3.0923612e-01   7.1268122e-02   7.6030816e-13   1.4776059e+00   1.0000000e+00   5.1381004e-03
   1.6546863e+06   2.1039127e+02   1.4003856e+01   3.4195062e+00   1.1272475e-13   2.2781463e+02   1.0000000e+00   5.1375004e-03
   1.3496641e+06   2.7744881e+02   7.8501522e+00   5.2691025e+00   1.0566332e-13   2.9056807e+02   1.0000000e+00   5.1371798e-03
   9.2893486e+05   7.4107332e+02   2.8467596e+01   9.9336465e+00   7.9881391e-14   7.7947456e+02   1.0000000e+00   5.1282303e-03
   7.7530381e+06   1.3859925e+00   4.0528651e-01   1.3212569e-01   6.7100748e-13   1.9234047e+00   1.0000000e+00   5.1151479e-03
   7.7803566e+06   1.0009658e-01   2.2610812e-02   1.0169527e-02   2.4750716e-12   1.3287692e-01   1.0000000e+00   5.1048002e-03
   7.8224642e+06   1.9861964e-01   5.7556493e-02   1.5427004e-02   1.7305674e-12   2.7160313e-01   1.0000000e+00   5.0702813e-03
   1.7857554e+06   1.4262729e+02   9.3518054e+00   3.0865057e+00   1.2628763e-13   1.5506560e+02   1.0000000e+00   5.0378184e-03
   8.8107557e+05   8.3390868e+02   2.6563184e+01   9.9994192e+00   7.7524421e-14   8.7047129e+02   1.0000000e+00   5.0278617e-03
   5.5097271e+06   9.7346199e+00   2.4444066e+00   4.2908076e-01   2.9831041e-13   1.2608107e+01   1.0000000e+00   5.0254099e-03
   6.4053490e+06   3.6749057e+00   7.1569670e-01   2.6037690e-01   4.4911207e-13   4.6509793e+00   1.0000000e+00   5.0240431e-03
   9.2255159e+05   7.4558957e+02   2.8615839e+01   9.9858501e+00   7.9745369e-14   7.8419126e+02   1.0000000e+00   5.0186630e-03
   1.7144945e+06   1.6848248e+02   1.0761602e+01   2.7147716e+00   1.2038662e-13   1.8195886e+02   1.0000000e+00   5.0126176e-03
   6.2758073e+06   1.0000000e-01   1.4638421e-02   1.0000000e-02   2.6175812e-12   1.2463842e-01   1.0000000e+00   5.0072422e-03
   1.1083653e+06   5.0869629e+02   1.8974131e+01   7.6251608e+00   8.8538893e-14   5.3529558e+02   1.0000000e+00   5.0059683e-03
   8.3106781e+06   2.1355252e-01   5.8012355e-02   1.8501632e-02   1.6754417e-12   2.9006651e-01   1.0000000e+00   5.0009075e-03
   8.9848689e+05   7.3414414e+02   2.6721914e+01   9.0684040e+00   8.0108661e-14   7.6993446e+02   1.0000000e+00   4.9944777e-03
   8.2006415e+05   8.8745759e+02   3.0801650e+01   1.0297099e+01   7.6153665e-14   9.2855634e+02   1.0000000e+00   4.9840614e-03
   1.9462537e+06   1.0518138e+02   1.0217756e+01   2.0945607e+00   1.3777052e-13   1.1749369e+02   1.0000000e+00   4.9735235e-03
   2.8144102e+06   5.0570405e+01   6.0682841e+00   1.4230971e+00   1.7159015e-13   5.8061786e+01   1.0000000e+00   4.9399488e-03
   1.4712445e+06   2.1629489e+02   1.4102228e+01   3.9864892e+00   1.1189458e-13   2.3438360e+02   1.0000000e+00   4.9375786e-03
   7.8494580e+06   6.3516475e-01   1.6897530e-01   6.4246656e-02   9.7932672e-13   8.6838670e-01   1.0000000e+00   4.9355716e-03
   1.4644697e+06   2.9287643e+02   1.6021575e+01   5.0270728e+00   1.0285173e-13   3.1392508e+02   1.0000000e+00   4.9205932e-03
   8.3931758e+06   4.4536147e-01   1.2560238e-01   3.1802417e-02   1.1721836e-12   6.0276627e-01   1.0000000e+00   4.9192634e-03
   8.3331215e+05   8.9011099e+02   3.0115437e+01   1.0163667e+01   7.6115247e-14   9.3039009e+02   1.0000000e+00   4.9133306e-03
   8.3736018e+05   9.1413957e+02   2.6326222e+01   1.0186380e+01   7.5695700e-14   9.5065218e+02   1.0000000e+00   4.8999709e-03
   7.7857786e+05   1.0000000e+03   9.2683988e+01   3.0051680e+01   7.3354537e-14   1.1227357e+03   1.0000000e+00   4.8879133e-03
   1.4911731e+06   2.7850499e+02   1.6093124e+01   4.6652987e+00   1.0424981e-13   2.9926341e+02   1.0000000e+00   4.8833248e-03
   8.1742014e+05   8.1676540e+02   3.0849919e+01   1.1089881e+01   7.7836263e-14   8.5870520e+02   1.0000000e+00   4.8770988e-03
   8.3986805e+06   8.0531363e-01   2.1727751e-01   9.0456357e-02   8.7199471e-13   1.1130475e+00   1.0000000e+00   4.8679933e-03
   1.2100360e+06   3.5788871e+02   1.8309494e+01   5.5357531e+00   9.7263667e-14   3.8173396e+02   1.0000000e+00   4.8615530e-03
   9.1203338e+06   3.5497331e-01   1.1141265e-01   3.8515972e-02   1.2818462e-12   5.0490194e-01   1.0000000e+00   4.8501949e-03
   7.7893441e+05   9.3172270e+02   2.6064289e+01   9.7445309e+00   7.5325786e-14   9.6753152e+02   1.0000000e+00   4.8438461e-03
   8.5364832e+05   7.6798906e+02   2.3148246e+01   8.7661867e+00   7.9301319e-14   7.9990350e+02   1.0000000e+00   4.8409050e-03
   7.6830567e+06   1.0000000e-01   1.7163259e-02   1.0000000e-02   2.5640804e-12   1.2716326e-01   1.0000000e+00   4.8345329e-03
   7.6839294e+05   9.9355052e+02   2.6648344e+01   1.0256652e+01   7.4051006e-14   1.0304555e+03   1.0000000e+00   4.8310312e-03
   8.5713039e+06   3.4140928e-01   9.5139159e-02   3.5165011e-02   1.3208648e-12   4.7171345e-01   1.0000000e+00   4.8303192e-03
   8.6575628e+06   3.4356021e-01   1.3447181e-01   2.5890036e-02   1.2897268e-12   5.0392206e-01   1.0000000e+00   4.8253962e-03
   8.6765520e+05   7.5690790e+02   2.8234814e+01   1.0372457e+01   7.9422761e-14   7.9551517e+02   1.0000000e+00   4.8206160e-03
   7.5080733e+06   3.0950361e+00   7.4472334e-01   2.3060006e-01   4.7794431e-13   4.0703595e+00   1.0000000e+00   4.8098159e-03
   7.6561090e+06   1.9117716e-01   5.4570950e-02   1.5557306e-02   1.7638079e-12   2.6130541e-01   1.0000000e+00   4.8017262e-03
   7.7935788e+06   2.9785847e-01   7.6883786e-02   2.3106495e-02   1.4329494e-12   3.9784875e-01   1.0000000e+00   4.8001959e-03
   1.1159530e+06   4.7038246e+02   1.7949744e+01   5.2996683e+00   9.0517623e-14   4.9363187e+02   1.0000000e+00   4.7988617e-03
   8.4154653e+06   7.2695134e-01   2.1808880e-01   7.9620814e-02   9.0647542e-13   1.0246610e+00   1.0000000e+00   4.7888874e-03
   7.2432836e+06   1.0000000e-01   2.0668161e-02   1.0687519e-02   2.4994161e-12   1.3135568e-01   1.0000000e+00   4.7765327e-03
   7.3032805e+05   9.9958917e+02   4.6394550e+01   1.5990622e+01   7.3680546e-14   1.0619743e+03   1.0000000e+00   4.7758769e-03
   9.9968034e+05   6.7385912e+02   2.3007530e+01   7.7246748e+00   8.2163001e-14   7.0459133e+02   1.0000000e+00   4.7733216e-03
   8.7533766e+05   8.3638242e+02   2.6267824e+01   1.0160610e+01   7.7461829e-14   8.7281085e+02   1.0000000e+00   4.7509880e-03
   8.4373215e+06   1.0751762e-01   3.2358298e-02   1.0581921e-02   2.3201690e-12   1.5045784e-01   1.0000000e+00   4.7324118e-03
   1.9931058e+06   1.0357017e+02   1.0207777e+01   2.3141203e+00   1.3813257e-13   1.1609207e+02   1.0000000e+00   4.7273588e-03
   6.2376994e+06   1.0000000e-01   1.3718154e-02   1.0000000e-02   2.6393289e-12   1.2371815e-01   1.0000000e+00   4.7204252e-03
   8.2946765e+06   1.0000000e-01   3.2710078e-02   1.1980419e-02   2.3723099e-12   1.4469050e-01   1.0000000e+00   4.7179418e-03
   1.8220043e+06   1.3610357e+02   9.7946577e+00   3.1419304e+00   1.2778804e-13   1.4904016e+02   1.0000000e+00   4.7016029e-03
   7.7417085e+06   1.4245662e+00   3.8195341e-01   1.3168266e-01   6.6821194e-13   1.9382023e+00   1.0000000e+00   4.6969364e-03
   7.7071294e+06   1.0000000e-01   3.3933196e-02   1.0000000e-02   2.3812570e-12   1.4393320e-01   1.0000000e+00   4.6939130e-03
   7.7582417e+06   2.7541072e-01   8.4470986e-02   2.1195797e-02   1.4657563e-12   3.8107750e-01   1.0000000e+00   4.6912014e-03
   8.1918242e+06   1.2090335e-01   3.6248074e-02   1.0352223e-02   2.1987650e-12   1.6750364e-01   1.0000000e+00   4.6831288e-03
   8.6712791e+06   1.5730066e-01   4.5069526e-02   1.4538801e-02   1.9367518e-12   2.1690899e-01   1.0000000e+00   4.6804900e-03
   1.3282366e+06   3.8372346e+02   1.6727835e+01   6.1618473e+00   9.5724988e-14   4.0661315e+02   1.0000000e+00   4.6804145e-03
   7.8319768e+06   1.7090361e+00   3.6613177e-01   1.3201427e-01   6.3202089e-13   2.2071822e+00   1.0000000e+00   4.6629545e-03
   8.7258071e+06   1.5748577e-01   4.5895915e-02   1.4385505e-02   1.9334141e-12   2.1776719e-01   1.0000000e+00   4.6622865e-03
   7.8684194e+05   8.5868815e+02   2.5854695e+01   9.6630751e+00   7.6987842e-14   8.9420592e+02   1.0000000e+00   4.6537931e-03
   9.3626233e+05   7.0322934e+02   2.2453515e+01   7.5295615e+00   8.1195851e-14   7.3321241e+02   1.0000000e+00   4.6470469e-03
   7.8082879e+05   1.0000000e+03   7.7198107e+01   1.9944632e+01   7.3420647e-14   1.0971427e+03   1.0000000e+00   4.6428041e-03
   8.4284171e+06   1.1220817e-01   3.3813010e-02   1.0107126e-02   2.2776689e-12   1.5612831e-01   1.0000000e+00   4.6382390e-03
   8.3342425e+06   5.5207033e-01   1.8438842e-01   4.6150149e-02   1.0328120e-12   7.8260890e-01   1.0000000e+00   4.6250742e-03
   8.6496221e+06   3.3935776e-01   1.3468504e-01   2.6150841e-02   1.2947971e-12   5.0019364e-01   1.0000000e+00   4.6185831e-03
   1.5999231e+06   2.0074129e+02   1.1320659e+01   2.7869686e+00   1.1468672e-13   2.1484892e+02   1.0000000e+00   4.6112999e-03
   7.6045209e+05   9.8198760e+02   2.8368788e+01   1.0491024e+01   7.4244025e-14   1.0208474e+03   1.0000000e+00   4.6064316e-03
   9.9954388e+05   6.2284600e+02   2.3072117e+01   8.3378348e+00   8.3762604e-14   6.5425595e+02   1.0000000e+00   4.5928118e-03
   8.7695208e+05   8.1854155e+02   2.7634486e+01   9.1669072e+00   7.7869597e-14   8.5534294e+02   1.0000000e+00   4.5574478e-03
   2.0372177e+06   1.1183612e+02   9.3933480e+00   2.0381709e+00   1.3533934e-13   1.2326764e+02   1.0000000e+00   4.5448102e-03
   8.2505767e+06   1.2702214e-01   3.7521884e-02   1.1793833e-02   2.1431021e-12   1.7633786e-01   1.0000000e+00   4.5436730e-03
   7.8237533e+06   6.4555954e-01   1.6702165e-01   6.3771652e-02   9.7496255e-13   8.7635284e-01   1.0000000e+00   4.5427248e-03
   7.0988573e+06   1.0004720e-01   1.6178179e-02   1.0057624e-02   2.5784499e-12   1.2628301e-01   1.0000000e+00   4.5426459e-03
   8.4932993e+05   8.0468008e+02   2.8123098e+01   1.0660557e+01   7.8163456e-14   8.4346373e+02   1.0000000e+00   4.5362562e-03
   1.7650257e+06   1.4559990e+02   1.0304385e+01   2.9373057e+00   1.2539322e-13   1.5884159e+02   1.0000000e+00   4.5339902e-03
   2.7319548e+06   7.0842360e+01   8.3268823e+00   1.9880623e+00   1.5419596e-13   8.1157304e+01   1.0000000e+00   4.5274657e-03
   8.6158030e+06   2.3030772e-01   6.4509993e-02   2.0491184e-02   1.6097567e-12   3.1530890e-01   1.0000000e+00   4.5248040e-03
   8.3642420e+06   5.2299526e-01   1.1549523e-01   4.3627035e-02   1.1077587e-12   6.8211753e-01   1.0000000e+00   4.5176795e-03
   8.1154470e+05   9.3707485e+02   3.5500458e+01   1.5779960e+01   7.4957726e-14   9.8835527e+02   1.0000000e+00   4.5131682e-03
   8.6809506e+05   7.6473152e+02   2.5909724e+01   1.0339570e+01   7.9264445e-14   8.0098082e+02   1.0000000e+00   4.4980256e-03
   9.8692945e+05   5.6289979e+02   2.3294663e+01   7.4329481e+00   8.6025139e-14   5.9362740e+02   1.0000000e+00   4.4977244e-03
   1.0009802e+06   6.3584425e+02   2.8163691e+01   7.5436638e+00   8.3200678e-14   6.7155160e+02   1.0000000e+00   4.4950925e-03
   7.7750807e+06   1.0056876e+00   2.5624982e-01   6.8076091e-02   7.9879734e-13   1.3300135e+00   1.0000000e+00   4.4822735e-03
   9.9256650e+05   6.3388437e+02   2.8142964e+01   7.3167276e+00   8.3261902e-14   6.6934406e+02   1.0000000e+00   4.4814326e-03
   1.1497270e+06   4.3979148e+02   1.7373022e+01   5.7589631e+00   9.2136145e-14   4.6292347e+02   1.0000000e+00   4.4771329e-03
   7.7586877e+06   1.0000000e-01   2.5199235e-02   1.0000000e-02   2.4476587e-12   1.3519923e-01   1.0000000e+00   4.4726940e-03
   1.1216909e+06   4.6787282e+02   1.8185910e+01   5.1480261e+00   9.0643159e-14   4.9120676e+02   1.0000000e+00   4.4537714e-03
   7.6998809e+06   1.7772842e-01   4.6470717e-02   1.4759905e-02   1.8427656e-12   2.3895905e-01   1.0000000e+00   4.4444744e-03
   5.8494202e+06   1.0972299e+01   2.4559349e+00   9.0306517e-01   2.8414646e-13   1.4331299e+01   1.0000000e+00   4.4334342e-03
   8.0432623e+05   9.9167899e+02   3.1303167e+01   9.7944424e+00   7.4018388e-14   1.0327766e+03   1.0000000e+00   4.4330711e-03
   7.2233377e+06   1.0000000e-01   1.8657610e-02   1.0000000e-02   2.5332673e-12   1.2865761e-01   1.0000000e+00   4.4310001e-03
   1.1603712e+06   4.0986475e+02   1.8732443e+01   5.3805375e+00   9.3801449e-14   4.3397773e+02   1.0000000e+00   4.4254601e-03
   7.7195775e+06   3.6787103e-01   8.8366183e-02   2.1835381e-02   1.3141724e-12   4.7807260e-01   1.0000000e+00   4.4198957e-03
   8.6134898e+05   8.9631807e+02   3.1393380e+01   1.0413395e+01   7.5997661e-14   9.3812484e+02   1.0000000e+00   4.4146515e-03
   7.7526064e+06   1.3368689e+00   3.9191283e-01   1.3068993e-01   6.8176719e-13   1.8594717e+00   1.0000000e+00   4.4084413e-03
   7.9734428e+05   9.3135891e+02   2.8732211e+01   9.8318856e+00   7.5257276e-14   9.6992301e+02   1.0000000e+00   4.4068123e-03
   7.7379060e+06   1.0890838e+00   2.9047782e-01   6.9325895e-02   7.6750537e-13   1.4488875e+00   1.0000000e+00   4.3815959e-03
   6.3969642e+06   7.3764566e+00   1.5469936e+00   3.5638126e-01   3.3758205e-13   9.2798314e+00   1.0000000e+00   4.3607114e-03
   8.1009284e+05   8.8316293e+02   3.0579772e+01   1.0578413e+01   7.6253901e-14   9.2432111e+02   1.0000000e+00   4.3400338e-03
   2.9701753e+06   4.7288416e+01   6.1142742e+00   1.6747116e+00   1.7451121e-13   5.5077402e+01   1.0000000e+00   4.3379168e-03
   8.6225135e+06   2.3212078e-01   6.6765279e-02   2.0575241e-02   1.5992335e-12   3.1946130e-01   1.0000000e+00   4.3297647e-03
   1.0996429e+06   4.5191134e+02   1.7551382e+01   5.9815572e+00   9.1462129e-14   4.7544428e+02   1.0000000e+00   4.3275464e-03
   6.3945633e+06   3.5209409e+00   7.0207102e-01   2.6359301e-01   4.5611486e-13   4.4866049e+00   1.0000000e+00   4.3176700e-03
   2.7256200e+06   6.4411661e+01   5.9329745e+00   1.6347632e+00   1.6001790e-13   7.1979399e+01   1.0000000e+00   4.3169332e-03
   8.2168129e+05   8.5163658e+02   2.8668927e+01   9.7491788e+00   7.7029571e-14   8.9005469e+02   1.0000000e+00   4.3040004e-03
   8.5727653e+06   2.4804741e-01   6.8729835e-02   2.0209717e-02   1.5582616e-12   3.3698696e-01   1.0000000e+00   4.3015749e-03
   5.9138386e+06   1.0000000e-01   1.1447193e-02   1.0000000e-02   2.7074086e-12   1.2144719e-01   1.0000000e+00   4.2989132e-03
   7.2143764e+06   1.0000000e-01   1.3942034e-02   1.0000000e-02   2.6347255e-12   1.2394203e-01   1.0000000e+00   4.2978489e-03
   8.7760859e+05   8.0587037e+02   3.0474011e+01   9.4016041e+00   7.8111486e-14   8.4574599e+02   1.0000000e+00   4.2940316e-03
   8.0522213e+05   9.0528123e+02   2.3418815e+01   1.0426979e+01   7.5940000e-14   9.3912702e+02   1.0000000e+00   4.2736694e-03
   1.0991059e+06   5.0798346e+02   1.8907247e+01   7.6750436e+00   8.8558667e-14   5.3456575e+02   1.0000000e+00   4.2724146e-03
   1.3260575e+06   2.9575632e+02   1.7756153e+01   5.3766191e+00   1.0235532e-13   3.1888910e+02   1.0000000e+00   4.2538888e-03
   7.7513799e+06   1.1249272e+00   3.2232024e-01   7.1157685e-02   7.5123274e-13   1.5184051e+00   1.0000000e+00   4.2538266e-03
   7.1256534e+06   1.0000000e-01   1.5255303e-02   1.0057345e-02   2.5995244e-12   1.2531265e-01   1.0000000e+00   4.2412815e-03
   1.7329527e+06   1.7680233e+02   1.1013742e+01   2.8207151e+00   1.1872890e-13   1.9063678e+02   1.0000000e+00   4.2377519e-03
   8.3876445e+06   7.3933754e-01   2.1629579e-01   8.1215770e-02   9.0124109e-13   1.0368491e+00   1.0000000e+00   4.2354590e-03
   8.4942431e+06   1.0000000e-01   2.9857400e-02   1.0065057e-02   2.4058718e-12   1.3992246e-01   1.0000000e+00   4.2352378e-03
   1.4526703e+06   2.8429428e+02   1.6056206e+01   5.1292008e+00   1.0359700e-13   3.0547969e+02   1.0000000e+00   4.2340824e-03
   6.6124575e+06   2.5396811e+00   7.1312586e-01   1.8673917e-01   5.1398282e-13   3.4395461e+00   1.0000000e+00   4.2089108e-03
   7.7399396e+05   9.2237739e+02   2.6087727e+01   9.7193378e+00   7.5535991e-14   9.5818446e+02   1.0000000e+00   4.1892004e-03
   9.3113321e+05   7.7136702e+02   2.5574302e+01   8.0677700e+00   7.9217863e-14   8.0500909e+02   1.0000000e+00   4.1799284e-03
   6.4058446e+06   7.5594763e+00   1.5146848e+00   3.5568863e-01   3.3578398e-13   9.4298498e+00   1.0000000e+00   4.1742965e-03
   7.1240751e+06   1.0000000e-01   1.5078541e-02   1.0057653e-02   2.6037147e-12   1.2513619e-01   1.0000000e+00   4.1603555e-03
   7.8590528e+06   1.0000000e-01   2.6251363e-02   1.0000000e-02   2.4370342e-12   1.3625136e-01   1.0000000e+00   4.1599570e-03
