   2.5044991e+06   1.0000000e-01   1.0000000e-02   4.6023479e-13   1.1000000e-01   1.0000000e+00             Inf
   8.2713709e+04   1.0000000e+03   6.2822252e+01   2.5441266e-14   1.0628223e+03   1.0000000e+00             Inf
   9.4948848e+04   7.0799497e+02   7.3108112e+00   2.7799668e-14   7.1530578e+02   1.0000000e+00   1.8876808e-02
   8.5539405e+04   9.6442760e+02   7.2394387e+00   2.5751023e-14   9.7166704e+02   1.0000000e+00   1.5021949e-02
   1.3661515e+05   3.8705865e+02   6.9824236e+00   3.2290533e-14   3.9404107e+02   1.0000000e+00   1.4666110e-02
   1.2016517e+05   4.6881287e+02   5.8217315e+00   3.0806895e-14   4.7463461e+02   1.0000000e+00   1.4485174e-02
   1.1674728e+05   4.8330820e+02   5.4073073e+00   3.0586651e-14   4.8871551e+02   1.0000000e+00   1.4336239e-02
   4.1329981e+06   1.0000000e-01   4.3964003e-02   3.4076898e-13   1.4396400e-01   1.0000000e+00   1.4292594e-02
   1.5857544e+05   2.9838636e+02   5.4719162e+00   3.4492637e-14   3.0385827e+02   1.0000000e+00   1.4131885e-02
   9.4844045e+04   7.1634779e+02   6.9134771e+00   2.7722485e-14   7.2326126e+02   1.0000000e+00   1.4093113e-02
   3.8729673e+06   2.2695077e-01   9.4466685e-02   2.4657130e-13   3.2141746e-01   1.0000000e+00   1.3753529e-02
   1.5677495e+05   3.1928071e+02   5.4863451e+00   3.3941012e-14   3.2476705e+02   1.0000000e+00   1.3750564e-02
   2.2302607e+05   1.2674292e+02   4.0027701e+00   4.2728280e-14   1.3074569e+02   1.0000000e+00   1.3723765e-02
   1.8572340e+05   2.3211954e+02   6.9718472e+00   3.6713858e-14   2.3909138e+02   1.0000000e+00   1.3306066e-02
   8.9348406e+04   8.8500632e+02   9.1409881e+00   2.6284649e-14   8.9414731e+02   1.0000000e+00   1.3182941e-02
   3.1236525e+06   1.0000000e-01   2.0422065e-02   3.9455132e-13   1.2042206e-01   1.0000000e+00   1.3159165e-02
   3.4239937e+06   1.0000000e-01   1.9267269e-02   3.9861913e-13   1.1926727e-01   1.0000000e+00   1.3089636e-02
   1.5660829e+05   3.0798286e+02   5.5311072e+00   3.4223882e-14   3.1351396e+02   1.0000000e+00   1.2970628e-02
   8.8710225e+04   8.7760672e+02   8.3970690e+00   2.6343868e-14   8.8600379e+02   1.0000000e+00   1.2894492e-02
   3.2937967e+06   3.1769611e-01   1.1800328e-01   2.2073473e-13   4.3569939e-01   1.0000000e+00   1.2860997e-02
   4.1246021e+06   2.3514854e-01   1.2046606e-01   2.3735340e-13   3.5561460e-01   1.0000000e+00   1.2749759e-02
   2.1854807e+05   1.1964644e+02   3.4841449e+00   4.3442375e-14   1.2313058e+02   1.0000000e+00   1.2527978e-02
   1.8005372e+05   2.0122196e+02   5.4754545e+00   3.8018023e-14   2.0669742e+02   1.0000000e+00   1.2483546e-02
   4.9579568e+06   1.0000000e-01   4.1254164e-02   3.4449972e-13   1.4125416e-01   1.0000000e+00   1.2458466e-02
   4.5072364e+06   2.0469512e-01   1.0431321e-01   2.5030303e-13   3.0900833e-01   1.0000000e+00   1.2443441e-02
   1.0058391e+05   6.6296537e+02   7.7748732e+00   2.8243080e-14   6.7074025e+02   1.0000000e+00   1.2337888e-02
   8.2901525e+04   1.0000000e+03   3.0494435e+01   2.5452060e-14   1.0304944e+03   1.0000000e+00   1.2317766e-02
   9.2823432e+04   8.0328286e+02   7.6467889e+00   2.6934584e-14   8.1092965e+02   1.0000000e+00   1.2293756e-02
   3.3604438e+06   1.0000000e-01   1.8243278e-02   4.0325736e-13   1.1824328e-01   1.0000000e+00   1.2287121e-02
   9.8619754e+04   6.9500112e+02   8.6477203e+00   2.7905857e-14   7.0364884e+02   1.0000000e+00   1.2206783e-02
   1.4454740e+05   2.8634077e+02   5.6535093e+00   3.4853348e-14   2.9199428e+02   1.0000000e+00   1.1993977e-02
   1.5432785e+05   2.9387440e+02   5.5435946e+00   3.4601168e-14   2.9941799e+02   1.0000000e+00   1.1993497e-02
   3.7095104e+06   2.3579404e-01   1.0037169e-01   2.4241500e-13   3.3616573e-01   1.0000000e+00   1.1941498e-02
   4.9951460e+06   1.1631306e-01   7.1771983e-02   3.0254898e-13   1.8808505e-01   1.0000000e+00   1.1933578e-02
   2.2580399e+06   8.2320590e-01   2.8445604e-01   1.6125073e-13   1.1076619e+00   1.0000000e+00   1.1925925e-02
   9.6130426e+04   7.7237948e+02   7.8197480e+00   2.7198530e-14   7.8019922e+02   1.0000000e+00   1.1825274e-02
   8.4854277e+04   9.7273033e+02   8.4284363e+00   2.5683060e-14   9.8115877e+02   1.0000000e+00   1.1778166e-02
   1.7442625e+05   2.2156353e+02   6.7551353e+00   3.7083989e-14   2.2831867e+02   1.0000000e+00   1.1739652e-02
   3.4440195e+06   1.0000000e-01   1.7513145e-02   4.0720000e-13   1.1751314e-01   1.0000000e+00   1.1697745e-02
   1.8398094e+05   1.9072439e+02   4.9684601e+00   3.8547238e-14   1.9569285e+02   1.0000000e+00   1.1692410e-02
   1.3570396e+06   3.8910092e+00   7.1268289e-01   1.0478696e-13   4.6036921e+00   1.0000000e+00   1.1670464e-02
   1.3137156e+05   3.6878339e+02   6.7748287e+00   3.2685192e-14   3.7555822e+02   1.0000000e+00   1.1611935e-02
   7.7311479e+05   1.6314669e+01   8.3444489e-01   7.3760357e-14   1.7149114e+01   1.0000000e+00   1.1552050e-02
   2.2748257e+06   7.0460765e-01   1.8752451e-01   1.7307942e-13   8.9213216e-01   1.0000000e+00   1.1543108e-02
   1.9161101e+05   1.8369944e+02   4.4414303e+00   3.8926255e-14   1.8814087e+02   1.0000000e+00   1.1419351e-02
   1.0072386e+05   7.3225865e+02   7.9286287e+00   2.7567718e-14   7.4018728e+02   1.0000000e+00   1.1371297e-02
   3.0289243e+05   7.1785523e+01   2.1424144e+00   4.9471570e-14   7.3927937e+01   1.0000000e+00   1.1170134e-02
   9.2352973e+04   8.6169895e+02   8.8295654e+00   2.6468417e-14   8.7052851e+02   1.0000000e+00   1.1135447e-02
   4.8833130e+06   1.3780813e-01   7.2942921e-02   2.8959401e-13   2.1075105e-01   1.0000000e+00   1.1104285e-02
   1.0547441e+05   5.6485062e+02   5.9556082e+00   2.9424453e-14   5.7080623e+02   1.0000000e+00   1.1095837e-02
   2.0868953e+06   1.3116980e+00   2.5284696e-01   1.4453670e-13   1.5645450e+00   1.0000000e+00   1.1087971e-02
   8.3356075e+04   1.0000000e+03   5.3240285e+01   2.5443235e-14   1.0532403e+03   1.0000000e+00   1.1081524e-02
   5.7809755e+05   1.4030218e+01   8.6025709e-01   7.5896111e-14   1.4890475e+01   1.0000000e+00   1.1062601e-02
   4.9365509e+06   1.1671142e-01   7.6638074e-02   2.9950181e-13   1.9334950e-01   1.0000000e+00   1.0996487e-02
   1.0987527e+06   4.6772779e+00   5.5623165e-01   1.0076382e-13   5.2335096e+00   1.0000000e+00   1.0940853e-02
   3.0441835e+06   1.0000000e-01   1.2626387e-02   4.3760606e-13   1.1262639e-01   1.0000000e+00   1.0919044e-02
   2.9536174e+05   7.7784799e+01   1.7901030e+00   4.8603042e-14   7.9574902e+01   1.0000000e+00   1.0910733e-02
   2.4417790e+06   1.0000000e-01   1.0852757e-02   4.5221695e-13   1.1085276e-01   1.0000000e+00   1.0825739e-02
   1.7639023e+06   1.6636037e+00   3.8657565e-01   1.3258940e-13   2.0501793e+00   1.0000000e+00   1.0766038e-02
   2.1547591e+06   1.3990410e+00   2.7266781e-01   1.4186608e-13   1.6717088e+00   1.0000000e+00   1.0734524e-02
   3.0969920e+06   1.0000000e-01   2.2130539e-02   3.8896354e-13   1.2213054e-01   1.0000000e+00   1.0731013e-02
   4.3311440e+05   2.1271781e+01   1.3586562e+00   6.8378012e-14   2.2630437e+01   1.0000000e+00   1.0646883e-02
   1.1947998e+05   4.9864409e+02   6.0322989e+00   3.0339318e-14   5.0467639e+02   1.0000000e+00   1.0610453e-02
   3.0870666e+06   5.2168933e-01   1.6796584e-01   1.8814309e-13   6.8965517e-01   1.0000000e+00   1.0471187e-02
   1.7048331e+05   2.0616486e+02   5.4276465e+00   3.7822810e-14   2.1159251e+02   1.0000000e+00   1.0390078e-02
   2.3125866e+06   6.5022516e-01   1.9575752e-01   1.7626501e-13   8.4598268e-01   1.0000000e+00   1.0353540e-02
   8.8393388e+04   9.2187117e+02   7.3750051e+00   2.6041216e-14   9.2924617e+02   1.0000000e+00   1.0331801e-02
   2.8419960e+06   1.0000000e-01   1.2886767e-02   4.3475756e-13   1.1288677e-01   1.0000000e+00   1.0274035e-02
   3.2929548e+06   3.0798018e-01   1.1105996e-01   2.2404079e-13   4.1904014e-01   1.0000000e+00   1.0136267e-02
   1.0134900e+05   6.5775683e+02   6.6547397e+00   2.8313203e-14   6.6441157e+02   1.0000000e+00   1.0135400e-02
   2.0949485e+06   1.5867813e+00   3.4426032e-01   1.3556582e-13   1.9310416e+00   1.0000000e+00   1.0024506e-02
   1.4604431e+05   3.3280350e+02   7.1619047e+00   3.3516675e-14   3.3996541e+02   1.0000000e+00   1.0004588e-02
   1.9255253e+05   1.7299473e+02   4.8265324e+00   3.9501008e-14   1.7782126e+02   1.0000000e+00   9.9786380e-03
   9.9992186e+04   6.3363903e+02   8.2502528e+00   2.8564770e-14   6.4188929e+02   1.0000000e+00   9.9498326e-03
   1.4825660e+06   2.2359596e+00   4.3450309e-01   1.2255481e-13   2.6704626e+00   1.0000000e+00   9.8843309e-03
   1.0726083e+05   5.7925444e+02   6.1299102e+00   2.9228150e-14   5.8538435e+02   1.0000000e+00   9.8040700e-03
   3.2032249e+06   3.1667550e-01   1.3268615e-01   2.1846132e-13   4.4936165e-01   1.0000000e+00   9.7534419e-03
   8.5727142e+04   8.6934436e+02   8.2409310e+00   2.6413273e-14   8.7758529e+02   1.0000000e+00   9.7531750e-03
   3.4340314e+06   1.0000000e-01   2.4601925e-02   3.7952584e-13   1.2460193e-01   1.0000000e+00   9.7194824e-03
   8.4665542e+04   9.1148843e+02   8.5023557e+00   2.6099855e-14   9.1999079e+02   1.0000000e+00   9.6902993e-03
   1.1770673e+05   5.0767931e+02   7.5651294e+00   3.0177100e-14   5.1524444e+02   1.0000000e+00   9.6470094e-03
   8.7980391e+04   9.0606517e+02   7.4161122e+00   2.6148422e-14   9.1348128e+02   1.0000000e+00   9.6377904e-03
   1.2936366e+05   3.9800100e+02   5.7457180e+00   3.2085868e-14   4.0374672e+02   1.0000000e+00   9.6114110e-03
   2.2626516e+06   7.9378864e-01   2.1836308e-01   1.6568202e-13   1.0121517e+00   1.0000000e+00   9.5616449e-03
   3.4271953e+06   1.0000000e-01   2.2516074e-02   3.8603900e-13   1.2251607e-01   1.0000000e+00   9.5466260e-03
   8.9905990e+05   1.1132531e+01   1.2853158e+00   7.9900834e-14   1.2417847e+01   1.0000000e+00   9.5157529e-03
   4.3384329e+06   1.7260932e-01   8.1636257e-02   2.6922977e-13   2.5424558e-01   1.0000000e+00   9.5136959e-03
   1.3654277e+05   3.8195114e+02   6.9637184e+00   3.2394353e-14   3.8891486e+02   1.0000000e+00   9.4793961e-03
   8.2729740e+04   1.0000000e+03   1.7418350e+01   2.5467844e-14   1.0174183e+03   1.0000000e+00   9.4604230e-03
   8.7744520e+04   9.3500083e+02   7.3544774e+00   2.5950521e-14   9.4235531e+02   1.0000000e+00   9.4212821e-03
   1.6676534e+05   2.4782151e+02   7.0496917e+00   3.6060930e-14   2.5487120e+02   1.0000000e+00   9.3620527e-03
   3.7866754e+06   2.2863787e-01   1.0016311e-01   2.4433118e-13   3.2880098e-01   1.0000000e+00   9.2913216e-03
   9.2423876e+04   8.2056946e+02   8.1652001e+00   2.6788510e-14   8.2873466e+02   1.0000000e+00   9.2572646e-03
   1.1984347e+05   4.9292256e+02   6.0393371e+00   3.0425124e-14   4.9896190e+02   1.0000000e+00   9.2551176e-03
   1.6659583e+06   2.3650196e+00   4.3917377e-01   1.2083940e-13   2.8041933e+00   1.0000000e+00   9.2542017e-03
   1.0599520e+05   5.4171848e+02   5.8868073e+00   2.9743020e-14   5.4760529e+02   1.0000000e+00   9.2541510e-03
   2.2521178e+06   1.1265406e+00   2.2539979e-01   1.5151980e-13   1.3519404e+00   1.0000000e+00   9.1332739e-03
   3.7933521e+06   1.0000000e-01   2.3807140e-02   3.8170696e-13   1.2380714e-01   1.0000000e+00   9.1304917e-03
   8.3756663e+04   9.5698369e+02   8.4616202e+00   2.5785570e-14   9.6544531e+02   1.0000000e+00   9.0989784e-03
   9.1985773e+04   8.5717132e+02   8.7927737e+00   2.6500245e-14   8.6596409e+02   1.0000000e+00   9.0909896e-03
   8.6115381e+04   9.8440291e+02   7.0389770e+00   2.5629403e-14   9.9144189e+02   1.0000000e+00   9.0670079e-03
   2.5297560e+06   6.9881040e-01   2.1114080e-01   1.7127231e-13   9.0995121e-01   1.0000000e+00   9.0508291e-03
   8.1771067e+04   1.0000000e+03   6.0887085e+01   2.5442789e-14   1.0608871e+03   1.0000000e+00   9.0210488e-03
   9.3223914e+04   8.1375268e+02   9.6760678e+00   2.6831752e-14   8.2342875e+02   1.0000000e+00   9.0197111e-03
   1.7929616e+05   2.1595161e+02   5.4461507e+00   3.7355280e-14   2.2139776e+02   1.0000000e+00   8.9911813e-03
   4.2628466e+06   1.6470649e-01   8.1984230e-02   2.7222633e-13   2.4669072e-01   1.0000000e+00   8.9814560e-03
   1.0562924e+05   6.1309719e+02   6.7749863e+00   2.8808458e-14   6.1987217e+02   1.0000000e+00   8.9599242e-03
   4.9789953e+06   1.3028648e-01   7.4285290e-02   2.9279949e-13   2.0457177e-01   1.0000000e+00   8.9293561e-03
   2.3604017e+05   1.1267588e+02   3.8242602e+00   4.4011574e-14   1.1650014e+02   1.0000000e+00   8.9096294e-03
   2.3889191e+06   1.0000000e-01   1.0621939e-02   4.5460861e-13   1.1062194e-01   1.0000000e+00   8.8566529e-03
   6.3144101e+05   1.8492352e+01   9.4931360e-01   7.0455384e-14   1.9441666e+01   1.0000000e+00   8.8558862e-03
   9.3278149e+04   7.7872371e+02   8.0798444e+00   2.7137000e-14   7.8680356e+02   1.0000000e+00   8.8496284e-03
   8.5985661e+04   9.1624264e+02   7.3583878e+00   2.6075492e-14   9.2360103e+02   1.0000000e+00   8.8440807e-03
   3.9135809e+06   1.0000104e-01   2.8345926e-02   3.6854917e-13   1.2834696e-01   1.0000000e+00   8.8423447e-03
   2.8300574e+06   1.0000000e-01   1.4475193e-02   4.2394868e-13   1.1447519e-01   1.0000000e+00   8.8344867e-03
   1.3778045e+05   3.7746720e+02   6.9829975e+00   3.2490302e-14   3.8445020e+02   1.0000000e+00   8.8204435e-03
   5.1508655e+05   2.6609842e+01   2.3343398e+00   6.3316151e-14   2.8944182e+01   1.0000000e+00   8.7906046e-03
   8.8905919e+04   8.2615464e+02   9.2188027e+00   2.6735924e-14   8.3537345e+02   1.0000000e+00   8.7662197e-03
   1.4584972e+06   3.2593312e+00   5.7321070e-01   1.1033018e-13   3.8325419e+00   1.0000000e+00   8.7458679e-03
   9.2994946e+04   7.9626013e+02   8.2533056e+00   2.6986374e-14   8.0451344e+02   1.0000000e+00   8.7315226e-03
   2.5924570e+06   1.0000000e-01   1.2318623e-02   4.3950485e-13   1.1231862e-01   1.0000000e+00   8.7263528e-03
   1.0740962e+05   6.4579332e+02   8.4557090e+00   2.8433444e-14   6.5424903e+02   1.0000000e+00   8.7260029e-03
   3.1857920e+06   1.0000000e-01   1.4343743e-02   4.2527495e-13   1.1434374e-01   1.0000000e+00   8.7196230e-03
   8.9695244e+04   9.2708386e+02   7.3459610e+00   2.6013740e-14   9.3442983e+02   1.0000000e+00   8.6581833e-03
   1.2237736e+05   4.3755487e+02   5.2849920e+00   3.1353972e-14   4.4283986e+02   1.0000000e+00   8.6082593e-03
   8.6641014e+04   9.4580049e+02   7.2902783e+00   2.5875557e-14   9.5309077e+02   1.0000000e+00   8.5909641e-03
   3.1231325e+06   1.0000000e-01   1.5345481e-02   4.1849704e-13   1.1534548e-01   1.0000000e+00   8.5643494e-03
   1.4026110e+05   3.4380435e+02   5.7044672e+00   3.3272944e-14   3.4950882e+02   1.0000000e+00   8.5577847e-03
   3.1864118e+06   1.0000000e-01   1.4911583e-02   4.2143400e-13   1.1491158e-01   1.0000000e+00   8.5311515e-03
   4.6139127e+06   1.5814933e-01   7.3789148e-02   2.7942300e-13   2.3193848e-01   1.0000000e+00   8.5198147e-03
   4.9897544e+06   1.0000000e-01   6.8676100e-02   3.1651145e-13   1.6867610e-01   1.0000000e+00   8.4957370e-03
   3.7405779e+06   1.0000000e-01   3.0673212e-02   3.6345593e-13   1.3067321e-01   1.0000000e+00   8.4506297e-03
   3.1568084e+06   4.5510532e-01   1.6728255e-01   1.9453627e-13   6.2238787e-01   1.0000000e+00   8.4340540e-03
   2.6264587e+06   1.0000000e-01   1.1054838e-02   4.4990182e-13   1.1105484e-01   1.0000000e+00   8.4319611e-03
   1.0819951e+06   5.9822009e+00   8.3938335e-01   9.3603445e-14   6.8215843e+00   1.0000000e+00   8.3887844e-03
   1.0614772e+05   5.7218840e+02   5.9080560e+00   2.9325611e-14   5.7809645e+02   1.0000000e+00   8.3399618e-03
   2.2311686e+06   8.9675605e-01   2.7627976e-01   1.5792415e-13   1.1730358e+00   1.0000000e+00   8.3366538e-03
   1.2156368e+05   4.3252930e+02   5.2588748e+00   3.1448962e-14   4.3778818e+02   1.0000000e+00   8.2843346e-03
   9.8635793e+04   7.4125832e+02   7.0551335e+00   2.7488236e-14   7.4831346e+02   1.0000000e+00   8.2469885e-03
   3.9941397e+06   1.9821946e-01   9.2319177e-02   2.5583772e-13   2.9053863e-01   1.0000000e+00   8.2426074e-03
   1.3758510e+05   3.4893408e+02   6.6188565e+00   3.3132626e-14   3.5555294e+02   1.0000000e+00   8.2130344e-03
   1.5299063e+05   2.8193157e+02   5.6096928e+00   3.4956879e-14   2.8754127e+02   1.0000000e+00   8.0914334e-03
   9.9288352e+04   6.8137008e+02   8.7417322e+00   2.8042364e-14   6.9011181e+02   1.0000000e+00   8.0833828e-03
   2.1754293e+06   1.1967845e+00   2.5237754e-01   1.4788303e-13   1.4491621e+00   1.0000000e+00   8.0830324e-03
   9.1976367e+04   8.7190784e+02   8.8002792e+00   2.6392641e-14   8.8070812e+02   1.0000000e+00   8.0813366e-03
   9.1028148e+04   8.0857124e+02   8.7465753e+00   2.6879855e-14   8.1731781e+02   1.0000000e+00   8.0705570e-03
   1.0318256e+05   6.0445380e+02   6.7635193e+00   2.8915266e-14   6.1121732e+02   1.0000000e+00   8.0575873e-03
   1.4515721e+05   3.2636376e+02   5.6704882e+00   3.3706937e-14   3.3203425e+02   1.0000000e+00   8.0360952e-03
   8.8914855e+04   8.9091663e+02   8.8514831e+00   2.6243488e-14   8.9976812e+02   1.0000000e+00   8.0341485e-03
   8.2081482e+04   9.9523453e+02   1.7159889e+01   2.5499172e-14   1.0123944e+03   1.0000000e+00   8.0179337e-03
   1.1042185e+05   5.3578872e+02   7.8013633e+00   2.9775014e-14   5.4359009e+02   1.0000000e+00   7.9953009e-03
   1.5567495e+05   3.1273692e+02   5.6275596e+00   3.4092800e-14   3.1836448e+02   1.0000000e+00   7.9729981e-03
   9.7352713e+04   6.4049279e+02   8.1353337e+00   2.8504052e-14   6.4862813e+02   1.0000000e+00   7.9701342e-03
   5.1163621e+05   3.4107590e+01   2.4107455e+00   5.9809941e-14   3.6518335e+01   1.0000000e+00   7.9589026e-03
   9.7435188e+04   7.6766197e+02   6.8663355e+00   2.7256311e-14   7.7452831e+02   1.0000000e+00   7.9409640e-03
   3.0907285e+06   5.4058146e-01   1.8228699e-01   1.8512264e-13   7.2286846e-01   1.0000000e+00   7.9295861e-03
   4.1451228e+06   1.0000000e-01   3.2666259e-02   3.5865498e-13   1.3266626e-01   1.0000000e+00   7.9273447e-03
   1.4383724e+05   3.2702563e+02   5.6671068e+00   3.3689649e-14   3.3269273e+02   1.0000000e+00   7.9007165e-03
   1.8443352e+05   1.9464048e+02   4.9712088e+00   3.8348792e-14   1.9961168e+02   1.0000000e+00   7.8579724e-03
   4.9606399e+06   1.3900172e-01   7.4927714e-02   2.8797525e-13   2.1392943e-01   1.0000000e+00   7.8574303e-03
   4.0805388e+06   1.0000000e-01   3.8844901e-02   3.4784169e-13   1.3884490e-01   1.0000000e+00   7.8442129e-03
   2.2024236e+06   1.2698685e+00   2.3908394e-01   1.4662046e-13   1.5089524e+00   1.0000000e+00   7.8049521e-03
   1.2884347e+05   4.4223471e+02   5.9697039e+00   3.1264675e-14   4.4820441e+02   1.0000000e+00   7.8042612e-03
   1.5729781e+06   2.8036282e+00   4.8724407e-01   1.1537077e-13   3.2908723e+00   1.0000000e+00   7.7482119e-03
   2.7086327e+05   8.0271874e+01   2.0689726e+00   4.8169675e-14   8.2340847e+01   1.0000000e+00   7.7087073e-03
   4.5195008e+06   1.0000000e-01   3.9613996e-02   3.4618406e-13   1.3961400e-01   1.0000000e+00   7.6885885e-03
   8.2479114e+04   9.9938581e+02   2.3032526e+01   2.5462861e-14   1.0224183e+03   1.0000000e+00   7.6798377e-03
   8.6923835e+04   9.4992970e+02   7.2702976e+00   2.5849672e-14   9.5720000e+02   1.0000000e+00   7.6335030e-03
   8.7774654e+04   9.3090059e+02   7.3912671e+00   2.5977608e-14   9.3829186e+02   1.0000000e+00   7.6031922e-03
   1.9311158e+05   1.7831185e+02   4.8514652e+00   3.9197724e-14   1.8316332e+02   1.0000000e+00   7.5912209e-03
   1.2098899e+05   4.1956443e+02   4.9679123e+00   3.1707580e-14   4.2453234e+02   1.0000000e+00   7.5907161e-03
   3.2049012e+06   3.1920800e-01   1.4252643e-01   2.1650465e-13   4.6173443e-01   1.0000000e+00   7.5759969e-03
   1.5242727e+05   2.7852081e+02   5.4076547e+00   3.5071440e-14   2.8392847e+02   1.0000000e+00   7.5506783e-03
   2.4799304e+05   1.1627664e+02   3.5100886e+00   4.3691661e-14   1.1978673e+02   1.0000000e+00   7.5482919e-03
   7.5842109e+05   1.1737792e+01   1.3855761e+00   7.8194470e-14   1.3123368e+01   1.0000000e+00   7.5122081e-03
   3.8790783e+05   3.9888392e+01   2.5790774e+00   5.7201697e-14   4.2467470e+01   1.0000000e+00   7.5098047e-03
   2.2827618e+05   1.5580632e+02   3.5610696e+00   4.0700618e-14   1.5936739e+02   1.0000000e+00   7.4608481e-03
   4.5450294e+06   1.6072392e-01   1.0749005e-01   2.6454760e-13   2.6821397e-01   1.0000000e+00   7.4536885e-03
   3.2276044e+06   1.0000000e-01   1.8898844e-02   4.0024199e-13   1.1889884e-01   1.0000000e+00   7.4500478e-03
   2.2167608e+05   1.4490574e+02   4.0865553e+00   4.1319750e-14   1.4899230e+02   1.0000000e+00   7.4276558e-03
   1.6126656e+06   3.6482209e+00   6.8465786e-01   1.0780333e-13   4.3328788e+00   1.0000000e+00   7.4256473e-03
   1.0913860e+05   5.5002848e+02   6.4204971e+00   2.9601672e-14   5.5644897e+02   1.0000000e+00   7.4152158e-03
   1.4379762e+06   3.0941325e+00   4.9814381e-01   1.1228217e-13   3.5922763e+00   1.0000000e+00   7.4054987e-03
   1.2024654e+05   4.5812490e+02   5.9535065e+00   3.0981654e-14   4.6407841e+02   1.0000000e+00   7.4032614e-03
   1.5219409e+06   2.7706501e+00   8.1010511e-01   1.1344703e-13   3.5807552e+00   1.0000000e+00   7.3872319e-03
   1.0677435e+05   5.8964961e+02   6.2235710e+00   2.9097502e-14   5.9587319e+02   1.0000000e+00   7.3719483e-03
   1.2189552e+05   4.6284939e+02   6.0345637e+00   3.0900523e-14   4.6888396e+02   1.0000000e+00   7.3461969e-03
   2.2039590e+06   1.0441404e+00   2.2600376e-01   1.5411567e-13   1.2701441e+00   1.0000000e+00   7.3305203e-03
   9.8336162e+04   6.9397238e+02   8.6463964e+00   2.7916393e-14   7.0261878e+02   1.0000000e+00   7.3218648e-03
   4.7903036e+06   1.4187233e-01   8.3133780e-02   2.8202273e-13   2.2500611e-01   1.0000000e+00   7.2973485e-03
   1.0592802e+05   6.2792837e+02   6.7058332e+00   2.8641845e-14   6.3463420e+02   1.0000000e+00   7.2732571e-03
   2.1458386e+05   1.6263613e+02   4.9733738e+00   4.0125316e-14   1.6760950e+02   1.0000000e+00   7.2481178e-03
   1.0500386e+05   5.8672223e+02   6.1211906e+00   2.9139240e-14   5.9284342e+02   1.0000000e+00   7.2350647e-03
   1.1798970e+05   5.1939651e+02   5.9054079e+00   3.0040334e-14   5.2530191e+02   1.0000000e+00   7.2148851e-03
   2.2685843e+06   7.6189969e-01   1.9165597e-01   1.6916931e-13   9.5355566e-01   1.0000000e+00   7.2116388e-03
   2.8363012e+06   1.0008365e-01   1.1656547e-02   4.4482591e-13   1.1174020e-01   1.0000000e+00   7.2059307e-03
   1.0457154e+05   6.1848572e+02   7.1406539e+00   2.8740672e-14   6.2562637e+02   1.0000000e+00   7.1862901e-03
   1.0201458e+05   6.7464963e+02   8.1533773e+00   2.8118277e-14   6.8280300e+02   1.0000000e+00   7.1826002e-03
   8.8501439e+04   8.4616049e+02   9.1053286e+00   2.6577381e-14   8.5526582e+02   1.0000000e+00   7.1693985e-03
   2.1365689e+05   1.4059017e+02   4.2625799e+00   4.1619571e-14   1.4485275e+02   1.0000000e+00   7.1566956e-03
   1.1759557e+05   5.1283128e+02   7.5546408e+00   3.0102968e-14   5.2038592e+02   1.0000000e+00   7.1490417e-03
   4.3480333e+06   2.4788996e-01   1.3463868e-01   2.3175628e-13   3.8252864e-01   1.0000000e+00   7.1471114e-03
   3.4101371e+06   1.0000122e-01   2.3310902e-02   3.8349519e-13   1.2331212e-01   1.0000000e+00   7.1446547e-03
   2.5769895e+06   5.9588276e-01   2.0363191e-01   1.7900096e-13   7.9951467e-01   1.0000000e+00   7.1420579e-03
   1.2156829e+05   4.2960831e+02   4.8245537e+00   3.1516346e-14   4.3443286e+02   1.0000000e+00   7.1371505e-03
   3.9010424e+06   1.0000000e-01   3.1531682e-02   3.6121926e-13   1.3153168e-01   1.0000000e+00   7.1362214e-03
   8.3636642e+04   9.7883503e+02   7.0377326e+00   2.5657247e-14   9.8587276e+02   1.0000000e+00   7.1094635e-03
   8.3160092e+04   9.9484405e+02   7.2375864e+00   2.5552274e-14   1.0020816e+03   1.0000000e+00   7.1020377e-03
   5.3468594e+05   2.1472878e+01   1.4104068e+00   6.7234278e-14   2.2883285e+01   1.0000000e+00   7.0911850e-03
   1.4723734e+06   2.6998435e+00   4.4779692e-01   1.1663869e-13   3.1476404e+00   1.0000000e+00   7.0889117e-03
   9.9109031e+04   6.2259612e+02   8.2103559e+00   2.8701065e-14   6.3080647e+02   1.0000000e+00   7.0878107e-03
   1.2055310e+05   4.5536597e+02   5.9619936e+00   3.1027988e-14   4.6132797e+02   1.0000000e+00   7.0762736e-03
   1.0729302e+05   6.3196564e+02   6.3442954e+00   2.8608634e-14   6.3830994e+02   1.0000000e+00   7.0042162e-03
   1.4680019e+05   2.7489215e+02   5.2781315e+00   3.5224134e-14   2.8017028e+02   1.0000000e+00   6.9941837e-03
   1.3701567e+05   3.5440420e+02   6.5702432e+00   3.3005157e-14   3.6097444e+02   1.0000000e+00   6.9911164e-03
   4.3789792e+06   2.2633700e-01   1.3855293e-01   2.3603625e-13   3.6488993e-01   1.0000000e+00   6.9602082e-03
   4.9737590e+06   1.0000000e-01   6.4518996e-02   3.1936577e-13   1.6451900e-01   1.0000000e+00   6.9526500e-03
   3.0089322e+06   4.6492519e-01   1.4644425e-01   1.9600924e-13   6.1136944e-01   1.0000000e+00   6.9517088e-03
   5.4590944e+05   1.3358445e+01   8.6814197e-01   7.7374594e-14   1.4226587e+01   1.0000000e+00   6.9489188e-03
   9.9490358e+04   6.8731154e+02   8.7419249e+00   2.7981814e-14   6.9605346e+02   1.0000000e+00   6.9424781e-03
   3.3638447e+06   1.0000000e-01   1.8538966e-02   4.0185806e-13   1.1853897e-01   1.0000000e+00   6.9358065e-03
   5.1503660e+05   2.8544163e+01   2.5949184e+00   6.2203104e-14   3.1139081e+01   1.0000000e+00   6.9081782e-03
   1.1652366e+05   4.4959628e+02   5.6432926e+00   3.1153376e-14   4.5523957e+02   1.0000000e+00   6.9009501e-03
   3.5279674e+06   1.0000000e-01   2.1205330e-02   3.9070424e-13   1.2120533e-01   1.0000000e+00   6.8943247e-03
   7.6980197e+05   7.1780789e+00   1.3170308e+00   8.9401936e-14   8.4951097e+00   1.0000000e+00   6.8899304e-03
   2.4082250e+05   1.0852351e+02   3.6221125e+00   4.4439259e-14   1.1214562e+02   1.0000000e+00   6.8880806e-03
   2.8539371e+06   1.0002217e-01   1.3465025e-02   4.3051765e-13   1.1348719e-01   1.0000000e+00   6.8748704e-03
   8.8970325e+04   8.3554772e+02   6.6805390e+00   2.6686809e-14   8.4222826e+02   1.0000000e+00   6.8561548e-03
   9.6362250e+04   7.6133171e+02   7.7692973e+00   2.7294809e-14   7.6910101e+02   1.0000000e+00   6.8278664e-03
   2.6742107e+05   5.9784456e+01   2.3265560e+00   5.2345489e-14   6.2111012e+01   1.0000000e+00   6.7860679e-03
   3.9839445e+06   1.0000000e-01   3.3613802e-02   3.5690759e-13   1.3361380e-01   1.0000000e+00   6.7722051e-03
   1.6890370e+06   1.9530622e+00   3.9023271e-01   1.2729674e-13   2.3432949e+00   1.0000000e+00   6.7652026e-03
   1.0195714e+05   6.6904193e+02   8.1450859e+00   2.8175662e-14   6.7718702e+02   1.0000000e+00   6.7440267e-03
   2.2002948e+05   1.4755385e+02   4.0184016e+00   4.1139263e-14   1.5157225e+02   1.0000000e+00   6.7319805e-03
   3.2490987e+06   2.8058798e-01   1.3691026e-01   2.2513447e-13   4.1749823e-01   1.0000000e+00   6.7063418e-03
   5.0000000e+06   1.0373423e-01   6.8788149e-02   3.1339502e-13   1.7252238e-01   1.0000000e+00   6.6607546e-03
   1.7632009e+05   2.6283656e+02   7.0425845e+00   3.5611827e-14   2.6987914e+02   1.0000000e+00   6.6454524e-03
   2.4317530e+05   8.4159533e+01   3.7349134e+00   4.7586972e-14   8.7894446e+01   1.0000000e+00   6.6452132e-03
   4.5070665e+06   1.0000000e-01   5.3994809e-02   3.2890663e-13   1.5399481e-01   1.0000000e+00   6.6077263e-03
   3.8935826e+06   1.7828090e-01   9.7348536e-02   2.6174686e-13   2.7562944e-01   1.0000000e+00   6.5738371e-03
   2.9670938e+05   8.2962659e+01   2.5179648e+00   4.7667588e-14   8.5480623e+01   1.0000000e+00   6.5660567e-03
   2.3309195e+06   1.0000000e-01   1.1421386e-02   4.4855102e-13   1.1142139e-01   1.0000000e+00   6.5180051e-03
   2.1186422e+05   1.6654658e+02   4.6828419e+00   3.9900896e-14   1.7122942e+02   1.0000000e+00   6.5144047e-03
   1.6890370e+06   1.9309828e+00   3.3381852e-01   1.2875539e-13   2.2648013e+00   1.0000000e+00   6.5104087e-03
   4.1135240e+06   1.9133855e-01   9.3951887e-02   2.5750051e-13   2.8529044e-01   1.0000000e+00   6.5029966e-03
   1.4747169e+06   2.0831341e+00   4.2973308e-01   1.2501785e-13   2.5128672e+00   1.0000000e+00   6.4813802e-03
   2.8585166e+06   5.9078241e-01   1.8505904e-01   1.8063882e-13   7.7584145e-01   1.0000000e+00   6.4709219e-03
   9.9820575e+04   7.2231910e+02   7.6149532e+00   2.7657023e-14   7.2993405e+02   1.0000000e+00   6.4393259e-03
   5.0000000e+06   1.1656341e-01   6.8219235e-02   3.0468695e-13   1.8478265e-01   1.0000000e+00   6.4359180e-03
   8.3055589e+04   9.9020163e+02   7.4955853e+00   2.5578570e-14   9.9769722e+02   1.0000000e+00   6.4267900e-03
   5.0342794e+05   3.6420165e+01   2.3332846e+00   5.8938456e-14   3.8753449e+01   1.0000000e+00   6.4063282e-03
   2.9038208e+05   6.8647313e+01   2.4854395e+00   5.0005760e-14   7.1132753e+01   1.0000000e+00   6.4057549e-03
   1.6750469e+05   2.1909877e+02   6.5394806e+00   3.7214694e-14   2.2563825e+02   1.0000000e+00   6.3850790e-03
   4.0653210e+06   2.0202550e-01   9.4218324e-02   2.5392116e-13   2.9624382e-01   1.0000000e+00   6.3782330e-03
   5.2530472e+05   2.3192623e+01   1.2855033e+00   6.6050767e-14   2.4478127e+01   1.0000000e+00   6.3712925e-03
   9.3329193e+04   7.8134745e+02   8.0514631e+00   2.7114692e-14   7.8939892e+02   1.0000000e+00   6.3711530e-03
   9.0297294e+04   8.2496765e+02   8.1053604e+00   2.6752567e-14   8.3307301e+02   1.0000000e+00   6.3679659e-03
   3.2012657e+05   6.2777935e+01   2.1305507e+00   5.1157108e-14   6.4908486e+01   1.0000000e+00   6.3650100e-03
   2.4910767e+06   1.0000000e-01   1.2153217e-02   4.4140003e-13   1.1215322e-01   1.0000000e+00   6.3553355e-03
   1.8023697e+06   1.4343417e+00   2.9024979e-01   1.3993487e-13   1.7245915e+00   1.0000000e+00   6.3376315e-03
   2.5798117e+06   6.1446633e-01   2.0334550e-01   1.7755067e-13   8.1781183e-01   1.0000000e+00   6.3362575e-03
   8.2943880e+04   1.0000000e+03   3.5474965e+01   2.5449107e-14   1.0354750e+03   1.0000000e+00   6.3046327e-03
   9.8835887e+04   7.3088228e+02   4.3252830e+00   2.7645273e-14   7.3520756e+02   1.0000000e+00   6.3019614e-03
   1.6775492e+05   2.6493033e+02   6.9097579e+00   3.5488685e-14   2.7184009e+02   1.0000000e+00   6.2856872e-03
   1.2643908e+06   3.4932945e+00   5.2199255e-01   1.0865259e-13   4.0152871e+00   1.0000000e+00   6.2824202e-03
   2.2202070e+05   1.3107573e+02   4.0065342e+00   4.2365230e-14   1.3508226e+02   1.0000000e+00   6.2719148e-03
   1.3235509e+05   4.0408692e+02   5.9811917e+00   3.1962886e-14   4.1006812e+02   1.0000000e+00   6.2621877e-03
   3.8881000e+06   1.0000000e-01   2.9864293e-02   3.6489285e-13   1.2986429e-01   1.0000000e+00   6.2600673e-03
   1.3187443e+05   4.0241673e+02   6.0340843e+00   3.1992886e-14   4.0845081e+02   1.0000000e+00   6.2234220e-03
   8.4513180e+04   9.0131730e+02   8.6118383e+00   2.6173724e-14   9.0992914e+02   1.0000000e+00   6.2193352e-03
   3.8466042e+06   1.0000000e-01   3.8358035e-02   3.4959416e-13   1.3835804e-01   1.0000000e+00   6.2170786e-03
   3.0051023e+06   1.0000000e-01   1.3695486e-02   4.2911889e-13   1.1369549e-01   1.0000000e+00   6.2103223e-03
   4.8442087e+06   1.0000000e-01   5.9188292e-02   3.2365413e-13   1.5918829e-01   1.0000000e+00   6.2023394e-03
   1.0664542e+06   4.9612259e+00   5.7334703e-01   9.9181057e-14   5.5345729e+00   1.0000000e+00   6.1806058e-03
   3.0343206e+06   4.6926503e-01   1.7370195e-01   1.9235510e-13   6.4296698e-01   1.0000000e+00   6.1483562e-03
   8.9064402e+04   8.5195070e+02   9.0714179e+00   2.6531713e-14   8.6102212e+02   1.0000000e+00   6.1477120e-03
   4.9852089e+06   1.3128939e-01   6.9958847e-02   2.9499472e-13   2.0124823e-01   1.0000000e+00   6.1278891e-03
   4.9889892e+06   1.0000000e-01   5.6076591e-02   3.2628095e-13   1.5607659e-01   1.0000000e+00   6.1248439e-03
   2.1918095e+06   8.0946552e-01   2.6209790e-01   1.6306795e-13   1.0715634e+00   1.0000000e+00   6.1246241e-03
   1.0428987e+05   6.0961946e+02   6.7532331e+00   2.8850378e-14   6.1637269e+02   1.0000000e+00   6.1138040e-03
   3.9092586e+06   3.0044963e-01   1.7251233e-01   2.1517698e-13   4.7296196e-01   1.0000000e+00   6.1133855e-03
   2.8206242e+06   1.0000000e-01   1.3103326e-02   4.3313918e-13   1.1310333e-01   1.0000000e+00   6.0944911e-03
   3.3305159e+06   1.0000000e-01   1.7033288e-02   4.0935294e-13   1.1703329e-01   1.0000000e+00   6.0492280e-03
   2.8435744e+06   1.0000000e-01   1.3245280e-02   4.3210786e-13   1.1324528e-01   1.0000000e+00   6.0297235e-03
   8.2073029e+04   1.0000000e+03   4.7796837e+01   2.5445085e-14   1.0477968e+03   1.0000000e+00   6.0150335e-03
   8.2272866e+04   9.8785060e+02   7.5029677e+00   2.5593905e-14   9.9535357e+02   1.0000000e+00   6.0031070e-03
   4.4023629e+06   1.0000000e-01   4.5316314e-02   3.3828706e-13   1.4531631e-01   1.0000000e+00   5.9974942e-03
   1.1666712e+05   4.5127395e+02   5.6287759e+00   3.1122544e-14   4.5690272e+02   1.0000000e+00   5.9890890e-03
   1.9386032e+06   1.5876197e+00   2.2652728e-01   1.3916879e-13   1.8141470e+00   1.0000000e+00   5.9880262e-03
   2.9426025e+06   1.0000000e-01   1.6141138e-02   4.1412088e-13   1.1614114e-01   1.0000000e+00   5.9651736e-03
   4.9990460e+06   1.0000000e-01   5.8312949e-02   3.2426030e-13   1.5831295e-01   1.0000000e+00   5.9604866e-03
   2.9282960e+05   6.5535359e+01   2.1981191e+00   5.0674104e-14   6.7733478e+01   1.0000000e+00   5.9580861e-03
   1.0916226e+05   5.4560696e+02   7.5018722e+00   2.9645827e-14   5.5310883e+02   1.0000000e+00   5.9476363e-03
   1.2950173e+06   2.5625090e+00   4.5094514e-01   1.1867147e-13   3.0134542e+00   1.0000000e+00   5.9465741e-03
   8.3394678e+04   1.0000000e+03   3.7185755e+01   2.5448504e-14   1.0371858e+03   1.0000000e+00   5.9178413e-03
   3.8933082e+06   1.0000000e-01   3.1959315e-02   3.6035367e-13   1.3195931e-01   1.0000000e+00   5.8987444e-03
   4.4111383e+06   2.6025117e-01   1.3497752e-01   2.2934750e-13   3.9522870e-01   1.0000000e+00   5.8961257e-03
   2.4600998e+06   1.0000000e-01   1.1935729e-02   4.4327787e-13   1.1193573e-01   1.0000000e+00   5.8833385e-03
   5.0000000e+06   1.0000000e-01   4.7493501e-02   3.3564663e-13   1.4749350e-01   1.0000000e+00   5.8775623e-03
   1.1387279e+05   5.9888627e+02   6.4287673e+00   2.9014242e-14   6.0531503e+02   1.0000000e+00   5.8713993e-03
   9.1773122e+04   8.1059824e+02   8.7328267e+00   2.6862875e-14   8.1933106e+02   1.0000000e+00   5.8609571e-03
   3.4760513e+06   1.0013591e-01   2.2814066e-02   3.8481306e-13   1.2294997e-01   1.0000000e+00   5.8513783e-03
   2.6326224e+06   1.0000000e-01   1.4033567e-02   4.2773973e-13   1.1403357e-01   1.0000000e+00   5.8483951e-03
   1.1229846e+05   5.7644423e+02   6.2955157e+00   2.9268211e-14   5.8273974e+02   1.0000000e+00   5.8293680e-03
   1.0019917e+05   6.5094060e+02   8.2135928e+00   2.8369086e-14   6.5915419e+02   1.0000000e+00   5.8204711e-03
   1.2166817e+05   4.2357372e+02   4.8345938e+00   3.1630121e-14   4.2840831e+02   1.0000000e+00   5.7952096e-03
   9.9140668e+04   7.4463765e+02   7.0406501e+00   2.7460868e-14   7.5167830e+02   1.0000000e+00   5.7619476e-03
   4.6256096e+06   1.1738512e-01   5.7485821e-02   3.1224216e-13   1.7487094e-01   1.0000000e+00   5.7608880e-03
   1.1776215e+05   4.1007256e+02   4.8828804e+00   3.1931402e-14   4.1495544e+02   1.0000000e+00   5.7599442e-03
   2.1611046e+05   1.5984210e+02   4.6844665e+00   4.0309954e-14   1.6452656e+02   1.0000000e+00   5.7547873e-03
   1.9577784e+05   1.5745576e+02   4.8575906e+00   4.0460615e-14   1.6231335e+02   1.0000000e+00   5.7532296e-03
   1.1524619e+05   4.8817148e+02   5.8639600e+00   3.0502317e-14   4.9403544e+02   1.0000000e+00   5.7530174e-03
   2.2664984e+06   7.6327500e-01   2.0787730e-01   1.6803975e-13   9.7115231e-01   1.0000000e+00   5.7418902e-03
   3.1006826e+06   1.0000474e-01   1.5713704e-02   4.1626914e-13   1.1571844e-01   1.0000000e+00   5.7337947e-03
   4.9288360e+06   1.1982338e-01   7.7840778e-02   2.9686358e-13   1.9766416e-01   1.0000000e+00   5.7233894e-03
   2.2768180e+06   9.5217611e-01   2.7335443e-01   1.5553713e-13   1.2255305e+00   1.0000000e+00   5.7174030e-03
   9.5086187e+04   8.4329374e+02   8.8145196e+00   2.6621525e-14   8.5210826e+02   1.0000000e+00   5.6865647e-03
   8.2728722e+04   1.0000000e+03   4.2726357e+01   2.5446059e-14   1.0427264e+03   1.0000000e+00   5.6861490e-03
   4.4829277e+06   1.1911466e-01   6.4092299e-02   3.0614457e-13   1.8320696e-01   1.0000000e+00   5.6802470e-03
   8.8211476e+05   8.1643565e+00   6.7587360e-01   8.7092273e-14   8.8402301e+00   1.0000000e+00   5.6778249e-03
   1.1701354e+05   5.0381920e+02   6.0110851e+00   3.0258413e-14   5.0983028e+02   1.0000000e+00   5.6428288e-03
   1.9020498e+05   2.1250114e+02   4.2027476e+00   3.7594487e-14   2.1670388e+02   1.0000000e+00   5.6243336e-03
   2.1745310e+05   1.3878305e+02   3.7355491e+00   4.1782814e-14   1.4251860e+02   1.0000000e+00   5.6126408e-03
   8.7931356e+04   9.4078436e+02   7.3617120e+00   2.5913005e-14   9.4814607e+02   1.0000000e+00   5.6096630e-03
   3.4107224e+06   1.0000000e-01   2.0634789e-02   3.9289817e-13   1.2063479e-01   1.0000000e+00   5.6028122e-03
   2.5594591e+05   1.0371729e+02   3.4201662e+00   4.4949968e-14   1.0713746e+02   1.0000000e+00   5.5815002e-03
   1.1633688e+05   5.5307595e+02   8.2574123e+00   2.9549586e-14   5.6133337e+02   1.0000000e+00   5.5584927e-03
   1.3357231e+05   3.5794837e+02   6.8687293e+00   3.2925441e-14   3.6481710e+02   1.0000000e+00   5.5407537e-03
   8.9132208e+04   8.5047174e+02   9.0640351e+00   2.6543177e-14   8.5953578e+02   1.0000000e+00   5.5216439e-03
   4.3274030e+06   2.7505769e-01   1.3189657e-01   2.2695749e-13   4.0695426e-01   1.0000000e+00   5.5211799e-03
   4.0933776e+06   1.1781293e-01   6.5335176e-02   3.0781499e-13   1.8314811e-01   1.0000000e+00   5.5112107e-03
   3.0659331e+06   5.6705424e-01   1.8271724e-01   1.8300217e-13   7.4977147e-01   1.0000000e+00   5.5035408e-03
   3.2448495e+06   3.7951716e-01   1.5007206e-01   2.0569976e-13   5.2958921e-01   1.0000000e+00   5.5034749e-03
   1.6762778e+05   2.4222956e+02   7.2873311e+00   3.6261423e-14   2.4951690e+02   1.0000000e+00   5.5025893e-03
   1.5585301e+06   1.7610477e+00   4.0103559e-01   1.3097934e-13   2.1620833e+00   1.0000000e+00   5.4978920e-03
   3.3169704e+06   4.3678481e-01   1.5989113e-01   1.9754830e-13   5.9667594e-01   1.0000000e+00   5.4971204e-03
   4.4775289e+06   2.3279468e-01   1.4269368e-01   2.3386132e-13   3.7548836e-01   1.0000000e+00   5.4910306e-03
   1.3362129e+05   3.6139785e+02   6.9893625e+00   3.2842775e-14   3.6838721e+02   1.0000000e+00   5.4651529e-03
   4.7929318e+06   1.0000000e-01   6.1980837e-02   3.2156507e-13   1.6198084e-01   1.0000000e+00   5.4576156e-03
   3.9535718e+06   1.0000000e-01   2.8991642e-02   3.6693956e-13   1.2899164e-01   1.0000000e+00   5.4562824e-03
   1.0712680e+05   6.4166411e+02   8.4756897e+00   2.8474988e-14   6.5013980e+02   1.0000000e+00   5.4516009e-03
   9.4504098e+04   7.9406712e+02   7.7737981e+00   2.7012466e-14   8.0184091e+02   1.0000000e+00   5.4436130e-03
   1.7016485e+05   2.6081158e+02   4.4947154e+00   3.5704875e-14   2.6530629e+02   1.0000000e+00   5.4334341e-03
   8.6580765e+04   8.3806339e+02   9.0082617e+00   2.6651031e-14   8.4707165e+02   1.0000000e+00   5.4091748e-03
   8.7344766e+04   8.9821605e+02   8.7567418e+00   2.6189694e-14   9.0697279e+02   1.0000000e+00   5.4053314e-03
   2.9773384e+06   1.0000000e-01   1.6732021e-02   4.1097301e-13   1.1673202e-01   1.0000000e+00   5.3989016e-03
   3.2312790e+06   3.4921689e-01   1.4828653e-01   2.1045112e-13   4.9750342e-01   1.0000000e+00   5.3979169e-03
   1.3592718e+05   3.5029570e+02   7.4933134e+00   3.3089694e-14   3.5778901e+02   1.0000000e+00   5.3947415e-03
   3.8801550e+06   1.0000000e-01   2.6347671e-02   3.7393222e-13   1.2634767e-01   1.0000000e+00   5.3878366e-03
   4.7562204e+06   1.3955153e-01   8.0086355e-02   2.8463592e-13   2.1963789e-01   1.0000000e+00   5.3730609e-03
   2.1951386e+06   1.1230904e+00   2.5399476e-01   1.5008096e-13   1.3770852e+00   1.0000000e+00   5.3698994e-03
   3.7538898e+05   6.1237929e+01   2.2013406e+00   5.1684656e-14   6.3439270e+01   1.0000000e+00   5.3655977e-03
   1.6043242e+05   2.6856299e+02   7.3397831e+00   3.5343333e-14   2.7590277e+02   1.0000000e+00   5.3404825e-03
   3.8918715e+06   1.0012068e-01   2.7445442e-02   3.7078357e-13   1.2756612e-01   1.0000000e+00   5.3327440e-03
   2.1247090e+06   1.4888283e+00   3.5288877e-01   1.3737924e-13   1.8417171e+00   1.0000000e+00   5.3298265e-03
   5.8167309e+05   1.0934201e+01   8.2460598e-01   8.1773567e-14   1.1758806e+01   1.0000000e+00   5.3288385e-03
   1.9113402e+05   1.8044192e+02   4.4663062e+00   3.9099925e-14   1.8490823e+02   1.0000000e+00   5.3081786e-03
   1.2487760e+06   3.8460635e+00   5.8643710e-01   1.0559466e-13   4.4325006e+00   1.0000000e+00   5.3039301e-03
   9.8341574e+04   6.7038376e+02   7.3550217e+00   2.8174170e-14   6.7773878e+02   1.0000000e+00   5.2860565e-03
   2.4730369e+06   1.0000401e-01   1.0337317e-02   4.5686212e-13   1.1034133e-01   1.0000000e+00   5.2446261e-03
   4.9631260e+06   1.0000000e-01   7.0979530e-02   3.1513662e-13   1.7097953e-01   1.0000000e+00   5.2441602e-03
   2.7601430e+05   8.8961779e+01   1.8832105e+00   4.6973046e-14   9.0844990e+01   1.0000000e+00   5.2349318e-03
   1.7105169e+05   2.5452427e+02   5.0202984e+00   3.5893763e-14   2.5954457e+02   1.0000000e+00   5.2348459e-03
   3.3617859e+06   3.7156550e-01   1.5017193e-01   2.0676272e-13   5.2173743e-01   1.0000000e+00   5.2348094e-03
   3.3615075e+06   1.0000000e-01   2.6232013e-02   3.7553604e-13   1.2623201e-01   1.0000000e+00   5.2256524e-03
   8.2730511e+04   9.9994178e+02   4.1816386e+01   2.5446752e-14   1.0417582e+03   1.0000000e+00   5.2192671e-03
   4.6734851e+06   1.0111612e-01   4.8729211e-02   3.3298872e-13   1.4984533e-01   1.0000000e+00   5.2070838e-03
   1.1541256e+05   4.8392282e+02   5.3937598e+00   3.0580511e-14   4.8931658e+02   1.0000000e+00   5.1999528e-03
   9.6667168e+04   7.6507365e+02   6.8736687e+00   2.7275060e-14   7.7194732e+02   1.0000000e+00   5.1955693e-03
   2.4633295e+06   1.0000000e-01   1.0423009e-02   4.5606759e-13   1.1042301e-01   1.0000000e+00   5.1832109e-03
   2.8627788e+05   9.0053241e+01   1.7580281e+00   4.6913370e-14   9.1811269e+01   1.0000000e+00   5.1785481e-03
   2.4401702e+06   1.0000000e-01   1.1550334e-02   4.4641081e-13   1.1155033e-01   1.0000000e+00   5.1569426e-03
   3.3603918e+06   3.5741765e-01   1.5632873e-01   2.0796934e-13   5.1374638e-01   1.0000000e+00   5.1393472e-03
   8.2225254e+04   1.0000000e+03   4.9114827e+01   2.5444512e-14   1.0491148e+03   1.0000000e+00   5.1264769e-03
   3.1184745e+06   4.9069937e-01   1.7374688e-01   1.9030278e-13   6.6444625e-01   1.0000000e+00   5.1257954e-03
   9.9921799e+04   6.8247607e+02   8.7041397e+00   2.8031089e-14   6.9118021e+02   1.0000000e+00   5.1161611e-03
   4.2450560e+06   1.7474610e-01   8.2248263e-02   2.6809405e-13   2.5699436e-01   1.0000000e+00   5.0975425e-03
   3.9089787e+06   3.1417773e-01   1.7628651e-01   2.1243661e-13   4.9046425e-01   1.0000000e+00   5.0961517e-03
   1.1091696e+05   5.2208526e+02   7.9142025e+00   2.9968565e-14   5.2999946e+02   1.0000000e+00   5.0942801e-03
   1.0170331e+05   6.5230645e+02   7.9352147e+00   2.8354542e-14   6.6024167e+02   1.0000000e+00   5.0756604e-03
   9.0429900e+05   6.6128778e+00   6.2312974e-01   9.2081066e-14   7.2360075e+00   1.0000000e+00   5.0581568e-03
   3.9944131e+05   5.3491442e+01   2.6190974e+00   5.3332386e-14   5.6110540e+01   1.0000000e+00   5.0429752e-03
   1.2575046e+05   4.1041734e+02   5.4996210e+00   3.1851470e-14   4.1591696e+02   1.0000000e+00   5.0377848e-03
   2.7672693e+05   9.6801202e+01   3.3839606e+00   4.5760931e-14   1.0018516e+02   1.0000000e+00   5.0253421e-03
   3.6084462e+05   5.6732446e+01   1.7901090e+00   5.2623591e-14   5.8522555e+01   1.0000000e+00   5.0253187e-03
   4.9789953e+06   1.3737720e-01   1.0312088e-01   2.7643468e-13   2.4049809e-01   1.0000000e+00   5.0045633e-03
   1.0396528e+05   6.0680484e+02   6.7561369e+00   2.8884565e-14   6.1356098e+02   1.0000000e+00   5.0003789e-03
   1.3408158e+05   3.3721287e+02   5.5570410e+00   3.3462651e-14   3.4276991e+02   1.0000000e+00   4.9938644e-03
   3.0354131e+06   5.0136275e-01   1.6969178e-01   1.8965425e-13   6.7105454e-01   1.0000000e+00   4.9908721e-03
   9.9820604e+04   7.2232440e+02   7.6197487e+00   2.7656915e-14   7.2994415e+02   1.0000000e+00   4.9893376e-03
   1.9020495e+05   2.1264052e+02   4.3390233e+00   3.7581413e-14   2.1697954e+02   1.0000000e+00   4.9670456e-03
   1.0459548e+05   6.2015283e+02   7.1436175e+00   2.8721441e-14   6.2729645e+02   1.0000000e+00   4.9655104e-03
   3.1135710e+06   1.0000480e-01   1.7189754e-02   4.0834304e-13   1.1719455e-01   1.0000000e+00   4.9520836e-03
   3.1140828e+06   1.0000473e-01   1.5761617e-02   4.1600419e-13   1.1576635e-01   1.0000000e+00   4.9412581e-03
   1.6027667e+05   2.5645233e+02   7.3333142e+00   3.5752642e-14   2.6378565e+02   1.0000000e+00   4.9397209e-03
   9.2451727e+05   7.1838601e+00   5.2381662e-01   9.0751320e-14   7.7076768e+00   1.0000000e+00   4.9267531e-03
   8.5346275e+04   9.9607986e+02   9.0527352e+00   2.5532725e-14   1.0051326e+03   1.0000000e+00   4.9256009e-03
   2.8227644e+06   1.0008466e-01   1.1405502e-02   4.4706801e-13   1.1149016e-01   1.0000000e+00   4.9224909e-03
   2.9845324e+06   4.3934613e-01   1.4777985e-01   1.9863878e-13   5.8712598e-01   1.0000000e+00   4.9170117e-03
   2.2810263e+06   9.1586089e-01   2.7221409e-01   1.5712591e-13   1.1880750e+00   1.0000000e+00   4.9152167e-03
   8.3679641e+04   1.0000000e+03   8.9846894e+00   2.5503479e-14   1.0089847e+03   1.0000000e+00   4.9007388e-03
   3.3759642e+06   3.5280014e-01   1.5369404e-01   2.0899104e-13   5.0649418e-01   1.0000000e+00   4.8984584e-03
   1.0201473e+05   6.7459492e+02   8.0728827e+00   2.8119704e-14   6.8266780e+02   1.0000000e+00   4.8939249e-03
   7.6901040e+05   1.7582035e+01   9.5548910e-01   7.2365493e-14   1.8537524e+01   1.0000000e+00   4.8857052e-03
   6.3144106e+05   1.8330887e+01   8.4717344e-01   7.0816004e-14   1.9178061e+01   1.0000000e+00   4.8728070e-03
   1.5437867e+05   3.1047213e+02   6.2789080e+00   3.4127982e-14   3.1675104e+02   1.0000000e+00   4.8657557e-03
   1.0083031e+05   7.2929511e+02   7.2162559e+00   2.7603744e-14   7.3651136e+02   1.0000000e+00   4.8642300e-03
   2.7320594e+05   1.0070978e+02   3.2716223e+00   4.5332496e-14   1.0398140e+02   1.0000000e+00   4.8538037e-03
   4.4480191e+06   2.3373635e-01   1.4233873e-01   2.3365336e-13   3.7607508e-01   1.0000000e+00   4.8480894e-03
   2.3534900e+05   1.3203996e+02   4.2856167e+00   4.2284224e-14   1.3632558e+02   1.0000000e+00   4.8454002e-03
   3.5327111e+06   1.0000000e-01   2.5200072e-02   3.7748156e-13   1.2520007e-01   1.0000000e+00   4.8273103e-03
   1.1941695e+05   4.9033729e+02   4.8798192e+00   3.0493254e-14   4.9521711e+02   1.0000000e+00   4.8132814e-03
   1.2554273e+06   2.6010515e+00   4.5872760e-01   1.1835844e-13   3.0597791e+00   1.0000000e+00   4.8015436e-03
   1.8233246e+05   2.5367951e+02   5.1619882e+00   3.6005890e-14   2.5884150e+02   1.0000000e+00   4.7820532e-03
   1.1653202e+05   5.1664234e+02   5.9463194e+00   3.0073526e-14   5.2258866e+02   1.0000000e+00   4.7699490e-03
   1.0352911e+06   5.7222457e+00   6.3289161e-01   9.5368060e-14   6.3551373e+00   1.0000000e+00   4.7618333e-03
   3.1406840e+06   4.7807098e-01   1.7045296e-01   1.9187369e-13   6.4852393e-01   1.0000000e+00   4.7404315e-03
   8.7931321e+04   9.4085968e+02   7.3641077e+00   2.5912480e-14   9.4822379e+02   1.0000000e+00   4.7390314e-03
   2.9705351e+05   6.7007945e+01   2.2392301e+00   5.0341684e-14   6.9247175e+01   1.0000000e+00   4.7358333e-03
   1.4834523e+06   2.0451631e+00   4.0843948e-01   1.2589117e-13   2.4536026e+00   1.0000000e+00   4.7326504e-03
   8.2479158e+04   9.9939947e+02   2.2959913e+01   2.5462862e-14   1.0223594e+03   1.0000000e+00   4.7163959e-03
   4.2662869e+06   1.5494101e-01   7.8149215e-02   2.7832168e-13   2.3309022e-01   1.0000000e+00   4.7137092e-03
   3.9392549e+06   1.0000099e-01   2.6929736e-02   3.7235115e-13   1.2693072e-01   1.0000000e+00   4.7130409e-03
   3.8919246e+06   1.0000000e-01   2.9313509e-02   3.6617721e-13   1.2931351e-01   1.0000000e+00   4.7081318e-03
   9.8712033e+04   6.8874202e+02   6.6842313e+00   2.7992220e-14   6.9542626e+02   1.0000000e+00   4.6990047e-03
   1.0708702e+05   5.6033757e+02   6.3219643e+00   2.9470758e-14   5.6665953e+02   1.0000000e+00   4.6865183e-03
   3.2928220e+06   3.9469196e-01   1.6079553e-01   2.0230683e-13   5.5548748e-01   1.0000000e+00   4.6794177e-03
   4.7823674e+06   1.0000000e-01   6.2396542e-02   3.2128251e-13   1.6239654e-01   1.0000000e+00   4.6766902e-03
   1.1569358e+05   5.0448106e+02   6.0077037e+00   3.0248145e-14   5.1048876e+02   1.0000000e+00   4.6746747e-03
   1.2147163e+05   4.1511773e+02   4.8600858e+00   3.1795841e-14   4.1997782e+02   1.0000000e+00   4.6725918e-03
   1.0716435e+05   5.9427000e+02   6.1824025e+00   2.9041992e-14   6.0045240e+02   1.0000000e+00   4.6669810e-03
   4.9414108e+06   1.1848644e-01   7.7716131e-02   2.9777110e-13   1.9620257e-01   1.0000000e+00   4.6500869e-03
   4.9951460e+06   1.0000000e-01   5.6116163e-02   3.2624446e-13   1.5611616e-01   1.0000000e+00   4.6494796e-03
   3.8580603e+06   1.0000000e-01   3.7665806e-02   3.5054435e-13   1.3766581e-01   1.0000000e+00   4.6418476e-03
   1.2936364e+05   3.9795055e+02   5.8035923e+00   3.2085518e-14   4.0375414e+02   1.0000000e+00   4.6403490e-03
   8.9051530e+04   8.3581535e+02   6.7172551e+00   2.6683981e-14   8.4253261e+02   1.0000000e+00   4.6398660e-03
   5.1514201e+05   2.4856221e+01   2.2991324e+00   6.4395317e-14   2.7155354e+01   1.0000000e+00   4.6060552e-03
   4.9410286e+06   1.1239073e-01   6.5872562e-02   3.0905785e-13   1.7826329e-01   1.0000000e+00   4.6049892e-03
   9.2853146e+05   9.0401308e+00   6.8799879e-01   8.5191656e-14   9.7281296e+00   1.0000000e+00   4.5825146e-03
   1.6593188e+05   2.3816707e+02   7.0239457e+00   3.6421783e-14   2.4519102e+02   1.0000000e+00   4.5715213e-03
   1.0709914e+05   5.9446747e+02   6.2220008e+00   2.9038841e-14   6.0068947e+02   1.0000000e+00   4.5497314e-03
   1.1513811e+05   5.3207057e+02   7.2575856e+00   2.9832856e-14   5.3932816e+02   1.0000000e+00   4.5472601e-03
   1.3343749e+05   3.4139870e+02   5.6101277e+00   3.3357796e-14   3.4700883e+02   1.0000000e+00   4.5469432e-03
   2.4633627e+05   9.1690869e+01   3.3868660e+00   4.6453214e-14   9.5077734e+01   1.0000000e+00   4.5310622e-03
   2.1340037e+05   1.6921880e+02   4.7127711e+00   3.9759332e-14   1.7393157e+02   1.0000000e+00   4.5306199e-03
   4.4601783e+06   1.8534256e-01   9.5521607e-02   2.5911743e-13   2.8086417e-01   1.0000000e+00   4.5181594e-03
   1.0759826e+05   5.7298728e+02   6.3842447e+00   2.9302659e-14   5.7937153e+02   1.0000000e+00   4.5013002e-03
   8.5385543e+04   9.7695236e+02   7.0404699e+00   2.5672876e-14   9.8399283e+02   1.0000000e+00   4.4951836e-03
   1.3013984e+05   4.1560863e+02   5.0608197e+00   3.1764271e-14   4.2066945e+02   1.0000000e+00   4.4887522e-03
   1.1482968e+05   5.3123398e+02   7.2680994e+00   2.9843496e-14   5.3850208e+02   1.0000000e+00   4.4639308e-03
   5.0000000e+06   1.0000000e-01   5.2856808e-02   3.2946830e-13   1.5285681e-01   1.0000000e+00   4.4620160e-03
   3.2913656e+06   4.0601166e-01   1.6394262e-01   2.0052029e-13   5.6995428e-01   1.0000000e+00   4.4609680e-03
   4.8929354e+05   3.8572259e+01   2.3138456e+00   5.8107657e-14   4.0886104e+01   1.0000000e+00   4.4565924e-03
   1.9465727e+05   1.5067416e+02   4.8932866e+00   4.0944553e-14   1.5556744e+02   1.0000000e+00   4.4548268e-03
   9.8174442e+04   7.8843427e+02   8.8872042e+00   2.7066089e-14   7.9732148e+02   1.0000000e+00   4.4439537e-03
   1.6762787e+05   2.4222914e+02   7.2845895e+00   3.6261486e-14   2.4951373e+02   1.0000000e+00   4.4394206e-03
   5.0000000e+06   1.3964184e-01   7.7670496e-02   2.8618033e-13   2.1731234e-01   1.0000000e+00   4.4262101e-03
   1.3778047e+05   3.7744680e+02   7.0086527e+00   3.2490293e-14   3.8445545e+02   1.0000000e+00   4.4218673e-03
   4.4276294e+05   3.1925223e+01   2.2457255e+00   6.0524070e-14   3.4170948e+01   1.0000000e+00   4.4168425e-03
   3.7055478e+06   2.3502615e-01   1.0066729e-01   2.4253733e-13   3.3569344e-01   1.0000000e+00   4.4140510e-03
   4.9759120e+06   1.0000000e-01   6.4283752e-02   3.1953262e-13   1.6428375e-01   1.0000000e+00   4.4103975e-03
   1.1591578e+05   5.9882278e+02   6.4451890e+00   2.9034019e-14   6.0526797e+02   1.0000000e+00   4.4091830e-03
   4.0929180e+06   2.0500809e-01   9.4036421e-02   2.5306799e-13   2.9904451e-01   1.0000000e+00   4.3896950e-03
   1.0951250e+05   5.5463851e+02   7.5237429e+00   2.9522380e-14   5.6216225e+02   1.0000000e+00   4.3876118e-03
   3.1782911e+06   3.3394300e-01   1.4306406e-01   2.1385284e-13   4.7700705e-01   1.0000000e+00   4.3768316e-03
   9.7882852e+04   7.8999967e+02   8.8877017e+00   2.7051399e-14   7.9888737e+02   1.0000000e+00   4.3760697e-03
   4.9689045e+06   1.5393124e-01   8.2305730e-02   2.7737526e-13   2.3623697e-01   1.0000000e+00   4.3469549e-03
   4.4133000e+06   1.0000000e-01   3.6376825e-02   3.5161159e-13   1.3637682e-01   1.0000000e+00   4.3457039e-03
   2.5003012e+05   9.1967219e+01   3.3740601e+00   4.6387547e-14   9.5341279e+01   1.0000000e+00   4.3401373e-03
   2.4992767e+06   1.0000000e-01   1.0154307e-02   4.5864463e-13   1.1015431e-01   1.0000000e+00   4.3400953e-03
   9.2702619e+04   7.5115739e+02   4.2787595e+00   2.7457828e-14   7.5543615e+02   1.0000000e+00   4.3253273e-03
   1.2901428e+05   4.4051458e+02   6.0403545e+00   3.1292940e-14   4.4655493e+02   1.0000000e+00   4.3250839e-03
   7.0823316e+05   1.0028685e+01   7.6163867e-01   8.2606292e-14   1.0790324e+01   1.0000000e+00   4.3250532e-03
   2.4821582e+06   1.0000000e-01   1.2045814e-02   4.4226800e-13   1.1204581e-01   1.0000000e+00   4.3191302e-03
   8.5713491e+04   8.9525254e+02   7.2937665e+00   2.6227783e-14   9.0254630e+02   1.0000000e+00   4.3165243e-03
   1.3789882e+05   3.6544711e+02   6.6101401e+00   3.2754235e-14   3.7205725e+02   1.0000000e+00   4.3138225e-03
   3.7300767e+05   4.3513293e+01   1.4075536e+00   5.6383037e-14   4.4920846e+01   1.0000000e+00   4.2937097e-03
   1.5698377e+05   2.7145929e+02   5.5635574e+00   3.5287129e-14   2.7702284e+02   1.0000000e+00   4.2898302e-03
   3.8180496e+06   1.0000000e-01   2.5551514e-02   3.7620398e-13   1.2555151e-01   1.0000000e+00   4.2894918e-03
   4.5596547e+06   1.0000000e-01   5.1544075e-02   3.3109215e-13   1.5154408e-01   1.0000000e+00   4.2879526e-03
   3.5035688e+05   4.9937520e+01   2.0955070e+00   5.4184839e-14   5.2033027e+01   1.0000000e+00   4.2739833e-03
   2.0795054e+06   1.5169135e+00   3.4383472e-01   1.3687048e-13   1.8607482e+00   1.0000000e+00   4.2548151e-03
   8.5985726e+04   8.9554382e+02   8.7307937e+00   2.6210461e-14   9.0427461e+02   1.0000000e+00   4.2528766e-03
   1.1486731e+05   5.2718911e+02   7.1334524e+00   2.9901345e-14   5.3432256e+02   1.0000000e+00   4.2434304e-03
   2.7261145e+05   9.5095730e+01   3.3542994e+00   4.5945876e-14   9.8450029e+01   1.0000000e+00   4.2312145e-03
   1.4365405e+05   3.3780902e+02   7.1546290e+00   3.3390334e-14   3.4496365e+02   1.0000000e+00   4.2299398e-03
   4.5776617e+06   1.1782409e-01   5.9137689e-02   3.1058435e-13   1.7696178e-01   1.0000000e+00   4.2197544e-03
   2.3891522e+05   1.5149749e+02   3.9327729e+00   4.1026729e-14   1.5543026e+02   1.0000000e+00   4.2072507e-03
   4.3422250e+06   2.7584172e-01   1.3151933e-01   2.2695189e-13   4.0736105e-01   1.0000000e+00   4.2027826e-03
   3.7463124e+05   4.3417221e+01   1.3680873e+00   5.6437746e-14   4.4785308e+01   1.0000000e+00   4.1914710e-03
   7.7464145e+05   1.7516815e+01   1.0821982e+00   7.2229290e-14   1.8599013e+01   1.0000000e+00   4.1664725e-03
   9.6502286e+04   7.5254359e+02   6.8567734e+00   2.7384173e-14   7.5940037e+02   1.0000000e+00   4.1650920e-03
   9.3340555e+04   7.5724160e+02   7.5322608e+00   2.7333083e-14   7.6477386e+02   1.0000000e+00   4.1650885e-03
   9.3293922e+04   7.5729973e+02   7.5323189e+00   2.7332660e-14   7.6483204e+02   1.0000000e+00   4.1598256e-03
   2.2680240e+06   8.2996673e-01   2.1496025e-01   1.6391260e-13   1.0449270e+00   1.0000000e+00   4.1569410e-03
   1.7535727e+05   1.9402960e+02   5.2633357e+00   3.8405180e-14   1.9929293e+02   1.0000000e+00   4.1439946e-03
   9.6333676e+04   7.5361800e+02   6.8884034e+00   2.7373838e-14   7.6050640e+02   1.0000000e+00   4.1262508e-03
   3.2936680e+06   4.0349757e-01   1.6616417e-01   2.0057124e-13   5.6966175e-01   1.0000000e+00   4.1225380e-03
   3.6154104e+05   5.2494411e+01   1.7898483e+00   5.3609572e-14   5.4284260e+01   1.0000000e+00   4.1019617e-03
   2.4137644e+06   1.0000000e-01   1.0206261e-02   4.5834783e-13   1.1020626e-01   1.0000000e+00   4.0998413e-03
