   4.1990591e+04   1.0000000e+03   2.9987471e-14   1.0000000e+03   1.0000000e+00             Inf
   2.9005443e+05   1.0000000e-01   1.0591961e-12   1.0000000e-01   1.0000000e+00             Inf
   9.0990519e+04   3.4537660e+01   1.0481113e-13   3.4537660e+01   1.0000000e+00   1.8428398e-02
   4.2508976e+04   9.2386085e+02   3.0813085e-14   9.2386085e+02   1.0000000e+00   1.7483045e-02
   6.8953315e+04   1.2143703e+02   6.4524194e-14   1.2143703e+02   1.0000000e+00   1.7371971e-02
   7.8583972e+04   2.8834289e+01   1.1431516e-13   2.8834289e+01   1.0000000e+00   1.6997919e-02
   4.2234697e+04   9.3706771e+02   3.0664371e-14   9.3706771e+02   1.0000000e+00   1.6833629e-02
   7.7293895e+04   6.5704623e+01   8.1584783e-14   6.5704623e+01   1.0000000e+00   1.6578919e-02
   6.5667715e+04   1.3148305e+02   6.2585549e-14   1.3148305e+02   1.0000000e+00   1.5546735e-02
   1.2294700e+05   9.4650031e+00   1.7487722e-13   9.4650031e+00   1.0000000e+00   1.5424184e-02
   5.7687737e+04   2.9142374e+02   4.6529997e-14   2.9142374e+02   1.0000000e+00   1.4746467e-02
   5.6856497e+04   3.0370786e+02   4.5816506e-14   3.0370786e+02   1.0000000e+00   1.4514182e-02
   4.4212831e+04   7.7388252e+02   3.2760479e-14   7.7388252e+02   1.0000000e+00   1.3777517e-02
   2.7709711e+05   1.0275435e-01   1.0493853e-12   1.0275435e-01   1.0000000e+00   1.3475872e-02
   2.6837691e+05   1.6599972e-01   8.6649747e-13   1.6599972e-01   1.0000000e+00   1.3292886e-02
   1.2697210e+05   8.4640933e+00   1.8304593e-13   8.4640933e+00   1.0000000e+00   1.3066215e-02
   2.5400474e+05   1.7837044e-01   8.4165425e-13   1.7837044e-01   1.0000000e+00   1.2722738e-02
   6.0373656e+04   2.2396670e+02   5.1259104e-14   2.2396670e+02   1.0000000e+00   1.2361226e-02
   4.2966234e+04   8.6556805e+02   3.1514570e-14   8.6556805e+02   1.0000000e+00   1.2218069e-02
   4.7099257e+04   5.7425464e+02   3.6386093e-14   5.7425464e+02   1.0000000e+00   1.1960456e-02
   6.7050494e+04   1.1041476e+02   6.6909514e-14   1.1041476e+02   1.0000000e+00   1.1845345e-02
   2.3077511e+05   2.7263650e-01   7.1120655e-13   2.7263650e-01   1.0000000e+00   1.1800048e-02
   2.3481808e+05   3.0533026e-01   6.7975761e-13   3.0533026e-01   1.0000000e+00   1.1720052e-02
   1.7461055e+05   1.3153914e+00   3.8038255e-13   1.3153914e+00   1.0000000e+00   1.1715781e-02
   5.9718313e+04   2.3137341e+02   5.0636719e-14   2.3137341e+02   1.0000000e+00   1.1634488e-02
   4.6300489e+04   7.8408639e+02   3.2646410e-14   7.8408639e+02   1.0000000e+00   1.1486254e-02
   7.2108471e+04   8.1943307e+01   7.4957933e-14   8.1943307e+01   1.0000000e+00   1.1375777e-02
   9.7030450e+04   2.5096398e+01   1.1871493e-13   2.5096398e+01   1.0000000e+00   1.1319996e-02
   4.2250443e+04   9.6757460e+02   3.0327446e-14   9.6757460e+02   1.0000000e+00   1.1192888e-02
   9.6208386e+04   2.1702776e+01   1.2551505e-13   2.1702776e+01   1.0000000e+00   1.1155203e-02
   6.7759863e+04   1.0472224e+02   6.8274358e-14   1.0472224e+02   1.0000000e+00   1.1059015e-02
   1.4635829e+05   3.1614583e+00   2.6858648e-13   3.1614583e+00   1.0000000e+00   1.0998243e-02
   1.7930886e+05   1.1423780e+00   4.0227227e-13   1.1423780e+00   1.0000000e+00   1.0940457e-02
   2.3470627e+05   2.7866595e-01   7.0469803e-13   2.7866595e-01   1.0000000e+00   1.0767245e-02
   7.2331567e+04   8.7140149e+01   7.3195395e-14   8.7140149e+01   1.0000000e+00   1.0725979e-02
   2.8917272e+05   1.0641198e-01   1.0334445e-12   1.0641198e-01   1.0000000e+00   1.0711442e-02
   7.2194831e+04   7.3074515e+01   7.8414908e-14   7.3074515e+01   1.0000000e+00   1.0656844e-02
   1.9367214e+05   8.3459875e-01   4.5601453e-13   8.3459875e-01   1.0000000e+00   1.0628716e-02
   2.3691034e+05   2.8334172e-01   7.0013582e-13   2.8334172e-01   1.0000000e+00   1.0536502e-02
   6.4081892e+04   1.4420879e+02   6.0442697e-14   1.4420879e+02   1.0000000e+00   1.0485279e-02
   2.5507416e+05   2.0409816e-01   7.9785280e-13   2.0409816e-01   1.0000000e+00   1.0411077e-02
   2.1464665e+05   4.6334381e-01   5.7578788e-13   4.6334381e-01   1.0000000e+00   1.0354393e-02
   1.7930698e+05   1.0909503e+00   4.0960583e-13   1.0909503e+00   1.0000000e+00   1.0225894e-02
   4.4948310e+04   7.5771909e+02   3.2999674e-14   7.5771909e+02   1.0000000e+00   1.0062912e-02
   1.5310612e+05   2.0674074e+00   3.1785053e-13   2.0674074e+00   1.0000000e+00   1.0049674e-02
   8.9185929e+04   2.3343049e+01   1.2243342e-13   2.3343049e+01   1.0000000e+00   1.0001092e-02
   4.6295865e+04   5.9269284e+02   3.5992247e-14   5.9269284e+02   1.0000000e+00   9.9511709e-03
   2.5301299e+05   1.6914964e-01   8.6011534e-13   1.6914964e-01   1.0000000e+00   9.9075323e-03
   4.4000120e+04   8.0492006e+02   3.2314294e-14   8.0492006e+02   1.0000000e+00   9.8991547e-03
   4.3334233e+04   8.5322138e+02   3.1669182e-14   8.5322138e+02   1.0000000e+00   9.8828746e-03
   2.8663081e+05   1.1227280e-01   1.0116982e-12   1.1227280e-01   1.0000000e+00   9.8705300e-03
   1.5294927e+05   1.9725991e+00   3.2398958e-13   1.9725991e+00   1.0000000e+00   9.8206290e-03
   4.4494922e+04   7.9900085e+02   3.2396758e-14   7.9900085e+02   1.0000000e+00   9.7850574e-03
   1.3862803e+05   5.4086579e+00   2.1836760e-13   5.4086579e+00   1.0000000e+00   9.7688618e-03
   4.5929591e+04   7.0297837e+02   3.3876023e-14   7.0297837e+02   1.0000000e+00   9.7489594e-03
   2.3003892e+05   3.3718556e-01   6.5344737e-13   3.3718556e-01   1.0000000e+00   9.7344245e-03
   2.3482672e+05   2.1705015e-01   7.8027683e-13   2.1705015e-01   1.0000000e+00   9.7332838e-03
   4.8751487e+04   5.2459374e+02   3.7567973e-14   5.2459374e+02   1.0000000e+00   9.7115380e-03
   5.0173547e+04   4.4967520e+02   3.9702651e-14   4.4967520e+02   1.0000000e+00   9.7040639e-03
   7.9086387e+04   5.9498032e+01   8.4770599e-14   5.9498032e+01   1.0000000e+00   9.5748403e-03
   4.9010121e+04   6.3412083e+02   3.5182738e-14   6.3412083e+02   1.0000000e+00   9.5704078e-03
   4.2176257e+04   9.7408935e+02   3.0257880e-14   9.7408935e+02   1.0000000e+00   9.4906705e-03
   5.8211388e+04   2.4664847e+02   4.9439218e-14   2.4664847e+02   1.0000000e+00   9.4779594e-03
   2.9076881e+05   1.0877218e-01   1.0247703e-12   1.0877218e-01   1.0000000e+00   9.4568871e-03
   2.9005449e+05   1.1401444e-01   1.0061119e-12   1.1401444e-01   1.0000000e+00   9.4301170e-03
   6.3346043e+04   1.4910044e+02   5.9693966e-14   1.4910044e+02   1.0000000e+00   9.3399914e-03
   4.7991984e+04   5.6564467e+02   3.6573952e-14   5.6564467e+02   1.0000000e+00   9.3371507e-03
   1.4674814e+05   2.9785506e+00   2.7492029e-13   2.9785506e+00   1.0000000e+00   9.3129584e-03
   7.6774153e+04   6.1588165e+01   8.3655041e-14   6.1588165e+01   1.0000000e+00   9.3026158e-03
   1.1402782e+05   1.1672209e+01   1.6040239e-13   1.1672209e+01   1.0000000e+00   9.2884737e-03
   5.1722466e+04   4.2039645e+02   4.0676022e-14   4.2039645e+02   1.0000000e+00   9.2735781e-03
   5.9837226e+04   1.8066155e+02   5.5574715e-14   1.8066155e+02   1.0000000e+00   9.2605072e-03
   9.5229965e+04   1.5426427e+01   1.4440140e-13   1.5426427e+01   1.0000000e+00   9.2553293e-03
   2.4860451e+05   1.7415527e-01   8.5082551e-13   1.7415527e-01   1.0000000e+00   9.2268316e-03
   1.8595420e+05   8.6424763e-01   4.4931531e-13   8.6424763e-01   1.0000000e+00   9.2160388e-03
   7.8917470e+04   4.3613302e+01   9.5874461e-14   4.3613302e+01   1.0000000e+00   9.2156568e-03
   4.1821123e+04   9.5741988e+02   3.0441639e-14   9.5741988e+02   1.0000000e+00   9.1943547e-03
   2.3795898e+05   2.4853561e-01   7.3759279e-13   2.4853561e-01   1.0000000e+00   9.1760475e-03
   2.5386366e+05   1.3406107e-01   9.4722812e-13   1.3406107e-01   1.0000000e+00   9.1211861e-03
   6.1008731e+04   1.7301388e+02   5.6455880e-14   1.7301388e+02   1.0000000e+00   9.0731266e-03
   5.5149125e+04   2.5153485e+02   4.9158046e-14   2.5153485e+02   1.0000000e+00   9.0087227e-03
   5.0269871e+04   4.4436915e+02   3.9873106e-14   4.4436915e+02   1.0000000e+00   8.8614250e-03
   4.6172923e+04   6.4821164e+02   3.4855782e-14   6.4821164e+02   1.0000000e+00   8.8416866e-03
   4.6201114e+04   6.7061801e+02   3.4439878e-14   6.7061801e+02   1.0000000e+00   8.8310923e-03
   2.7336897e+05   1.4533811e-01   9.1317047e-13   1.4533811e-01   1.0000000e+00   8.8303367e-03
   1.1386687e+05   1.2674306e+01   1.5551282e-13   1.2674306e+01   1.0000000e+00   8.7934051e-03
   4.7479095e+04   6.0066819e+02   3.5803527e-14   6.0066819e+02   1.0000000e+00   8.7624421e-03
   4.8771322e+04   4.0246630e+02   4.1444765e-14   4.0246630e+02   1.0000000e+00   8.7503481e-03
   2.2991507e+05   3.1292574e-01   6.7294128e-13   3.1292574e-01   1.0000000e+00   8.7105221e-03
   1.6954510e+05   1.3803442e+00   3.7302436e-13   1.3803442e+00   1.0000000e+00   8.6836970e-03
   1.7374952e+05   1.0399726e+00   4.1787681e-13   1.0399726e+00   1.0000000e+00   8.6273376e-03
   2.5144752e+05   2.0961861e-01   7.8924307e-13   2.0961861e-01   1.0000000e+00   8.6169038e-03
   4.4140179e+04   7.7047144e+02   3.2812332e-14   7.7047144e+02   1.0000000e+00   8.5547747e-03
   4.5586311e+04   6.8144327e+02   3.4249157e-14   6.8144327e+02   1.0000000e+00   8.5303759e-03
   2.3282223e+05   3.3048107e-01   6.5891090e-13   3.3048107e-01   1.0000000e+00   8.5232490e-03
   2.3323063e+05   2.1468995e-01   7.8439521e-13   2.1468995e-01   1.0000000e+00   8.4732185e-03
   4.4937471e+04   7.9527057e+02   3.2452825e-14   7.9527057e+02   1.0000000e+00   8.4633462e-03
   2.8458647e+05   1.0743241e-01   1.0294535e-12   1.0743241e-01   1.0000000e+00   8.4303245e-03
   1.6539360e+05   1.5420857e+00   3.5696328e-13   1.5420857e+00   1.0000000e+00   8.4170017e-03
   4.4956427e+04   7.5314280e+02   3.3069369e-14   7.5314280e+02   1.0000000e+00   8.4159788e-03
   6.1117569e+04   1.4018925e+02   6.1313110e-14   1.4018925e+02   1.0000000e+00   8.4041545e-03
   2.5552625e+05   1.8450922e-01   8.3025335e-13   1.8450922e-01   1.0000000e+00   8.3887906e-03
   1.9771591e+05   6.6322379e-01   4.9918769e-13   6.6322379e-01   1.0000000e+00   8.3842935e-03
   4.9453171e+04   4.1330892e+02   4.0983916e-14   4.1330892e+02   1.0000000e+00   8.3785658e-03
   6.3622272e+04   1.6749002e+02   5.7124563e-14   1.6749002e+02   1.0000000e+00   8.2836547e-03
   2.6807468e+05   1.1086726e-01   1.0197239e-12   1.1086726e-01   1.0000000e+00   8.2636150e-03
   2.0537916e+05   7.6344511e-01   4.7449928e-13   7.6344511e-01   1.0000000e+00   8.2523014e-03
   2.6973376e+05   1.4729260e-01   9.0809931e-13   1.4729260e-01   1.0000000e+00   8.2327365e-03
   2.8650787e+05   1.1784886e-01   9.9270266e-13   1.1784886e-01   1.0000000e+00   8.1871579e-03
   4.3743892e+04   8.7324666e+02   3.1416927e-14   8.7324666e+02   1.0000000e+00   8.1735496e-03
   2.1744466e+05   4.5342908e-01   5.8093407e-13   4.5342908e-01   1.0000000e+00   8.1080108e-03
   1.7954506e+05   1.0702451e+00   4.1272260e-13   1.0702451e+00   1.0000000e+00   8.0872417e-03
   2.4878730e+05   1.6330238e-01   8.7379047e-13   1.6330238e-01   1.0000000e+00   8.0821665e-03
   9.5774741e+04   1.9781169e+01   1.3024817e-13   1.9781169e+01   1.0000000e+00   8.0350065e-03
   1.3882609e+05   2.3123798e+00   3.0633937e-13   2.3123798e+00   1.0000000e+00   8.0175990e-03
   2.7861136e+05   1.3991713e-01   9.2755845e-13   1.3991713e-01   1.0000000e+00   8.0169690e-03
   9.4144137e+04   2.7274591e+01   1.1482957e-13   2.7274591e+01   1.0000000e+00   8.0131766e-03
   2.3096250e+05   3.4749484e-01   6.4596479e-13   3.4749484e-01   1.0000000e+00   7.9772109e-03
   1.9455168e+05   6.3290802e-01   5.0877455e-13   6.3290802e-01   1.0000000e+00   7.9767446e-03
   5.5095349e+04   4.2692828e+02   4.0628748e-14   4.2692828e+02   1.0000000e+00   7.9739703e-03
   2.3697009e+05   3.2722560e-01   6.6220932e-13   3.2722560e-01   1.0000000e+00   7.9610183e-03
   2.5354259e+05   1.8689963e-01   8.2604358e-13   1.8689963e-01   1.0000000e+00   7.9526825e-03
   2.0249215e+05   5.7432731e-01   5.2857570e-13   5.7432731e-01   1.0000000e+00   7.9518432e-03
   2.0773005e+05   4.7468272e-01   5.7029912e-13   4.7468272e-01   1.0000000e+00   7.9415311e-03
   2.4874192e+05   2.2676622e-01   7.6504054e-13   2.2676622e-01   1.0000000e+00   7.9388619e-03
   1.4010969e+05   4.2900364e+00   2.3826146e-13   4.2900364e+00   1.0000000e+00   7.9290444e-03
   4.4475242e+04   6.7553506e+02   3.4384262e-14   6.7553506e+02   1.0000000e+00   7.9105613e-03
   2.0267936e+05   6.8129677e-01   4.9446430e-13   6.8129677e-01   1.0000000e+00   7.8955528e-03
   1.4073293e+05   4.4908986e+00   2.3429992e-13   4.4908986e+00   1.0000000e+00   7.8930060e-03
   9.8605485e+04   8.3651867e+00   1.8719303e-13   8.3651867e+00   1.0000000e+00   7.8926074e-03
   9.1838662e+04   3.6277410e+01   1.0300978e-13   3.6277410e+01   1.0000000e+00   7.8799432e-03
   1.9276237e+05   8.1459257e-01   4.6020337e-13   8.1459257e-01   1.0000000e+00   7.8740777e-03
   4.5825034e+04   7.3075668e+02   3.3422926e-14   7.3075668e+02   1.0000000e+00   7.8646977e-03
   2.7745862e+05   1.1110493e-01   1.0162677e-12   1.1110493e-01   1.0000000e+00   7.7993524e-03
   2.7527506e+05   1.1650437e-01   9.9719984e-13   1.1650437e-01   1.0000000e+00   7.7904111e-03
   4.3299021e+04   8.7057455e+02   3.1448905e-14   8.7057455e+02   1.0000000e+00   7.7742569e-03
   4.7724654e+04   6.0807327e+02   3.5651176e-14   6.0807327e+02   1.0000000e+00   7.7544910e-03
   4.3301494e+04   8.5850594e+02   3.1601491e-14   8.5850594e+02   1.0000000e+00   7.7135102e-03
   4.2584794e+04   9.8558230e+02   3.0138973e-14   9.8558230e+02   1.0000000e+00   7.7059348e-03
   5.2419939e+04   2.8128280e+02   4.7279007e-14   2.8128280e+02   1.0000000e+00   7.6954789e-03
   6.0839164e+04   1.1739773e+02   6.5966751e-14   1.1739773e+02   1.0000000e+00   7.6641565e-03
   4.3728463e+04   8.3914021e+02   3.1850898e-14   8.3914021e+02   1.0000000e+00   7.6424968e-03
   5.2281052e+04   4.0757383e+02   4.1135806e-14   4.0757383e+02   1.0000000e+00   7.6051476e-03
   1.5859538e+05   1.8393155e+00   3.3285065e-13   1.8393155e+00   1.0000000e+00   7.5953361e-03
   4.6938888e+04   5.5585984e+02   3.6822491e-14   5.5585984e+02   1.0000000e+00   7.5817653e-03
   2.1441446e+05   4.3171245e-01   5.9211008e-13   4.3171245e-01   1.0000000e+00   7.5684393e-03
   2.5321116e+05   1.8917206e-01   8.2207318e-13   1.8917206e-01   1.0000000e+00   7.5578232e-03
   4.7835616e+04   6.0587507e+02   3.5697684e-14   6.0587507e+02   1.0000000e+00   7.5538493e-03
   5.7021194e+04   2.6721287e+02   4.7995949e-14   2.6721287e+02   1.0000000e+00   7.5351715e-03
   2.8218707e+05   1.3441849e-01   9.4273005e-13   1.3441849e-01   1.0000000e+00   7.4927799e-03
   5.0217417e+04   5.4114053e+02   3.7187437e-14   5.4114053e+02   1.0000000e+00   7.4734862e-03
   2.8897500e+05   1.2966864e-01   9.5764574e-13   1.2966864e-01   1.0000000e+00   7.4577622e-03
   1.2501168e+05   1.0478107e+01   1.6924428e-13   1.0478107e+01   1.0000000e+00   7.4505527e-03
   1.2769983e+05   7.6232535e+00   1.9030359e-13   7.6232535e+00   1.0000000e+00   7.4427197e-03
   4.2104796e+04   9.1978185e+02   3.0865530e-14   9.1978185e+02   1.0000000e+00   7.4313794e-03
   1.6613686e+05   1.4683769e+00   3.6399484e-13   1.4683769e+00   1.0000000e+00   7.4002437e-03
   5.0899643e+04   4.1779369e+02   4.0770851e-14   4.1779369e+02   1.0000000e+00   7.3874016e-03
   4.5827251e+04   7.6546025e+02   3.2895987e-14   7.6546025e+02   1.0000000e+00   7.3843092e-03
   4.5882644e+04   6.4110369e+02   3.4997328e-14   6.4110369e+02   1.0000000e+00   7.3796466e-03
   1.9447777e+05   7.8150426e-01   4.6786029e-13   7.8150426e-01   1.0000000e+00   7.3616975e-03
   9.9049265e+04   1.6455641e+01   1.4003951e-13   1.6455641e+01   1.0000000e+00   7.3361444e-03
   1.2215355e+05   5.9502491e+00   2.0914644e-13   5.9502491e+00   1.0000000e+00   7.3357639e-03
   5.2545147e+04   3.9267690e+02   4.1692386e-14   3.9267690e+02   1.0000000e+00   7.3038467e-03
   5.2711172e+04   3.7695863e+02   4.2313641e-14   3.7695863e+02   1.0000000e+00   7.3022826e-03
   1.3283727e+05   6.3851523e+00   2.0420834e-13   6.3851523e+00   1.0000000e+00   7.2981820e-03
   4.6467372e+04   6.2923358e+02   3.5222919e-14   6.2923358e+02   1.0000000e+00   7.2935412e-03
   2.2941718e+05   3.4317967e-01   6.4890521e-13   3.4317967e-01   1.0000000e+00   7.2805380e-03
   1.3125066e+05   6.7881506e+00   1.9933958e-13   6.7881506e+00   1.0000000e+00   7.2713560e-03
   4.4476749e+04   6.8680352e+02   3.4178658e-14   6.8680352e+02   1.0000000e+00   7.2668589e-03
   2.3133770e+05   2.3313236e-01   7.5843402e-13   2.3313236e-01   1.0000000e+00   7.2605009e-03
   2.3621270e+05   3.5684932e-01   6.4070907e-13   3.5684932e-01   1.0000000e+00   7.2414332e-03
   7.7615529e+04   5.5424385e+01   8.7165098e-14   5.5424385e+01   1.0000000e+00   7.2159039e-03
   6.2183001e+04   2.5531393e+02   4.9086821e-14   2.5531393e+02   1.0000000e+00   7.2124408e-03
   2.7328450e+05   1.2079735e-01   9.8295004e-13   1.2079735e-01   1.0000000e+00   7.2016479e-03
   2.7237933e+05   1.4158201e-01   9.2251240e-13   1.4158201e-01   1.0000000e+00   7.1820897e-03
   5.4139286e+04   3.3284557e+02   4.4276264e-14   3.3284557e+02   1.0000000e+00   7.1727693e-03
   1.3835535e+05   4.9959720e+00   2.2474308e-13   4.9959720e+00   1.0000000e+00   7.1588679e-03
   2.8744454e+05   1.0458812e-01   1.0404749e-12   1.0458812e-01   1.0000000e+00   7.1341965e-03
   4.6406100e+04   6.5514243e+02   3.4723710e-14   6.5514243e+02   1.0000000e+00   7.1204707e-03
   4.3472536e+04   9.1345637e+02   3.0935729e-14   9.1345637e+02   1.0000000e+00   7.1077666e-03
   2.8586448e+05   1.2402702e-01   9.7315235e-13   1.2402702e-01   1.0000000e+00   7.0907090e-03
   6.2613858e+04   1.8810520e+02   5.4704258e-14   1.8810520e+02   1.0000000e+00   7.0844706e-03
   2.3482248e+05   2.6701710e-01   7.1683075e-13   2.6701710e-01   1.0000000e+00   7.0383953e-03
   2.1468118e+05   4.0669375e-01   6.0643543e-13   4.0669375e-01   1.0000000e+00   7.0060232e-03
   2.3083866e+05   2.8980544e-01   6.9386524e-13   2.8980544e-01   1.0000000e+00   6.9946741e-03
   1.9771584e+05   5.9365294e-01   5.2183341e-13   5.9365294e-01   1.0000000e+00   6.9860530e-03
   5.9852599e+04   2.3474128e+02   5.0375184e-14   2.3474128e+02   1.0000000e+00   6.9764671e-03
   1.7396284e+05   1.0178540e+00   4.2154800e-13   1.0178540e+00   1.0000000e+00   6.9739266e-03
   4.7918901e+04   5.8728734e+02   3.6090970e-14   5.8728734e+02   1.0000000e+00   6.9615118e-03
   2.1505423e+05   5.0746798e-01   5.5586971e-13   5.0746798e-01   1.0000000e+00   6.9558514e-03
   2.4835894e+05   2.5486708e-01   7.3115639e-13   2.5486708e-01   1.0000000e+00   6.9409678e-03
   4.9860920e+04   5.5276017e+02   3.6903042e-14   5.5276017e+02   1.0000000e+00   6.9300766e-03
   7.8320407e+04   7.8803527e+01   7.6322462e-14   7.8803527e+01   1.0000000e+00   6.9207229e-03
   4.3494833e+04   8.3278938e+02   3.1936517e-14   8.3278938e+02   1.0000000e+00   6.8866417e-03
   4.3205211e+04   9.0274210e+02   3.1058281e-14   9.0274210e+02   1.0000000e+00   6.8268071e-03
   4.2399966e+04   9.0927433e+02   3.0984922e-14   9.0927433e+02   1.0000000e+00   6.8199567e-03
   2.6754313e+05   1.5993032e-01   8.7902887e-13   1.5993032e-01   1.0000000e+00   6.8188905e-03
   1.8114582e+05   1.1726417e+00   3.9842990e-13   1.1726417e+00   1.0000000e+00   6.8174431e-03
   4.5302084e+04   7.9066150e+02   3.2523512e-14   7.9066150e+02   1.0000000e+00   6.8162921e-03
   2.7458304e+05   1.4377357e-01   9.1718395e-13   1.4377357e-01   1.0000000e+00   6.8029868e-03
   5.5985987e+04   3.1256999e+02   4.5319499e-14   3.1256999e+02   1.0000000e+00   6.7929747e-03
   2.5377694e+05   1.5391869e-01   8.9398650e-13   1.5391869e-01   1.0000000e+00   6.7386778e-03
   5.3409913e+04   4.3036074e+02   4.0394152e-14   4.3036074e+02   1.0000000e+00   6.7328617e-03
   4.9361509e+04   6.1352797e+02   3.5593918e-14   6.1352797e+02   1.0000000e+00   6.7078466e-03
   2.1620815e+05   3.6557296e-01   6.3305758e-13   3.6557296e-01   1.0000000e+00   6.7036403e-03
   9.1657785e+04   4.1673052e+01   9.7974813e-14   4.1673052e+01   1.0000000e+00   6.6943037e-03
   4.3598535e+04   8.4818569e+02   3.1733067e-14   8.4818569e+02   1.0000000e+00   6.6894616e-03
   5.4342222e+04   3.9655717e+02   4.1603589e-14   3.9655717e+02   1.0000000e+00   6.6888590e-03
   4.9673947e+04   5.3105940e+02   3.7413842e-14   5.3105940e+02   1.0000000e+00   6.6517843e-03
   1.5156338e+05   2.4430968e+00   2.9736619e-13   2.4430968e+00   1.0000000e+00   6.6495651e-03
   1.9573567e+05   8.8393282e-01   4.4658009e-13   8.8393282e-01   1.0000000e+00   6.6215594e-03
   2.4642875e+05   2.2355365e-01   7.6924042e-13   2.2355365e-01   1.0000000e+00   6.6068250e-03
   2.4687877e+05   1.9172450e-01   8.1826997e-13   1.9172450e-01   1.0000000e+00   6.5952732e-03
   2.4845277e+05   2.1986237e-01   7.7438296e-13   2.1986237e-01   1.0000000e+00   6.5881846e-03
   1.9384596e+05   7.9769575e-01   4.6408062e-13   7.9769575e-01   1.0000000e+00   6.5796490e-03
   2.0245039e+05   5.8427702e-01   5.2497946e-13   5.8427702e-01   1.0000000e+00   6.5702684e-03
   2.2553033e+05   3.7337653e-01   6.2750737e-13   3.7337653e-01   1.0000000e+00   6.5699295e-03
   1.9771578e+05   7.3181599e-01   4.8030790e-13   7.3181599e-01   1.0000000e+00   6.5472707e-03
   5.2185417e+04   3.5222887e+02   4.3392952e-14   3.5222887e+02   1.0000000e+00   6.5440884e-03
   2.1442014e+05   4.4674274e-01   5.8411563e-13   4.4674274e-01   1.0000000e+00   6.5167317e-03
   4.4551963e+04   8.1934480e+02   3.2117997e-14   8.1934480e+02   1.0000000e+00   6.4857435e-03
   4.5647033e+04   7.0732830e+02   3.3802281e-14   7.0732830e+02   1.0000000e+00   6.4844040e-03
   4.2291793e+04   9.5290437e+02   3.0486955e-14   9.5290437e+02   1.0000000e+00   6.4721341e-03
   1.4063794e+05   3.8377259e+00   2.4871638e-13   3.8377259e+00   1.0000000e+00   6.4572974e-03
   2.4933145e+05   2.2984829e-01   7.6107616e-13   2.2984829e-01   1.0000000e+00   6.4253965e-03
   6.4153828e+04   1.3459794e+02   6.2070036e-14   1.3459794e+02   1.0000000e+00   6.4049041e-03
   4.3654888e+04   9.1651807e+02   3.0903516e-14   9.1651807e+02   1.0000000e+00   6.3943142e-03
   4.2431788e+04   9.4706346e+02   3.0551001e-14   9.4706346e+02   1.0000000e+00   6.3873655e-03
   5.0596564e+04   4.4108167e+02   3.9977480e-14   4.4108167e+02   1.0000000e+00   6.3559038e-03
   2.6529093e+05   1.3751055e-01   9.3370980e-13   1.3751055e-01   1.0000000e+00   6.3489615e-03
   4.1591135e+04   8.7868435e+02   3.1384126e-14   8.7868435e+02   1.0000000e+00   6.3485998e-03
   1.3298575e+05   5.6826746e+00   2.1326308e-13   5.6826746e+00   1.0000000e+00   6.3395255e-03
   2.1490005e+05   3.8717813e-01   6.1860037e-13   3.8717813e-01   1.0000000e+00   6.3362837e-03
   4.6137620e+04   7.1915222e+02   3.3612469e-14   7.1915222e+02   1.0000000e+00   6.3331295e-03
   2.3647657e+05   3.2084969e-01   6.6709453e-13   3.2084969e-01   1.0000000e+00   6.3291514e-03
   6.1129867e+04   1.3717307e+02   6.1850376e-14   1.3717307e+02   1.0000000e+00   6.3273119e-03
   6.1698081e+04   1.9871762e+02   5.3588207e-14   1.9871762e+02   1.0000000e+00   6.3268290e-03
   2.3027152e+05   2.9563765e-01   6.8836921e-13   2.9563765e-01   1.0000000e+00   6.3240602e-03
   4.1963611e+04   9.8932072e+02   3.0097892e-14   9.8932072e+02   1.0000000e+00   6.2854879e-03
   1.4456433e+05   3.3027231e+00   2.6393448e-13   3.3027231e+00   1.0000000e+00   6.2634057e-03
   5.2175276e+04   4.7126393e+02   3.9087771e-14   4.7126393e+02   1.0000000e+00   6.2552291e-03
   4.7418468e+04   7.2342835e+02   3.3586416e-14   7.2342835e+02   1.0000000e+00   6.1898294e-03
   6.1616717e+04   1.7249073e+02   5.6502542e-14   1.7249073e+02   1.0000000e+00   6.1741195e-03
   5.1092077e+04   4.7502815e+02   3.8938942e-14   4.7502815e+02   1.0000000e+00   6.1679397e-03
   4.4650549e+04   7.4806753e+02   3.3149106e-14   7.4806753e+02   1.0000000e+00   6.1625059e-03
   4.5212545e+04   7.4335679e+02   3.3220690e-14   7.4335679e+02   1.0000000e+00   6.1516574e-03
   5.1946552e+04   3.6259510e+02   4.2933904e-14   3.6259510e+02   1.0000000e+00   6.1362724e-03
   1.4094880e+05   4.6931399e+00   2.3055282e-13   4.6931399e+00   1.0000000e+00   6.1261494e-03
   5.3323412e+04   4.3827040e+02   4.0137144e-14   4.3827040e+02   1.0000000e+00   6.1115255e-03
   1.7664208e+05   1.2276618e+00   3.9092244e-13   1.2276618e+00   1.0000000e+00   6.0850434e-03
   5.5873349e+04   3.7100608e+02   4.2667449e-14   3.7100608e+02   1.0000000e+00   6.0781137e-03
   5.5049137e+04   3.3699928e+02   4.4088507e-14   3.3699928e+02   1.0000000e+00   6.0758427e-03
   1.6774941e+05   1.2771348e+00   3.8497611e-13   1.2771348e+00   1.0000000e+00   6.0660638e-03
   5.3308613e+04   3.9914411e+02   4.1464935e-14   3.9914411e+02   1.0000000e+00   6.0640345e-03
   4.1862516e+04   9.7696853e+02   3.0228842e-14   9.7696853e+02   1.0000000e+00   6.0620698e-03
   4.9397476e+04   5.0505434e+02   3.8080318e-14   5.0505434e+02   1.0000000e+00   6.0554816e-03
   2.8740070e+05   1.1910605e-01   9.8877622e-13   1.1910605e-01   1.0000000e+00   6.0544202e-03
   1.0016612e+05   1.1286055e+01   1.6364365e-13   1.1286055e+01   1.0000000e+00   6.0520489e-03
   1.8629121e+05   8.9802344e-01   4.4253511e-13   8.9802344e-01   1.0000000e+00   6.0474448e-03
   4.5975553e+04   6.7839276e+02   3.4300899e-14   6.7839276e+02   1.0000000e+00   6.0400732e-03
   5.1028739e+04   4.6689581e+02   3.9175011e-14   4.6689581e+02   1.0000000e+00   6.0335287e-03
   5.0245627e+04   4.8760088e+02   3.8565661e-14   4.8760088e+02   1.0000000e+00   5.9934886e-03
   2.6441615e+05   1.3863523e-01   9.3076050e-13   1.3863523e-01   1.0000000e+00   5.9791834e-03
   2.1810718e+05   5.2109846e-01   5.5100673e-13   5.2109846e-01   1.0000000e+00   5.9687717e-03
   6.2673919e+04   1.9569911e+02   5.3922702e-14   1.9569911e+02   1.0000000e+00   5.9157138e-03
   4.9548700e+04   4.9659704e+02   3.8310936e-14   4.9659704e+02   1.0000000e+00   5.9091021e-03
   1.9455162e+05   6.9106433e-01   4.9109017e-13   6.9106433e-01   1.0000000e+00   5.8922750e-03
   5.0190654e+04   5.6019143e+02   3.6748897e-14   5.6019143e+02   1.0000000e+00   5.8839652e-03
   5.2306399e+04   4.0969660e+02   4.1059715e-14   4.0969660e+02   1.0000000e+00   5.8832381e-03
   2.1441450e+05   3.9132125e-01   6.1598974e-13   3.9132125e-01   1.0000000e+00   5.8542580e-03
   5.7584681e+04   2.5975280e+02   4.8501704e-14   2.5975280e+02   1.0000000e+00   5.8532305e-03
   1.7744976e+05   1.2642381e+00   3.8657314e-13   1.2642381e+00   1.0000000e+00   5.8270523e-03
   2.7586725e+05   1.2634165e-01   9.6517984e-13   1.2634165e-01   1.0000000e+00   5.8105202e-03
   1.3823398e+05   3.4551522e+00   2.5923843e-13   3.4551522e+00   1.0000000e+00   5.8010437e-03
   2.5625976e+05   1.8039470e-01   8.3773758e-13   1.8039470e-01   1.0000000e+00   5.7812721e-03
   4.3074747e+04   8.8980298e+02   3.1212926e-14   8.8980298e+02   1.0000000e+00   5.7734279e-03
   1.5803995e+05   2.1349727e+00   3.1381350e-13   2.1349727e+00   1.0000000e+00   5.7695382e-03
   5.7719393e+04   2.0660974e+02   5.2877355e-14   2.0660974e+02   1.0000000e+00   5.7645227e-03
   5.0225338e+04   4.8429495e+02   3.8658654e-14   4.8429495e+02   1.0000000e+00   5.7637014e-03
   4.1470679e+04   9.9180613e+02   3.0076159e-14   9.9180613e+02   1.0000000e+00   5.7530865e-03
   2.6940980e+05   1.2280092e-01   9.7706130e-13   1.2280092e-01   1.0000000e+00   5.7455901e-03
   7.7036135e+04   4.6590865e+01   9.3551941e-14   4.6590865e+01   1.0000000e+00   5.7404869e-03
   2.7317272e+05   1.2198861e-01   9.7906367e-13   1.2198861e-01   1.0000000e+00   5.7236162e-03
   7.6393220e+04   1.1501893e+02   6.6681529e-14   1.1501893e+02   1.0000000e+00   5.6768489e-03
   1.3976537e+05   2.8029001e+00   2.8220414e-13   2.8029001e+00   1.0000000e+00   5.6758979e-03
   1.8924753e+05   7.4664955e-01   4.7631775e-13   7.4664955e-01   1.0000000e+00   5.6754140e-03
   2.7809472e+05   1.1960084e-01   9.8647321e-13   1.1960084e-01   1.0000000e+00   5.6625310e-03
   1.5883269e+05   2.1818353e+00   3.1125911e-13   2.1818353e+00   1.0000000e+00   5.6599399e-03
   4.1406453e+04   9.6201203e+02   3.0398673e-14   9.6201203e+02   1.0000000e+00   5.6567920e-03
   4.6924492e+04   6.6683061e+02   3.4513709e-14   6.6683061e+02   1.0000000e+00   5.6567791e-03
   4.8999217e+04   5.0092621e+02   3.8194403e-14   5.0092621e+02   1.0000000e+00   5.6515522e-03
   5.8085485e+04   2.4262344e+02   4.9740227e-14   2.4262344e+02   1.0000000e+00   5.6506142e-03
   2.8702627e+05   1.3703822e-01   9.3729327e-13   1.3703822e-01   1.0000000e+00   5.6453491e-03
   4.1754481e+04   9.6301721e+02   3.0381016e-14   9.6301721e+02   1.0000000e+00   5.6323302e-03
   4.3658269e+04   8.8212868e+02   3.1307664e-14   8.8212868e+02   1.0000000e+00   5.6160650e-03
   9.5095903e+04   1.4635676e+01   1.4769186e-13   1.4635676e+01   1.0000000e+00   5.6080933e-03
   1.4453465e+05   1.9454118e+00   3.2783244e-13   1.9454118e+00   1.0000000e+00   5.6038236e-03
   4.5383500e+04   7.2663917e+02   3.3485405e-14   7.2663917e+02   1.0000000e+00   5.5999519e-03
   2.4830606e+05   2.4156529e-01   7.4638037e-13   2.4156529e-01   1.0000000e+00   5.5825905e-03
   2.5380811e+05   1.5805558e-01   8.8422976e-13   1.5805558e-01   1.0000000e+00   5.5814681e-03
   1.6612580e+05   1.5590028e+00   3.5542527e-13   1.5590028e+00   1.0000000e+00   5.5803955e-03
   1.9786850e+05   6.5009944e-01   5.0316190e-13   6.5009944e-01   1.0000000e+00   5.5682219e-03
   2.5674544e+05   1.9632173e-01   8.1023347e-13   1.9632173e-01   1.0000000e+00   5.5528162e-03
   9.4665098e+04   1.7060418e+01   1.3853287e-13   1.7060418e+01   1.0000000e+00   5.5521382e-03
   4.2969421e+04   7.6309763e+02   3.2959160e-14   7.6309763e+02   1.0000000e+00   5.5513418e-03
   4.1328134e+04   9.8170103e+02   3.0185870e-14   9.8170103e+02   1.0000000e+00   5.5475659e-03
   5.5242445e+04   3.3014851e+02   4.4419204e-14   3.3014851e+02   1.0000000e+00   5.5280766e-03
   1.6847735e+05   1.1963176e+00   3.9531122e-13   1.1963176e+00   1.0000000e+00   5.5268281e-03
   4.4396858e+04   7.8854454e+02   3.2545031e-14   7.8854454e+02   1.0000000e+00   5.5246424e-03
   2.7356548e+05   1.5058940e-01   9.0068439e-13   1.5058940e-01   1.0000000e+00   5.5069060e-03
   5.4927666e+04   2.8550143e+02   4.6854964e-14   2.8550143e+02   1.0000000e+00   5.5028255e-03
   6.0064697e+04   1.5702752e+02   5.8701427e-14   1.5702752e+02   1.0000000e+00   5.5013034e-03
   1.3904745e+05   2.7214815e+00   2.8583365e-13   2.7214815e+00   1.0000000e+00   5.4879490e-03
   2.4457388e+05   2.4515944e-01   7.4165896e-13   2.4515944e-01   1.0000000e+00   5.4812651e-03
   6.1592994e+04   1.8439129e+02   5.5095760e-14   1.8439129e+02   1.0000000e+00   5.4793030e-03
   1.3086081e+05   6.9710583e+00   1.9732768e-13   6.9710583e+00   1.0000000e+00   5.4780897e-03
   2.7732434e+05   1.2484319e-01   9.6976559e-13   1.2484319e-01   1.0000000e+00   5.4708224e-03
   4.5552704e+04   6.4643308e+02   3.4900820e-14   6.4643308e+02   1.0000000e+00   5.4643072e-03
   4.3526843e+04   8.2360134e+02   3.2060308e-14   8.2360134e+02   1.0000000e+00   5.4403925e-03
   5.8615143e+04   2.7082054e+02   4.7803343e-14   2.7082054e+02   1.0000000e+00   5.4390805e-03
   5.5485745e+04   3.5090432e+02   4.3476240e-14   3.5090432e+02   1.0000000e+00   5.4254172e-03
   2.2604997e+05   3.7072835e-01   6.2930618e-13   3.7072835e-01   1.0000000e+00   5.4004960e-03
   1.1202325e+05   1.3198471e+01   1.5292314e-13   1.3198471e+01   1.0000000e+00   5.3941154e-03
   4.5537196e+04   6.9773831e+02   3.3964912e-14   6.9773831e+02   1.0000000e+00   5.3894871e-03
   2.7856199e+05   1.3071637e-01   9.5240147e-13   1.3071637e-01   1.0000000e+00   5.3759586e-03
   5.0294843e+04   4.6307483e+02   3.9282945e-14   4.6307483e+02   1.0000000e+00   5.3700542e-03
   2.1437086e+05   4.2229481e-01   5.9735199e-13   4.2229481e-01   1.0000000e+00   5.3682425e-03
   5.6433700e+04   2.8971515e+02   4.6590847e-14   2.8971515e+02   1.0000000e+00   5.3668749e-03
   6.0657285e+04   1.9081842e+02   5.4397546e-14   1.9081842e+02   1.0000000e+00   5.3642454e-03
   4.3426643e+04   8.5794609e+02   3.1608019e-14   8.5794609e+02   1.0000000e+00   5.3508597e-03
   4.9765143e+04   3.5728165e+02   4.3305276e-14   3.5728165e+02   1.0000000e+00   5.3474690e-03
   2.3112148e+05   2.9075051e-01   6.9294447e-13   2.9075051e-01   1.0000000e+00   5.3458892e-03
   2.4818751e+05   2.6293458e-01   7.2248560e-13   2.6293458e-01   1.0000000e+00   5.3457869e-03
   2.1429795e+05   5.3427630e-01   5.4489694e-13   5.3427630e-01   1.0000000e+00   5.3294373e-03
   2.1792067e+05   4.1365008e-01   6.0227151e-13   4.1365008e-01   1.0000000e+00   5.3288922e-03
   2.4879033e+05   2.3569184e-01   7.5360960e-13   2.3569184e-01   1.0000000e+00   5.3083627e-03
   4.3112311e+04   9.4051151e+02   3.0626486e-14   9.4051151e+02   1.0000000e+00   5.3068413e-03
   5.4992351e+04   2.7824775e+02   4.7308916e-14   2.7824775e+02   1.0000000e+00   5.3035252e-03
   2.4879029e+05   1.8245006e-01   8.3467282e-13   1.8245006e-01   1.0000000e+00   5.3022087e-03
   2.8439967e+05   1.3584350e-01   9.3951832e-13   1.3584350e-01   1.0000000e+00   5.2851071e-03
   7.1719380e+04   9.0063531e+01   7.2276902e-14   9.0063531e+01   1.0000000e+00   5.2629825e-03
   1.5859541e+05   1.7332549e+00   3.4090573e-13   1.7332549e+00   1.0000000e+00   5.2516482e-03
   7.0987650e+04   5.2245192e+01   9.0295761e-14   5.2245192e+01   1.0000000e+00   5.2426998e-03
   2.8316194e+05   1.1499339e-01   1.0019954e-12   1.1499339e-01   1.0000000e+00   5.2421070e-03
   4.3242927e+04   9.0085749e+02   3.1080688e-14   9.0085749e+02   1.0000000e+00   5.2401760e-03
   1.3881643e+05   5.6267621e+00   2.1533816e-13   5.6267621e+00   1.0000000e+00   5.2336996e-03
   1.2809056e+05   6.1635140e+00   2.0620798e-13   6.1635140e+00   1.0000000e+00   5.2329017e-03
   1.7171306e+05   1.4385326e+00   3.6711964e-13   1.4385326e+00   1.0000000e+00   5.2321592e-03
   1.4602247e+05   2.5570539e+00   2.9218408e-13   2.5570539e+00   1.0000000e+00   5.2314842e-03
   4.7750244e+04   6.3863454e+02   3.5049492e-14   6.3863454e+02   1.0000000e+00   5.2077573e-03
   1.6208867e+05   1.6225184e+00   3.4987336e-13   1.6225184e+00   1.0000000e+00   5.1938421e-03
   2.1813763e+05   5.6957348e-01   5.3314843e-13   5.6957348e-01   1.0000000e+00   5.1798388e-03
   2.7511946e+05   1.4260725e-01   9.2016935e-13   1.4260725e-01   1.0000000e+00   5.1794311e-03
   6.5801705e+04   1.5343009e+02   5.9069348e-14   1.5343009e+02   1.0000000e+00   5.1718751e-03
   1.3279217e+05   4.1092057e+00   2.4206768e-13   4.1092057e+00   1.0000000e+00   5.1637971e-03
   4.4247838e+04   7.4943370e+02   3.3133225e-14   7.4943370e+02   1.0000000e+00   5.1532490e-03
   1.5349670e+05   2.4131931e+00   2.9887980e-13   2.4131931e+00   1.0000000e+00   5.1514159e-03
   5.7466071e+04   2.0974300e+02   5.2585413e-14   2.0974300e+02   1.0000000e+00   5.1300065e-03
   2.3486128e+05   2.9940935e-01   6.8498975e-13   2.9940935e-01   1.0000000e+00   5.1289160e-03
   1.9525813e+05   6.1860399e-01   5.1344206e-13   6.1860399e-01   1.0000000e+00   5.1282625e-03
   2.1441444e+05   4.2567999e-01   5.9544539e-13   4.2567999e-01   1.0000000e+00   5.1025648e-03
   2.4867692e+05   1.6286198e-01   8.7481247e-13   1.6286198e-01   1.0000000e+00   5.0931089e-03
   1.9890428e+05   6.0493617e-01   5.1781062e-13   6.0493617e-01   1.0000000e+00   5.0930729e-03
   5.1311634e+04   3.5831018e+02   4.3150909e-14   3.5831018e+02   1.0000000e+00   5.0905301e-03
   2.1340716e+05   5.4511542e-01   5.4055984e-13   5.4511542e-01   1.0000000e+00   5.0732682e-03
   4.4432316e+04   8.2878152e+02   3.1990874e-14   8.2878152e+02   1.0000000e+00   5.0684821e-03
   5.1855104e+04   3.4241150e+02   4.3869868e-14   3.4241150e+02   1.0000000e+00   5.0667810e-03
   4.3078342e+04   8.9734193e+02   3.1122205e-14   8.9734193e+02   1.0000000e+00   5.0657702e-03
   4.5864962e+04   7.4201278e+02   3.3248218e-14   7.4201278e+02   1.0000000e+00   5.0572690e-03
   2.4835898e+05   1.5983035e-01   8.8182741e-13   1.5983035e-01   1.0000000e+00   5.0551635e-03
   5.5010959e+04   2.4149497e+02   4.9950319e-14   2.4149497e+02   1.0000000e+00   5.0480308e-03
   4.2028645e+04   9.9501572e+02   3.0038697e-14   9.9501572e+02   1.0000000e+00   5.0452703e-03
   4.2072521e+04   9.9679671e+02   3.0020379e-14   9.9679671e+02   1.0000000e+00   5.0345505e-03
   2.6837691e+05   1.3090200e-01   9.5211403e-13   1.3090200e-01   1.0000000e+00   5.0298703e-03
   5.8852113e+04   2.0199361e+02   5.3281721e-14   2.0199361e+02   1.0000000e+00   5.0274027e-03
   5.3320216e+04   4.3468823e+02   4.0250318e-14   4.3468823e+02   1.0000000e+00   5.0153211e-03
   5.8589153e+04   2.5822960e+02   4.8625924e-14   2.5822960e+02   1.0000000e+00   5.0078228e-03
   1.0952039e+05   1.8474619e+01   1.3490368e-13   1.8474619e+01   1.0000000e+00   5.0061562e-03
   4.7789864e+04   5.8262770e+02   3.6192143e-14   5.8262770e+02   1.0000000e+00   4.9907556e-03
   1.5383540e+05   1.8889502e+00   3.2967098e-13   1.8889502e+00   1.0000000e+00   4.9819006e-03
   2.7432670e+05   1.2755507e-01   9.6154513e-13   1.2755507e-01   1.0000000e+00   4.9623440e-03
   2.0357430e+05   7.0432773e-01   4.8842363e-13   7.0432773e-01   1.0000000e+00   4.9553503e-03
   5.9241730e+04   2.1993666e+02   5.1587018e-14   2.1993666e+02   1.0000000e+00   4.9546299e-03
   2.5062445e+05   1.7122726e-01   8.5630593e-13   1.7122726e-01   1.0000000e+00   4.9519486e-03
   1.0033156e+05   1.7788681e+01   1.3569732e-13   1.7788681e+01   1.0000000e+00   4.9405313e-03
   6.8139019e+04   1.5249809e+02   5.9362170e-14   1.5249809e+02   1.0000000e+00   4.9369735e-03
   2.1514943e+05   4.0163116e-01   6.0946980e-13   4.0163116e-01   1.0000000e+00   4.9365755e-03
   4.4085056e+04   8.1211165e+02   3.2214078e-14   8.1211165e+02   1.0000000e+00   4.9233689e-03
   1.4128262e+05   1.8368814e+00   3.3743457e-13   1.8368814e+00   1.0000000e+00   4.9147116e-03
   1.3394574e+05   4.0175119e+00   2.4420491e-13   4.0175119e+00   1.0000000e+00   4.8912310e-03
   2.1744513e+05   3.8074810e-01   6.2255467e-13   3.8074810e-01   1.0000000e+00   4.8724350e-03
   1.7768628e+05   9.1202976e-01   4.4038492e-13   9.1202976e-01   1.0000000e+00   4.8369348e-03
   5.3116509e+04   3.4701640e+02   4.3611582e-14   3.4701640e+02   1.0000000e+00   4.7963759e-03
   2.5358356e+05   1.5664447e-01   8.8756863e-13   1.5664447e-01   1.0000000e+00   4.7898436e-03
   2.1485004e+05   4.1596040e-01   6.0096042e-13   4.1596040e-01   1.0000000e+00   4.7885507e-03
   4.2524197e+04   9.8009025e+02   3.0195546e-14   9.8009025e+02   1.0000000e+00   4.7747263e-03
   4.6922337e+04   7.1285437e+02   3.3733020e-14   7.1285437e+02   1.0000000e+00   4.7619493e-03
   4.6485066e+04   5.8587378e+02   3.6138157e-14   5.8587378e+02   1.0000000e+00   4.7584049e-03
   7.4537739e+04   9.1260205e+01   7.2019509e-14   9.1260205e+01   1.0000000e+00   4.7582136e-03
   5.4892416e+04   3.1542042e+02   4.5155951e-14   3.1542042e+02   1.0000000e+00   4.7527114e-03
   1.3386228e+05   3.6710973e+00   2.5333392e-13   3.6710973e+00   1.0000000e+00   4.7526876e-03
   4.9877809e+04   5.1307353e+02   3.7872843e-14   5.1307353e+02   1.0000000e+00   4.7406299e-03
   2.1465366e+05   5.2305904e-01   5.4939496e-13   5.2305904e-01   1.0000000e+00   4.7194059e-03
   2.5137510e+05   2.0978652e-01   7.8899006e-13   2.0978652e-01   1.0000000e+00   4.7153453e-03
   1.4414707e+05   3.3537245e+00   2.6233803e-13   3.3537245e+00   1.0000000e+00   4.7152199e-03
   4.9606545e+04   5.2157815e+02   3.7649874e-14   5.2157815e+02   1.0000000e+00   4.7000789e-03
   2.6396203e+05   1.5449919e-01   8.9099330e-13   1.5449919e-01   1.0000000e+00   4.6941369e-03
   2.8744457e+05   1.1547780e-01   1.0007182e-12   1.1547780e-01   1.0000000e+00   4.6610239e-03
   4.9392570e+04   5.3695724e+02   3.7263805e-14   5.3695724e+02   1.0000000e+00   4.6537868e-03
   2.8897499e+05   1.0337288e-01   1.0453300e-12   1.0337288e-01   1.0000000e+00   4.6402340e-03
   4.9749823e+04   5.0940635e+02   3.7966869e-14   5.0940635e+02   1.0000000e+00   4.6206433e-03
   4.5094306e+04   8.1363642e+02   3.2203943e-14   8.1363642e+02   1.0000000e+00   4.6070604e-03
   6.0060036e+04   1.6520987e+02   5.7533873e-14   1.6520987e+02   1.0000000e+00   4.6016321e-03
   9.1891023e+04   3.8519910e+01   1.0080000e-13   3.8519910e+01   1.0000000e+00   4.5724181e-03
   4.4432056e+04   7.8520499e+02   3.2593081e-14   7.8520499e+02   1.0000000e+00   4.5571004e-03
   4.5411016e+04   6.2693629e+02   3.5294181e-14   6.2693629e+02   1.0000000e+00   4.5545458e-03
   2.0064801e+05   6.2431524e-01   5.1134509e-13   6.2431524e-01   1.0000000e+00   4.5493530e-03
   4.6944861e+04   5.7735587e+02   3.6318617e-14   5.7735587e+02   1.0000000e+00   4.5373196e-03
   1.4765143e+05   2.8987685e+00   2.7790107e-13   2.8987685e+00   1.0000000e+00   4.5299198e-03
   4.3844877e+04   7.3440461e+02   3.3384049e-14   7.3440461e+02   1.0000000e+00   4.5270502e-03
   5.2576724e+04   3.1970609e+02   4.4988148e-14   3.1970609e+02   1.0000000e+00   4.5108096e-03
   2.3476560e+05   2.5723442e-01   7.2769955e-13   2.5723442e-01   1.0000000e+00   4.5018332e-03
   4.7914807e+04   5.6159315e+02   3.6668018e-14   5.6159315e+02   1.0000000e+00   4.4927172e-03
   2.1885422e+05   4.9234722e-01   5.6311210e-13   4.9234722e-01   1.0000000e+00   4.4795561e-03
   5.6727460e+04   2.8631568e+02   4.6795855e-14   2.8631568e+02   1.0000000e+00   4.4707652e-03
   5.0301320e+04   4.5660320e+02   3.9482503e-14   4.5660320e+02   1.0000000e+00   4.4704283e-03
   4.3785493e+04   8.4661436e+02   3.1753348e-14   8.4661436e+02   1.0000000e+00   4.4693081e-03
   2.6396202e+05   1.2620336e-01   9.6752398e-13   1.2620336e-01   1.0000000e+00   4.4571030e-03
   4.7329965e+04   5.9703320e+02   3.5880668e-14   5.9703320e+02   1.0000000e+00   4.4566452e-03
   5.1513366e+04   4.6895630e+02   3.9127050e-14   4.6895630e+02   1.0000000e+00   4.4533277e-03
   8.2837580e+04   4.6672673e+01   9.3115348e-14   4.6672673e+01   1.0000000e+00   4.4260353e-03
   6.8965120e+04   1.0146087e+02   6.9075211e-14   1.0146087e+02   1.0000000e+00   4.4243213e-03
   5.0003981e+04   5.1591936e+02   3.7801849e-14   5.1591936e+02   1.0000000e+00   4.4185493e-03
   5.1045483e+04   4.5378086e+02   3.9573180e-14   4.5378086e+02   1.0000000e+00   4.4173561e-03
   2.8261418e+05   1.0363552e-01   1.0446104e-12   1.0363552e-01   1.0000000e+00   4.4171245e-03
   2.1366314e+05   4.8403585e-01   5.6594580e-13   4.8403585e-01   1.0000000e+00   4.4035218e-03
   2.5639563e+05   2.0009232e-01   8.0419935e-13   2.0009232e-01   1.0000000e+00   4.4023754e-03
   4.9234469e+04   5.4468957e+02   3.7074678e-14   5.4468957e+02   1.0000000e+00   4.3935081e-03
   7.7033922e+04   4.9352118e+01   9.1371881e-14   4.9352118e+01   1.0000000e+00   4.3926282e-03
   2.6986244e+05   1.5157401e-01   8.9792580e-13   1.5157401e-01   1.0000000e+00   4.3897741e-03
   7.8713294e+04   7.5533512e+01   7.7541556e-14   7.5533512e+01   1.0000000e+00   4.3743288e-03
   7.9077779e+04   4.8987376e+01   9.1463384e-14   4.8987376e+01   1.0000000e+00   4.3737014e-03
   2.1720646e+05   4.4018461e-01   5.8767081e-13   4.4018461e-01   1.0000000e+00   4.3638270e-03
   2.1742274e+05   3.9636905e-01   6.1258457e-13   3.9636905e-01   1.0000000e+00   4.3619596e-03
   1.6279508e+05   1.6704315e+00   3.4580626e-13   1.6704315e+00   1.0000000e+00   4.3473092e-03
   5.5055874e+04   3.3866309e+02   4.4010996e-14   3.3866309e+02   1.0000000e+00   4.3382671e-03
   1.6333328e+05   1.4140307e+00   3.6983285e-13   1.4140307e+00   1.0000000e+00   4.3259680e-03
   5.0031341e+04   5.4857274e+02   3.7006168e-14   5.4857274e+02   1.0000000e+00   4.3196804e-03
   1.6847738e+05   1.2151616e+00   3.9278541e-13   1.2151616e+00   1.0000000e+00   4.2955704e-03
   1.6279510e+05   1.6059559e+00   3.5128563e-13   1.6059559e+00   1.0000000e+00   4.2636221e-03
   1.9448480e+05   6.0963173e-01   5.1660803e-13   6.0963173e-01   1.0000000e+00   4.2582529e-03
   4.2260154e+04   8.8629274e+02   3.1266625e-14   8.8629274e+02   1.0000000e+00   4.2519452e-03
   1.3882610e+05   2.3795639e+00   3.0260267e-13   2.3795639e+00   1.0000000e+00   4.2417714e-03
   2.1484289e+05   4.8061922e-01   5.6763217e-13   4.8061922e-01   1.0000000e+00   4.2391275e-03
   4.2400732e+04   9.0948763e+02   3.0982380e-14   9.0948763e+02   1.0000000e+00   4.2302585e-03
   2.1872968e+05   5.4001150e-01   5.4392731e-13   5.4001150e-01   1.0000000e+00   4.2248453e-03
   1.5895142e+05   1.7047266e+00   3.4317542e-13   1.7047266e+00   1.0000000e+00   4.2141581e-03
   5.8154074e+04   2.6371221e+02   4.8245037e-14   2.6371221e+02   1.0000000e+00   4.2122126e-03
   4.6040690e+04   6.2477349e+02   3.5319672e-14   6.2477349e+02   1.0000000e+00   4.1502308e-03
   1.7349733e+05   9.6895648e-01   4.3030459e-13   9.6895648e-01   1.0000000e+00   4.1437154e-03
   1.2821782e+05   7.2732613e+00   1.9372921e-13   7.2732613e+00   1.0000000e+00   4.1366480e-03
   2.5231293e+05   2.0247622e-01   8.0015689e-13   2.0247622e-01   1.0000000e+00   4.1302834e-03
   5.4738051e+04   3.0867517e+02   4.5516807e-14   3.0867517e+02   1.0000000e+00   4.1215387e-03
   4.3554413e+04   8.2700158e+02   3.2013847e-14   8.2700158e+02   1.0000000e+00   4.1207858e-03
   2.2972224e+05   3.1544250e-01   6.7080307e-13   3.1544250e-01   1.0000000e+00   4.1125467e-03
   1.1495042e+05   1.3770131e+01   1.5108909e-13   1.3770131e+01   1.0000000e+00   4.1087149e-03
   1.5733049e+05   2.6517230e+00   2.8885976e-13   2.6517230e+00   1.0000000e+00   4.0963170e-03
   5.2418558e+04   3.4600191e+02   4.3675254e-14   3.4600191e+02   1.0000000e+00   4.0797473e-03
   7.0780371e+04   9.3753565e+01   7.1177902e-14   9.3753565e+01   1.0000000e+00   4.0233701e-03
   2.8772905e+05   1.0450999e-01   1.0407851e-12   1.0450999e-01   1.0000000e+00   4.0191272e-03
   2.5564131e+05   1.9826594e-01   8.0700835e-13   1.9826594e-01   1.0000000e+00   4.0101174e-03
   2.3673093e+05   2.3815477e-01   7.5057138e-13   2.3815477e-01   1.0000000e+00   4.0072790e-03
   2.0994617e+05   3.6010979e-01   6.3852483e-13   3.6010979e-01   1.0000000e+00   3.9944452e-03
   4.6928597e+04   6.6506441e+02   3.4545503e-14   6.6506441e+02   1.0000000e+00   3.9871746e-03
   1.9747297e+05   7.0986281e-01   4.8600943e-13   7.0986281e-01   1.0000000e+00   3.9860528e-03
   4.9747032e+04   4.9516968e+02   3.8350839e-14   4.9516968e+02   1.0000000e+00   3.9788317e-03
   4.2991200e+04   9.4444216e+02   3.0581881e-14   9.4444216e+02   1.0000000e+00   3.9427571e-03
   5.1163090e+04   4.7722735e+02   3.8877887e-14   4.7722735e+02   1.0000000e+00   3.9348415e-03
   2.3143738e+05   2.6578614e-01   7.1851628e-13   2.6578614e-01   1.0000000e+00   3.9302671e-03
   5.9966563e+04   2.1533655e+02   5.1995701e-14   2.1533655e+02   1.0000000e+00   3.9279666e-03
   4.4006440e+04   7.3522761e+02   3.3365634e-14   7.3522761e+02   1.0000000e+00   3.9214214e-03
   5.0204050e+04   5.4910391e+02   3.7001028e-14   5.4910391e+02   1.0000000e+00   3.9184966e-03
   5.2256107e+04   3.8896761e+02   4.1834939e-14   3.8896761e+02   1.0000000e+00   3.9172709e-03
   4.6325327e+04   6.6072147e+02   3.4620301e-14   6.6072147e+02   1.0000000e+00   3.9065793e-03
   2.5490043e+05   1.4963937e-01   9.0416784e-13   1.4963937e-01   1.0000000e+00   3.9042434e-03
   5.2197346e+04   3.8070907e+02   4.2163755e-14   3.8070907e+02   1.0000000e+00   3.9030665e-03
   4.4994320e+04   8.0877349e+02   3.2267549e-14   8.0877349e+02   1.0000000e+00   3.9010822e-03
   2.1792064e+05   5.0346888e-01   5.5814761e-13   5.0346888e-01   1.0000000e+00   3.8953629e-03
   5.2475062e+04   3.4115804e+02   4.3904183e-14   3.4115804e+02   1.0000000e+00   3.8859018e-03
   1.9786731e+05   6.5042541e-01   5.0306171e-13   6.5042541e-01   1.0000000e+00   3.8745483e-03
   2.1744463e+05   3.8083066e-01   6.2250029e-13   3.8083066e-01   1.0000000e+00   3.8485092e-03
   5.2123186e+04   3.8946056e+02   4.1816151e-14   3.8946056e+02   1.0000000e+00   3.8481613e-03
   2.0173867e+05   7.2368372e-01   4.8303262e-13   7.2368372e-01   1.0000000e+00   3.8430371e-03
   2.7536233e+05   1.4900527e-01   9.0470104e-13   1.4900527e-01   1.0000000e+00   3.8222419e-03
   4.3944887e+04   7.3839274e+02   3.3316118e-14   7.3839274e+02   1.0000000e+00   3.8194874e-03
   4.9640591e+04   5.3657545e+02   3.7278268e-14   5.3657545e+02   1.0000000e+00   3.8024524e-03
   1.2670774e+05   7.2074748e+00   1.9413309e-13   7.2074748e+00   1.0000000e+00   3.7985751e-03
   5.5098601e+04   3.2418854e+02   4.4709157e-14   3.2418854e+02   1.0000000e+00   3.7966733e-03
   5.8084702e+04   2.3792814e+02   5.0102772e-14   2.3792814e+02   1.0000000e+00   3.7954406e-03
   1.7961614e+05   9.9423105e-01   4.2500736e-13   9.9423105e-01   1.0000000e+00   3.7949453e-03
