   8.2653704e+05   1.0000000e-01   1.0000000e-02   8.0165498e-13   1.1000000e-01   1.0000000e+00             Inf
   8.2695956e+04   1.0000000e+03   9.3547407e+01   2.5499505e-14   1.0935474e+03   1.0000000e+00             Inf
   1.1738271e+05   4.9067593e+02   2.4574735e+01   3.0637665e-14   5.1525067e+02   1.0000000e+00   1.5058853e-02
   1.5016983e+06   1.3997049e-01   8.4149773e-02   4.4790271e-13   2.2412027e-01   1.0000000e+00   1.4663748e-02
   1.2418209e+05   4.3846338e+02   2.4380201e+01   3.1506558e-14   4.6284359e+02   1.0000000e+00   1.4603433e-02
   9.3873114e+04   7.9341803e+02   3.1656841e+01   2.7143894e-14   8.2507487e+02   1.0000000e+00   1.4195284e-02
   1.2107714e+05   4.8134419e+02   2.3753395e+01   3.0801382e-14   5.0509759e+02   1.0000000e+00   1.4130981e-02
   8.6103088e+04   9.0247099e+02   3.1674087e+01   2.6289898e-14   9.3414508e+02   1.0000000e+00   1.3544815e-02
   2.8083999e+05   5.9647741e+01   7.9193939e+00   5.2998325e-14   6.7567135e+01   1.0000000e+00   1.3522441e-02
   1.3827702e+06   2.3290733e+00   1.2423853e+00   1.3357785e-13   3.5714586e+00   1.0000000e+00   1.3098336e-02
   1.3398794e+06   1.0000000e-01   2.3419208e-02   6.5066481e-13   1.2341921e-01   1.0000000e+00   1.3062179e-02
   1.3146745e+06   1.0000000e-01   2.6996835e-02   6.2791264e-13   1.2699683e-01   1.0000000e+00   1.2661746e-02
   1.4512336e+06   2.1505077e-01   1.2279460e-01   3.6883865e-13   3.3784536e-01   1.0000000e+00   1.2446096e-02
   1.2300672e+05   4.4679053e+02   2.4333641e+01   3.1360540e-14   4.7112417e+02   1.0000000e+00   1.2346094e-02
   1.0352928e+05   6.4771888e+02   2.4407346e+01   2.8606761e-14   6.7212623e+02   1.0000000e+00   1.2294775e-02
   1.6873350e+05   1.9349570e+02   1.6597949e+01   3.8845078e-14   2.1009365e+02   1.0000000e+00   1.2263884e-02
   1.3867730e+06   3.1744286e-01   1.5641699e-01   3.1576077e-13   4.7385986e-01   1.0000000e+00   1.2233831e-02
   1.1832013e+06   1.4414777e+00   6.7408960e-01   1.6390366e-13   2.1155673e+00   1.0000000e+00   1.2229279e-02
   1.2649872e+05   4.0850506e+02   2.0629115e+01   3.2121293e-14   4.2913417e+02   1.0000000e+00   1.2209625e-02
   1.4515290e+06   2.4946211e+00   2.2088826e+00   1.2426228e-13   4.7035036e+00   1.0000000e+00   1.2187780e-02
   8.4196802e+05   1.0000011e-01   1.2677260e-02   7.5777150e-13   1.1267737e-01   1.0000000e+00   1.2080486e-02
   9.8452012e+04   6.4585484e+02   2.1058120e+01   2.8672802e-14   6.6691296e+02   1.0000000e+00   1.1949976e-02
   1.4920333e+06   1.3330608e-01   8.5380438e-02   4.5422184e-13   2.1868652e-01   1.0000000e+00   1.1846978e-02
   1.3474771e+06   1.9358174e+00   8.1377858e-01   1.4741063e-13   2.7495960e+00   1.0000000e+00   1.1795942e-02
   9.3581882e+04   6.9143434e+02   2.3717072e+01   2.8165941e-14   7.1515141e+02   1.0000000e+00   1.1694084e-02
   1.1416445e+06   1.0000000e-01   1.7838466e-02   6.9511501e-13   1.1783847e-01   1.0000000e+00   1.1680104e-02
   1.3117347e+06   1.0000000e-01   2.7968452e-02   6.2273237e-13   1.2796845e-01   1.0000000e+00   1.1621658e-02
   9.5091241e+04   7.8315656e+02   3.2254541e+01   2.7229616e-14   8.1541110e+02   1.0000000e+00   1.1572854e-02
   8.1974398e+04   1.0000000e+03   3.7853765e+01   2.5599302e-14   1.0378538e+03   1.0000000e+00   1.1499340e-02
   9.0409489e+05   1.0000000e-01   1.3037937e-02   7.5102954e-13   1.1303794e-01   1.0000000e+00   1.1447784e-02
   8.7630763e+04   8.1336013e+02   3.0912163e+01   2.6986738e-14   8.4427229e+02   1.0000000e+00   1.1381414e-02
   1.7033680e+06   1.0000000e-01   7.3097561e-02   5.0188154e-13   1.7309756e-01   1.0000000e+00   1.1359452e-02
   1.7633471e+05   2.0638326e+02   1.5916209e+01   3.8185495e-14   2.2229947e+02   1.0000000e+00   1.1305101e-02
   3.4068370e+05   5.0745428e+01   8.3265339e+00   5.4869450e-14   5.9071962e+01   1.0000000e+00   1.1276542e-02
   9.6675535e+04   6.2366678e+02   2.1878405e+01   2.8932169e-14   6.4554518e+02   1.0000000e+00   1.1238137e-02
   1.3502039e+05   3.3481559e+02   1.9063206e+01   3.3788867e-14   3.5387880e+02   1.0000000e+00   1.1214589e-02
   1.4300843e+06   3.8496538e-01   1.7695384e-01   2.9117387e-13   5.6191923e-01   1.0000000e+00   1.1186349e-02
   1.1895266e+05   4.6320316e+02   2.3906905e+01   3.1086261e-14   4.8711007e+02   1.0000000e+00   1.1182548e-02
   2.6957973e+05   7.9093656e+01   7.7363361e+00   4.9231655e-14   8.6829992e+01   1.0000000e+00   1.1030726e-02
   1.0166680e+05   6.9407779e+02   2.8736747e+01   2.8085019e-14   7.2281454e+02   1.0000000e+00   1.1017337e-02
   1.4043700e+06   1.5503535e-01   7.8438285e-02   4.4285099e-13   2.3347363e-01   1.0000000e+00   1.1006477e-02
   1.4015552e+06   2.0517371e+00   1.0512635e+00   1.4053679e-13   3.1030006e+00   1.0000000e+00   1.0981988e-02
   1.1559849e+06   1.0000000e-01   1.8414672e-02   6.8966462e-13   1.1841467e-01   1.0000000e+00   1.0971568e-02
   8.4532468e+04   9.2100633e+02   3.0500299e+01   2.6166234e-14   9.5150663e+02   1.0000000e+00   1.0914846e-02
   9.0746221e+04   8.5788347e+02   2.8168404e+01   2.6652655e-14   8.8605187e+02   1.0000000e+00   1.0914478e-02
   9.7304800e+04   7.5605825e+02   3.2729822e+01   2.7466959e-14   7.8878807e+02   1.0000000e+00   1.0883585e-02
   9.2288150e+04   8.3288632e+02   2.7211551e+01   2.6857465e-14   8.6009787e+02   1.0000000e+00   1.0825706e-02
   8.9650771e+04   9.3254080e+02   2.7968009e+01   2.6127454e-14   9.6050881e+02   1.0000000e+00   1.0674515e-02
   1.3671905e+06   1.4150168e+00   5.3194100e-01   1.6990285e-13   1.9469578e+00   1.0000000e+00   1.0614817e-02
   9.1195937e+04   8.0199476e+02   3.3701677e+01   2.7055669e-14   8.3569643e+02   1.0000000e+00   1.0611251e-02
   1.1430310e+05   4.5424370e+02   2.2828037e+01   3.1274124e-14   4.7707174e+02   1.0000000e+00   1.0388257e-02
   1.4093598e+06   1.0000000e-01   4.0008989e-02   5.7374571e-13   1.4000899e-01   1.0000000e+00   1.0339809e-02
   8.6666401e+04   9.5991285e+02   2.9291187e+01   2.5918386e-14   9.8920404e+02   1.0000000e+00   1.0307524e-02
   7.7903064e+04   9.7443569e+02   3.0020125e+01   2.5830037e-14   1.0044558e+03   1.0000000e+00   1.0307246e-02
   9.1588096e+05   1.0000000e-01   1.4551751e-02   7.3186478e-13   1.1455175e-01   1.0000000e+00   1.0288533e-02
   1.4195593e+06   9.1593409e-01   4.6973301e-01   1.9363191e-13   1.3856671e+00   1.0000000e+00   1.0202270e-02
   1.0504239e+05   6.3525331e+02   2.4010004e+01   2.8751312e-14   6.5926332e+02   1.0000000e+00   1.0183196e-02
   3.2355795e+05   5.2377494e+01   1.0296391e+01   5.4212601e-14   6.2673885e+01   1.0000000e+00   1.0179997e-02
   3.4091706e+05   6.5864276e+01   7.9610960e+00   5.1632751e-14   7.3825372e+01   1.0000000e+00   1.0147019e-02
   1.5366393e+06   1.0000000e-01   6.0768673e-02   5.2516105e-13   1.6076867e-01   1.0000000e+00   1.0132642e-02
   1.4204132e+06   1.5726890e-01   8.8796805e-02   4.3098073e-13   2.4606571e-01   1.0000000e+00   1.0117842e-02
   1.1378777e+06   1.0000000e-01   1.8730924e-02   6.8660001e-13   1.1873092e-01   1.0000000e+00   1.0117029e-02
   1.1401363e+06   1.0000010e-01   1.9270114e-02   6.8181284e-13   1.1927022e-01   1.0000000e+00   1.0072301e-02
   1.6997286e+06   1.0000000e-01   7.6462694e-02   4.9806949e-13   1.7646269e-01   1.0000000e+00   1.0050216e-02
   9.5437039e+04   7.3968875e+02   2.8769532e+01   2.7636843e-14   7.6845828e+02   1.0000000e+00   1.0027358e-02
   4.8376890e+05   1.8702670e+01   5.6952115e+00   7.1608224e-14   2.4397881e+01   1.0000000e+00   1.0018540e-02
   8.2132084e+04   9.1252243e+02   3.0968133e+01   2.6233227e-14   9.4349056e+02   1.0000000e+00   9.9855774e-03
   1.3843780e+05   3.4317979e+02   1.9487061e+01   3.3562941e-14   3.6266685e+02   1.0000000e+00   9.8884152e-03
   1.4608988e+06   1.7991064e-01   1.1525426e-01   3.9407861e-13   2.9516490e-01   1.0000000e+00   9.8599886e-03
   8.4567096e+04   8.8191214e+02   2.7927318e+01   2.6472073e-14   9.0983946e+02   1.0000000e+00   9.8501731e-03
   1.4443876e+06   1.0252521e+00   5.9052441e-01   1.8133575e-13   1.6157765e+00   1.0000000e+00   9.8251288e-03
   1.5191014e+06   1.0163152e-01   5.6192779e-02   5.3070429e-13   1.5782430e-01   1.0000000e+00   9.7707756e-03
   1.4371133e+06   2.3907046e-01   1.4964707e-01   3.4594148e-13   3.8871753e-01   1.0000000e+00   9.6976851e-03
   8.2670320e+05   1.0000000e-01   1.0209563e-02   7.9756453e-13   1.1020956e-01   1.0000000e+00   9.6952848e-03
   9.9721841e+04   6.1402183e+02   2.2609676e+01   2.9017408e-14   6.3663151e+02   1.0000000e+00   9.6152757e-03
   1.2909666e+05   3.9858938e+02   2.3832020e+01   3.2266855e-14   4.2242140e+02   1.0000000e+00   9.6061978e-03
   1.5151360e+06   1.0000000e-01   4.5907195e-02   5.5486982e-13   1.4590720e-01   1.0000000e+00   9.4816623e-03
   1.4064938e+06   3.2264427e+00   1.7625792e+00   1.1971314e-13   4.9890218e+00   1.0000000e+00   9.4670008e-03
   8.3434303e+04   9.6716145e+02   3.3013735e+01   2.5835989e-14   1.0001752e+03   1.0000000e+00   9.4557651e-03
   8.7129975e+05   1.0000000e-01   1.1753465e-02   7.7035198e-13   1.1175347e-01   1.0000000e+00   9.4516669e-03
   1.1372576e+06   1.0000000e-01   1.7475281e-02   6.9872953e-13   1.1747528e-01   1.0000000e+00   9.4495550e-03
   1.2863058e+06   2.6478663e+00   1.3175364e+00   1.2844616e-13   3.9654027e+00   1.0000000e+00   9.3334942e-03
   1.2970696e+06   1.0000000e-01   2.1711361e-02   6.6293695e-13   1.2171136e-01   1.0000000e+00   9.2931638e-03
   8.6659586e+05   1.0000007e-01   1.1499636e-02   7.7447451e-13   1.1149971e-01   1.0000000e+00   9.2790342e-03
   9.1548958e+05   1.0000000e-01   1.4165323e-02   7.3638267e-13   1.1416532e-01   1.0000000e+00   9.2183478e-03
   1.2065075e+05   5.0548689e+02   2.4948894e+01   3.0427911e-14   5.3043578e+02   1.0000000e+00   9.2029818e-03
   1.4626080e+06   1.1184714e-01   5.5169728e-02   5.1939473e-13   1.6701687e-01   1.0000000e+00   9.1962184e-03
   1.5370620e+05   3.5484923e+02   2.0623260e+01   3.3384254e-14   3.7547249e+02   1.0000000e+00   9.1796909e-03
   1.4058899e+06   2.0953432e+00   9.5412910e-01   1.4173106e-13   3.0494723e+00   1.0000000e+00   9.1794724e-03
   1.0247069e+06   4.0496594e+00   1.5473001e+00   1.1353310e-13   5.5969595e+00   1.0000000e+00   9.1758617e-03
   6.5901219e+05   1.2300811e+01   2.4351774e+00   8.2810592e-14   1.4735988e+01   1.0000000e+00   9.1287419e-03
   1.4508939e+06   3.4157896e-01   2.3724768e-01   2.8745053e-13   5.7882664e-01   1.0000000e+00   9.1125835e-03
   1.2275166e+05   4.1124371e+02   2.4182857e+01   3.2021758e-14   4.3542657e+02   1.0000000e+00   9.1121357e-03
   1.4157886e+06   1.6216349e-01   7.9436718e-02   4.3537952e-13   2.4160021e-01   1.0000000e+00   9.1109833e-03
   1.5211389e+06   1.0242673e-01   6.5111239e-02   5.1570898e-13   1.6753796e-01   1.0000000e+00   9.0241361e-03
   5.9524318e+05   1.0671919e+01   1.8180283e+00   8.7950812e-14   1.2489948e+01   1.0000000e+00   9.0097264e-03
   9.5749064e+04   7.3189064e+02   2.7678320e+01   2.7718563e-14   7.5956896e+02   1.0000000e+00   8.9930257e-03
   8.1427573e+04   1.0000000e+03   5.4305840e+01   2.5549276e-14   1.0543058e+03   1.0000000e+00   8.9859088e-03
   1.0469456e+05   7.0600004e+02   2.5511048e+01   2.8028458e-14   7.3151109e+02   1.0000000e+00   8.9750395e-03
   8.9001597e+05   6.6097401e+00   1.2105555e+00   1.0378698e-13   7.8202956e+00   1.0000000e+00   8.9444754e-03
   9.8838911e+04   7.6490989e+02   3.1873957e+01   2.7406789e-14   7.9678385e+02   1.0000000e+00   8.9063517e-03
   1.5047649e+05   2.5855198e+02   1.6686539e+01   3.6106204e-14   2.7523852e+02   1.0000000e+00   8.8893414e-03
   8.4085380e+04   1.0000000e+03   6.3863714e+01   2.5533861e-14   1.0638637e+03   1.0000000e+00   8.8856237e-03
   1.4236721e+06   1.0074962e-01   4.0502284e-02   5.7067323e-13   1.4125190e-01   1.0000000e+00   8.8697025e-03
   1.2764619e+06   1.0000000e-01   2.9460200e-02   6.1603439e-13   1.2946020e-01   1.0000000e+00   8.8454503e-03
   4.8707057e+05   2.1189256e+01   5.3169261e+00   6.9315315e-14   2.6506183e+01   1.0000000e+00   8.8417657e-03
   1.1103661e+05   6.2747353e+02   2.6406302e+01   2.8848168e-14   6.5387984e+02   1.0000000e+00   8.8214414e-03
   1.5366393e+06   1.0000000e-01   4.7924225e-02   5.4944480e-13   1.4792422e-01   1.0000000e+00   8.8108264e-03
   1.1498428e+06   1.0000000e-01   1.6820371e-02   7.0594357e-13   1.1682037e-01   1.0000000e+00   8.7704418e-03
   1.4320890e+06   3.9461152e-01   1.9487526e-01   2.8412066e-13   5.8948678e-01   1.0000000e+00   8.7282766e-03
   1.9352971e+05   1.8712528e+02   1.5814612e+01   3.9144547e-14   2.0293989e+02   1.0000000e+00   8.7234925e-03
   1.3397582e+06   1.0000000e-01   2.2523939e-02   6.5735789e-13   1.2252394e-01   1.0000000e+00   8.7019458e-03
   1.3086236e+06   1.0000000e-01   2.6182272e-02   6.3255858e-13   1.2618227e-01   1.0000000e+00   8.6511890e-03
   1.4993676e+06   2.6952583e-01   1.3959842e-01   3.3575143e-13   4.0912425e-01   1.0000000e+00   8.6449628e-03
   1.2786721e+06   1.0000253e-01   2.8839380e-02   6.1889374e-13   1.2884191e-01   1.0000000e+00   8.6310549e-03
   1.4344776e+06   1.7607009e-01   1.1487848e-01   3.9821024e-13   2.9094857e-01   1.0000000e+00   8.6181944e-03
   1.0822280e+05   5.4727308e+02   2.3768781e+01   2.9831260e-14   5.7104186e+02   1.0000000e+00   8.6050277e-03
   8.7951175e+04   8.8996961e+02   2.7316401e+01   2.6415192e-14   9.1728601e+02   1.0000000e+00   8.5642231e-03
   9.9955333e+04   7.0734231e+02   2.9358476e+01   2.7945158e-14   7.3670079e+02   1.0000000e+00   8.5599483e-03
   1.9054139e+05   2.1473995e+02   1.6306292e+01   3.7874575e-14   2.3104624e+02   1.0000000e+00   8.5567898e-03
   1.3907472e+06   5.6010947e-01   2.9195794e-01   2.4027746e-13   8.5206741e-01   1.0000000e+00   8.5501344e-03
   1.3531053e+05   3.6615044e+02   2.4218280e+01   3.2948401e-14   3.9036872e+02   1.0000000e+00   8.5431036e-03
   1.3960772e+06   6.5479014e-01   2.9796487e-01   2.2895503e-13   9.5275501e-01   1.0000000e+00   8.4831062e-03
   2.2503995e+05   1.6504448e+02   1.2893366e+01   4.0685895e-14   1.7793785e+02   1.0000000e+00   8.4763202e-03
   9.3080070e+04   7.4837196e+02   3.1715309e+01   2.7536745e-14   7.8008727e+02   1.0000000e+00   8.4541340e-03
   1.4526411e+06   1.0000000e-01   4.2275204e-02   5.6604500e-13   1.4227520e-01   1.0000000e+00   8.4447253e-03
   1.3560550e+06   1.2468919e+00   4.8748978e-01   1.7780439e-13   1.7343817e+00   1.0000000e+00   8.4240223e-03
   1.4937410e+06   2.4906833e-01   1.4390000e-01   3.4201797e-13   3.9296833e-01   1.0000000e+00   8.4230971e-03
   1.5182455e+06   1.0000000e-01   5.2247958e-02   5.4068465e-13   1.5224796e-01   1.0000000e+00   8.4206813e-03
   1.4305037e+06   3.9957344e-01   2.0477668e-01   2.8069415e-13   6.0435012e-01   1.0000000e+00   8.4188830e-03
   1.4942107e+06   1.2916779e-01   7.8658383e-02   4.6502939e-13   2.0782617e-01   1.0000000e+00   8.3850312e-03
   1.4320890e+06   3.8239246e-01   2.3830285e-01   2.7760845e-13   6.2069531e-01   1.0000000e+00   8.3435645e-03
   1.1944314e+05   4.3095804e+02   2.4604617e+01   3.1649037e-14   4.5556266e+02   1.0000000e+00   8.3399112e-03
   1.1430506e+05   5.0867019e+02   2.4582116e+01   3.0364631e-14   5.3325231e+02   1.0000000e+00   8.3259054e-03
   1.4178299e+06   1.0000000e-01   3.4810260e-02   5.9100501e-13   1.3481026e-01   1.0000000e+00   8.3222391e-03
   1.4552298e+06   4.0035251e-01   2.5648448e-01   2.7010071e-13   6.5683698e-01   1.0000000e+00   8.3026592e-03
   1.1061769e+05   5.1480491e+02   2.4526365e+01   3.0280007e-14   5.3933127e+02   1.0000000e+00   8.2526085e-03
   1.4977084e+06   1.8747769e-01   1.1014129e-01   3.9056209e-13   2.9761898e-01   1.0000000e+00   8.2447944e-03
   1.4969900e+06   1.0816740e-01   6.1936121e-02   5.1239279e-13   1.7010352e-01   1.0000000e+00   8.2395940e-03
   6.0393550e+05   1.3723707e+01   2.7562660e+00   7.9847824e-14   1.6479973e+01   1.0000000e+00   8.2216433e-03
   8.8413933e+04   8.7048756e+02   2.7752077e+01   2.6555200e-14   8.9823963e+02   1.0000000e+00   8.2152955e-03
   1.4435284e+06   1.8034424e-01   9.4952546e-02   4.0734858e-13   2.7529678e-01   1.0000000e+00   8.1905340e-03
   1.4504885e+06   1.2624438e-01   6.8082051e-02   4.8207659e-13   1.9432643e-01   1.0000000e+00   8.1653646e-03
   1.0927251e+05   6.0407220e+02   2.5641932e+01   2.9099648e-14   6.2971413e+02   1.0000000e+00   8.1270403e-03
   8.8321492e+04   8.2023828e+02   3.1091095e+01   2.6925046e-14   8.5132937e+02   1.0000000e+00   8.1153172e-03
   1.4094166e+06   1.4810319e+00   7.0864290e-01   1.6058332e-13   2.1896748e+00   1.0000000e+00   8.1023410e-03
   1.5159474e+06   1.0000000e-01   4.3809247e-02   5.6030972e-13   1.4380925e-01   1.0000000e+00   8.0692151e-03
   1.5570450e+06   1.0000000e-01   4.9374741e-02   5.4558926e-13   1.4937474e-01   1.0000000e+00   8.0620466e-03
   1.3401677e+06   1.0000000e-01   3.2626303e-02   6.0098050e-13   1.3262630e-01   1.0000000e+00   8.0617644e-03
   1.4033809e+06   5.3522421e-01   2.9022634e-01   2.4355737e-13   8.2545055e-01   1.0000000e+00   8.0496066e-03
   1.9750466e+05   1.7533212e+02   1.0470386e+01   4.0085568e-14   1.8580251e+02   1.0000000e+00   8.0490455e-03
   9.5212289e+04   7.5340773e+02   3.1594531e+01   2.7491209e-14   7.8500226e+02   1.0000000e+00   8.0472098e-03
   2.7758654e+05   8.4229558e+01   7.7972356e+00   4.8454963e-14   9.2026794e+01   1.0000000e+00   8.0462054e-03
   8.7759689e+05   1.0000007e-01   1.1311379e-02   7.7755364e-13   1.1131145e-01   1.0000000e+00   8.0407213e-03
   1.3766609e+05   3.2262148e+02   1.8348014e+01   3.4117010e-14   3.4096949e+02   1.0000000e+00   8.0404012e-03
   9.4673340e+04   6.9739285e+02   2.9631348e+01   2.8042444e-14   7.2702420e+02   1.0000000e+00   8.0262777e-03
   1.3088737e+06   1.0015484e-01   2.4666525e-02   6.4159743e-13   1.2482136e-01   1.0000000e+00   8.0193953e-03
   2.1112533e+05   1.7043442e+02   1.1569134e+01   4.0348038e-14   1.8200355e+02   1.0000000e+00   7.9660604e-03
   1.4323655e+06   3.2036751e-01   1.6514382e-01   3.1094545e-13   4.8551132e-01   1.0000000e+00   7.9110644e-03
   3.3791823e+05   4.6996711e+01   6.4293331e+00   5.6400549e-14   5.3426045e+01   1.0000000e+00   7.8992753e-03
   8.6596402e+04   9.5282380e+02   2.9177557e+01   2.5964609e-14   9.8200136e+02   1.0000000e+00   7.8758862e-03
   1.0945425e+05   5.7541557e+02   2.5672257e+01   2.9441596e-14   6.0108783e+02   1.0000000e+00   7.8636405e-03
   1.0341445e+06   1.0000000e-01   1.6336721e-02   7.1013248e-13   1.1633672e-01   1.0000000e+00   7.8325571e-03
   8.9837566e+05   1.0000000e-01   1.0816958e-02   7.8659593e-13   1.1081696e-01   1.0000000e+00   7.8291522e-03
   1.4928945e+06   1.2287827e-01   7.8477994e-02   4.7276701e-13   2.0135626e-01   1.0000000e+00   7.8183782e-03
   1.4388150e+06   1.0000000e-01   2.9983445e-02   6.1202911e-13   1.2998345e-01   1.0000000e+00   7.8172606e-03
   1.4337418e+06   2.6695619e-01   1.5826891e-01   3.3116254e-13   4.2522510e-01   1.0000000e+00   7.7697730e-03
   1.5905422e+06   1.0692006e-01   7.4571137e-02   4.9408697e-13   1.8149119e-01   1.0000000e+00   7.7096492e-03
   9.9977310e+04   6.6189844e+02   2.4556336e+01   2.8448226e-14   6.8645478e+02   1.0000000e+00   7.7023382e-03
   8.2344994e+04   1.0000000e+03   6.9657418e+01   2.5522860e-14   1.0696574e+03   1.0000000e+00   7.6883639e-03
   1.0050687e+05   6.5533111e+02   2.4804101e+01   2.8515701e-14   6.8013521e+02   1.0000000e+00   7.6816929e-03
   6.7152659e+05   5.4955220e+00   1.6580458e+00   1.0648371e-13   7.1535678e+00   1.0000000e+00   7.6769533e-03
   1.3133317e+06   1.0000000e-01   2.3862425e-02   6.4722056e-13   1.2386243e-01   1.0000000e+00   7.6719712e-03
   4.1323994e+05   2.5004614e+01   5.0183429e+00   6.6949572e-14   3.0022957e+01   1.0000000e+00   7.6697734e-03
   1.3560550e+06   1.2209639e+00   5.5794266e-01   1.7491320e-13   1.7789065e+00   1.0000000e+00   7.6435210e-03
   1.3907473e+06   7.1047179e-01   4.0844304e-01   2.1283537e-13   1.1189148e+00   1.0000000e+00   7.6066350e-03
   6.1842208e+05   6.6977413e+00   1.8173918e+00   1.0050789e-13   8.5151331e+00   1.0000000e+00   7.5393036e-03
   9.9941004e+04   7.1129829e+02   2.9401998e+01   2.7907385e-14   7.4070029e+02   1.0000000e+00   7.5059330e-03
   1.5117212e+06   1.0000000e-01   5.4492402e-02   5.3665631e-13   1.5449240e-01   1.0000000e+00   7.4956864e-03
   1.4508938e+06   2.7603305e-01   1.8087475e-01   3.2042050e-13   4.5690781e-01   1.0000000e+00   7.4955131e-03
   1.4059185e+06   3.9845247e-01   1.5492940e-01   2.9611482e-13   5.5338187e-01   1.0000000e+00   7.4553670e-03
   1.2179602e+05   4.6393531e+02   2.6880760e+01   3.1041336e-14   4.9081607e+02   1.0000000e+00   7.4393370e-03
   1.5108103e+06   1.0000000e-01   6.3175146e-02   5.2284358e-13   1.6317515e-01   1.0000000e+00   7.4350538e-03
   9.4409671e+04   7.2301813e+02   2.9769882e+01   2.7786980e-14   7.5278801e+02   1.0000000e+00   7.4286227e-03
   6.1710799e+05   9.1872024e+00   2.0959862e+00   9.0525212e-14   1.1283189e+01   1.0000000e+00   7.4263083e-03
   1.4848557e+06   2.1708074e-01   1.3747751e-01   3.5993047e-13   3.5455825e-01   1.0000000e+00   7.3968251e-03
   1.4082784e+06   1.2633500e-01   6.6171614e-02   4.8619616e-13   1.9250662e-01   1.0000000e+00   7.3912553e-03
   8.4190642e+04   9.3800623e+02   3.1090385e+01   2.6044016e-14   9.6909662e+02   1.0000000e+00   7.3899101e-03
   1.2955685e+05   4.7266867e+02   2.4360530e+01   3.0987069e-14   4.9702920e+02   1.0000000e+00   7.3584621e-03
   8.5511704e+04   8.9693912e+02   2.6558825e+01   2.6369278e-14   9.2349794e+02   1.0000000e+00   7.3489157e-03
   1.4675843e+06   4.9773735e-01   3.0038617e-01   2.4648691e-13   7.9812353e-01   1.0000000e+00   7.3475781e-03
   1.4354322e+06   1.7255128e-01   9.2405957e-02   4.1518425e-13   2.6495724e-01   1.0000000e+00   7.3213772e-03
   8.8509316e+05   1.0000000e-01   1.2101542e-02   7.6479689e-13   1.1210154e-01   1.0000000e+00   7.2894949e-03
   7.8864672e+05   1.0000000e-01   1.0436368e-02   7.9413024e-13   1.1043637e-01   1.0000000e+00   7.2597915e-03
   8.2633776e+04   1.0000000e+03   4.9028628e+01   2.5561428e-14   1.0490286e+03   1.0000000e+00   7.2597781e-03
   1.2779157e+06   1.0000000e-01   2.4214329e-02   6.4471073e-13   1.2421433e-01   1.0000000e+00   7.2457207e-03
   1.6156718e+05   2.2062572e+02   1.3784926e+01   3.7671723e-14   2.3441064e+02   1.0000000e+00   7.2455403e-03
   1.4041812e+05   3.1718548e+02   1.9799524e+01   3.4223842e-14   3.3698500e+02   1.0000000e+00   7.2453778e-03
   1.4503187e+06   2.3560854e-01   1.4316911e-01   3.4953481e-13   3.7877765e-01   1.0000000e+00   7.2054476e-03
   1.1642912e+06   1.0000000e-01   2.2426323e-02   6.5741817e-13   1.2242632e-01   1.0000000e+00   7.1888075e-03
   1.3979805e+05   3.4836873e+02   2.1015468e+01   3.3410573e-14   3.6938420e+02   1.0000000e+00   7.1633970e-03
   9.7217947e+05   1.0000000e-01   1.2007236e-02   7.6713891e-13   1.1200724e-01   1.0000000e+00   7.1575082e-03
   9.1043419e+04   7.9803579e+02   3.2707270e+01   2.7094970e-14   8.3074306e+02   1.0000000e+00   7.1481726e-03
   1.1912347e+05   4.9682606e+02   2.4386336e+01   3.0552153e-14   5.2121239e+02   1.0000000e+00   7.1094509e-03
   1.5805357e+06   1.0000000e-01   7.1092588e-02   5.0931630e-13   1.7109259e-01   1.0000000e+00   7.0920681e-03
   8.5371408e+04   8.7687944e+02   2.6693083e+01   2.6518032e-14   9.0357252e+02   1.0000000e+00   7.0823413e-03
   1.5343114e+05   2.6506343e+02   1.6442416e+01   3.5870293e-14   2.8150585e+02   1.0000000e+00   7.0682048e-03
   1.1430555e+05   4.9881596e+02   2.4582027e+01   3.0512670e-14   5.2339798e+02   1.0000000e+00   7.0483011e-03
   1.4084822e+06   1.0070054e-01   4.4817685e-02   5.5978434e-13   1.4551822e-01   1.0000000e+00   7.0106908e-03
   3.4783361e+05   4.2180742e+01   6.0015959e+00   5.8117417e-14   4.8182338e+01   1.0000000e+00   6.9974154e-03
   1.5205989e+06   1.0000000e-01   4.6845837e-02   5.5242604e-13   1.4684584e-01   1.0000000e+00   6.9914497e-03
   1.2862803e+06   2.4993508e+00   1.2644002e+00   1.3083946e-13   3.7637510e+00   1.0000000e+00   6.9719604e-03
   1.3090867e+05   3.6118200e+02   1.7916890e+01   3.3181492e-14   3.7909889e+02   1.0000000e+00   6.9718856e-03
   1.3348588e+05   4.1864767e+02   2.3277236e+01   3.1912758e-14   4.4192491e+02   1.0000000e+00   6.9607214e-03
   1.4462591e+06   1.0000000e-01   3.1695575e-02   6.0380491e-13   1.3169558e-01   1.0000000e+00   6.9398213e-03
   9.8089250e+05   4.3672102e+00   1.8074565e+00   1.0982249e-13   6.1746667e+00   1.0000000e+00   6.9133181e-03
   1.1204488e+05   5.5754433e+02   2.2605871e+01   2.9714138e-14   5.8015020e+02   1.0000000e+00   6.8927699e-03
   8.5456162e+04   8.8726302e+02   2.6966120e+01   2.6437163e-14   9.1422914e+02   1.0000000e+00   6.8835078e-03
   9.4483821e+05   1.0000000e-01   1.3370402e-02   7.4606994e-13   1.1337040e-01   1.0000000e+00   6.8786275e-03
   7.9160213e+05   1.0000000e-01   1.0674941e-02   7.8990608e-13   1.1067494e-01   1.0000000e+00   6.8727220e-03
   1.1317327e+05   5.9223007e+02   2.5500539e+01   2.9264030e-14   6.1773060e+02   1.0000000e+00   6.8719570e-03
   9.6192775e+04   7.4457910e+02   3.1211040e+01   2.7574924e-14   7.7579014e+02   1.0000000e+00   6.8547497e-03
   1.3997680e+06   6.7931773e-01   3.0642650e-01   2.2552561e-13   9.8574424e-01   1.0000000e+00   6.8141440e-03
   1.4041980e+05   3.8396837e+02   2.1217072e+01   3.2647162e-14   4.0518544e+02   1.0000000e+00   6.8112644e-03
   8.7341119e+04   9.4435537e+02   2.9060716e+01   2.6024795e-14   9.7341608e+02   1.0000000e+00   6.8030114e-03
   1.2951998e+05   3.9417813e+02   2.1256604e+01   3.2395749e-14   4.1543474e+02   1.0000000e+00   6.7978380e-03
   9.6234415e+04   6.8184570e+02   2.3303522e+01   2.8258597e-14   7.0514922e+02   1.0000000e+00   6.7915421e-03
   1.0444895e+06   1.0000000e-01   1.4758582e-02   7.2839759e-13   1.1475858e-01   1.0000000e+00   6.7848407e-03
   5.6222124e+05   1.9183101e+01   1.7111591e+00   7.6792959e-14   2.0894261e+01   1.0000000e+00   6.7761356e-03
   2.5657084e+05   1.0965804e+02   1.2001700e+01   4.4948103e-14   1.2165974e+02   1.0000000e+00   6.7745951e-03
   1.4063455e+06   5.9612944e-01   2.8336625e-01   2.3695950e-13   8.7949569e-01   1.0000000e+00   6.7671115e-03
   1.4451755e+06   1.7866327e-01   1.0328064e-01   4.0264226e-13   2.8194391e-01   1.0000000e+00   6.7664547e-03
   1.4887288e+06   2.3109311e-01   1.3487133e-01   3.5396467e-13   3.6596444e-01   1.0000000e+00   6.7636316e-03
   1.4648593e+06   1.2281745e-01   7.2995386e-02   4.7986091e-13   1.9581283e-01   1.0000000e+00   6.7617456e-03
   1.4059185e+06   3.3136209e-01   1.6135893e-01   3.0963395e-13   4.9272101e-01   1.0000000e+00   6.7251280e-03
   1.2305291e+05   4.2909874e+02   2.2329084e+01   3.1704174e-14   4.5142782e+02   1.0000000e+00   6.7108728e-03
   1.1313472e+05   5.8969937e+02   2.5561854e+01   2.9292003e-14   6.1526123e+02   1.0000000e+00   6.7105177e-03
   8.7208078e+04   9.4739559e+02   2.9083321e+01   2.6004004e-14   9.7647891e+02   1.0000000e+00   6.7000380e-03
   8.2797121e+04   9.9989457e+02   7.7033215e+01   2.5514866e-14   1.0769278e+03   1.0000000e+00   6.6974393e-03
   2.1611448e+05   1.3755307e+02   1.3760969e+01   4.2336573e-14   1.5131404e+02   1.0000000e+00   6.6952928e-03
   8.8874334e+04   8.6290596e+02   3.0264137e+01   2.6593140e-14   8.9317010e+02   1.0000000e+00   6.6898943e-03
   1.3904986e+06   1.6533874e-01   9.0539008e-02   4.2404188e-13   2.5587774e-01   1.0000000e+00   6.6696568e-03
   2.1379490e+05   1.3677175e+02   1.0118172e+01   4.2654100e-14   1.4688992e+02   1.0000000e+00   6.6412017e-03
   1.5121632e+06   4.7453581e-01   3.0094921e-01   2.4922477e-13   7.7548502e-01   1.0000000e+00   6.6217012e-03
   1.4687256e+06   6.5391997e-01   4.0921911e-01   2.1697501e-13   1.0631391e+00   1.0000000e+00   6.6140917e-03
   1.3560550e+06   1.2751345e+00   5.7930532e-01   1.7195705e-13   1.8544398e+00   1.0000000e+00   6.6090275e-03
   1.4932821e+06   1.9714404e-01   1.3066955e-01   3.7390207e-13   3.2781359e-01   1.0000000e+00   6.6084109e-03
   1.4953460e+06   1.3019518e-01   8.1705426e-02   4.6086316e-13   2.1190061e-01   1.0000000e+00   6.5875447e-03
   9.5460704e+04   6.7773891e+02   2.3309341e+01   2.8305202e-14   7.0104825e+02   1.0000000e+00   6.5758618e-03
   1.3632305e+05   3.6342644e+02   2.1618481e+01   3.3049987e-14   3.8504492e+02   1.0000000e+00   6.5658832e-03
   1.2492160e+05   3.9901155e+02   1.9910488e+01   3.2328308e-14   4.1892204e+02   1.0000000e+00   6.5556958e-03
   1.1712950e+05   5.3885450e+02   2.5274589e+01   2.9947749e-14   5.6412909e+02   1.0000000e+00   6.5289789e-03
   9.0727604e+05   1.0000000e-01   1.3601013e-02   7.4354801e-13   1.1360101e-01   1.0000000e+00   6.5277705e-03
   1.3623402e+06   1.0000000e-01   3.3371206e-02   5.9754892e-13   1.3337121e-01   1.0000000e+00   6.5043965e-03
   1.3388870e+06   1.0000000e-01   3.6727530e-02   5.8614242e-13   1.3672753e-01   1.0000000e+00   6.5038752e-03
   2.0938486e+05   1.8270533e+02   1.1624294e+01   3.9705988e-14   1.9432962e+02   1.0000000e+00   6.4944195e-03
   8.2219240e+04   9.6460806e+02   2.9573049e+01   2.5875880e-14   9.9418111e+02   1.0000000e+00   6.4790033e-03
   8.2616300e+04   1.0000000e+03   9.1996674e+01   2.5500641e-14   1.0919967e+03   1.0000000e+00   6.4694423e-03
   8.1671436e+04   9.8484479e+02   3.1383807e+01   2.5730879e-14   1.0162286e+03   1.0000000e+00   6.4562911e-03
   1.5864905e+06   1.0000000e-01   7.2949358e-02   5.0688370e-13   1.7294936e-01   1.0000000e+00   6.4533842e-03
   1.4370233e+06   2.0903634e-01   1.0591778e-01   3.8214095e-13   3.1495411e-01   1.0000000e+00   6.4448381e-03
   1.3437700e+06   1.0021395e-01   3.8956266e-02   5.7869706e-13   1.3917022e-01   1.0000000e+00   6.4404885e-03
   1.0162716e+05   5.8029224e+02   2.4295668e+01   2.9411322e-14   6.0458791e+02   1.0000000e+00   6.4179872e-03
   1.6830957e+05   1.9948994e+02   1.6023899e+01   3.8551244e-14   2.1551384e+02   1.0000000e+00   6.4152996e-03
   8.5163752e+04   9.8217671e+02   2.9175970e+01   2.5770096e-14   1.0113527e+03   1.0000000e+00   6.4148076e-03
   8.1112956e+04   1.0000000e+03   3.1527805e+01   2.5633021e-14   1.0315278e+03   1.0000000e+00   6.4125804e-03
   9.4768161e+04   7.6776296e+02   3.0628237e+01   2.7370836e-14   7.9839120e+02   1.0000000e+00   6.4100263e-03
   1.4512337e+06   2.3807622e-01   1.1095424e-01   3.6425703e-13   3.4903046e-01   1.0000000e+00   6.3908069e-03
   8.4702822e+05   1.0000000e-01   1.3354358e-02   7.4888672e-13   1.1335436e-01   1.0000000e+00   6.3902600e-03
   1.3421009e+06   1.0000000e-01   3.3908740e-02   5.9593299e-13   1.3390874e-01   1.0000000e+00   6.3769862e-03
   1.4235298e+06   1.0000000e-01   3.4376805e-02   5.9260010e-13   1.3437681e-01   1.0000000e+00   6.3500468e-03
   1.0635575e+05   5.8516191e+02   2.5311052e+01   2.9320739e-14   6.1047296e+02   1.0000000e+00   6.3384149e-03
   8.6798451e+04   9.9433530e+02   2.9291387e+01   2.5705717e-14   1.0236267e+03   1.0000000e+00   6.3382992e-03
   1.4095541e+06   1.7128118e-01   8.6691467e-02   4.2172075e-13   2.5797265e-01   1.0000000e+00   6.3377798e-03
   1.5193474e+06   1.0000000e-01   5.0992660e-02   5.4318958e-13   1.5099266e-01   1.0000000e+00   6.3217343e-03
   2.7125760e+05   7.4009873e+01   8.1512238e+00   5.0013547e-14   8.2161097e+01   1.0000000e+00   6.3112389e-03
   9.6613497e+04   6.8758886e+02   2.2610408e+01   2.8206736e-14   7.1019926e+02   1.0000000e+00   6.2858896e-03
   1.4141003e+06   4.3798339e-01   2.3454045e-01   2.6733353e-13   6.7252384e-01   1.0000000e+00   6.2829055e-03
   8.8840430e+04   8.5491620e+02   2.6449082e+01   2.6685053e-14   8.8136528e+02   1.0000000e+00   6.2813827e-03
   9.3196922e+04   7.1843643e+02   2.8977377e+01   2.7842332e-14   7.4741381e+02   1.0000000e+00   6.2714116e-03
   3.9862682e+05   2.2995212e+01   6.4842345e+00   6.8352690e-14   2.9479446e+01   1.0000000e+00   6.2642834e-03
   8.3935420e+04   9.9788276e+02   4.6151788e+01   2.5585417e-14   1.0440345e+03   1.0000000e+00   6.2523763e-03
   9.6633060e+04   7.7189246e+02   3.1798361e+01   2.7334396e-14   8.0369083e+02   1.0000000e+00   6.2500833e-03
   2.6939187e+05   9.6299135e+01   8.4543720e+00   4.6796625e-14   1.0475351e+02   1.0000000e+00   6.2498288e-03
   3.7232988e+05   4.3176570e+01   7.0569181e+00   5.7391054e-14   5.0233488e+01   1.0000000e+00   6.2444850e-03
   1.1331971e+06   1.0000000e-01   1.6250590e-02   7.1202245e-13   1.1625059e-01   1.0000000e+00   6.2410284e-03
   9.3991467e+04   7.1541181e+02   2.9384228e+01   2.7865644e-14   7.4479604e+02   1.0000000e+00   6.2236401e-03
   1.3939253e+06   6.4128873e-01   2.8507293e-01   2.3206767e-13   9.2636166e-01   1.0000000e+00   6.2231612e-03
   1.5189535e+06   1.3640026e-01   9.8718682e-02   4.3936778e-13   2.3511894e-01   1.0000000e+00   6.1941862e-03
   2.0092324e+05   1.5613343e+02   1.1680575e+01   4.1147088e-14   1.6781401e+02   1.0000000e+00   6.1894179e-03
   1.2625026e+05   3.2759822e+02   1.7993675e+01   3.4092673e-14   3.4559189e+02   1.0000000e+00   6.1804213e-03
   1.1749114e+05   3.8977573e+02   1.9265605e+01   3.2602722e-14   4.0904134e+02   1.0000000e+00   6.1757394e-03
   1.0974157e+05   5.6876057e+02   2.2895157e+01   2.9560109e-14   5.9165573e+02   1.0000000e+00   6.1738058e-03
   4.9957424e+05   1.6683009e+01   5.3985533e+00   7.3950528e-14   2.2081562e+01   1.0000000e+00   6.1735265e-03
   1.4243390e+06   1.1448061e+00   4.3528931e-01   1.8532070e-13   1.5800954e+00   1.0000000e+00   6.1427373e-03
   1.7099701e+05   2.4684659e+02   1.3465758e+01   3.6653385e-14   2.6031234e+02   1.0000000e+00   6.1345727e-03
   1.1137894e+05   5.6102903e+02   2.5598072e+01   2.9629113e-14   5.8662710e+02   1.0000000e+00   6.1298628e-03
   1.4143131e+05   2.9426534e+02   1.7061303e+01   3.4951795e-14   3.1132664e+02   1.0000000e+00   6.1166582e-03
   1.2570000e+05   3.8971339e+02   2.1995765e+01   3.2484558e-14   4.1170915e+02   1.0000000e+00   6.1137305e-03
   8.6559745e+04   8.9749426e+02   3.1319740e+01   2.6328231e-14   9.2881400e+02   1.0000000e+00   6.1086473e-03
   1.2165840e+05   4.1565749e+02   2.3201907e+01   3.1952121e-14   4.3885940e+02   1.0000000e+00   6.0834754e-03
   8.5892243e+04   9.1712874e+02   3.1528767e+01   2.6186647e-14   9.4865750e+02   1.0000000e+00   6.0517078e-03
   1.3554556e+05   3.3297700e+02   1.7849144e+01   3.3862305e-14   3.5082614e+02   1.0000000e+00   6.0485283e-03
   1.3912716e+06   9.0393275e-01   4.2086029e-01   1.9791054e-13   1.3247930e+00   1.0000000e+00   6.0404221e-03
   1.0792420e+05   5.6446958e+02   2.0607153e+01   2.9647865e-14   5.8507674e+02   1.0000000e+00   6.0329706e-03
   2.7874065e+05   8.6315148e+01   7.8194427e+00   4.8171577e-14   9.4134591e+01   1.0000000e+00   6.0290940e-03
   1.4445831e+06   1.0000000e-01   3.0400429e-02   6.0996764e-13   1.3040043e-01   1.0000000e+00   6.0153344e-03
   1.1882190e+05   4.7447899e+02   2.5661816e+01   3.0880064e-14   5.0014081e+02   1.0000000e+00   6.0118123e-03
   1.4284532e+06   3.3309504e-01   1.8807278e-01   3.0077387e-13   5.2116782e-01   1.0000000e+00   5.9963288e-03
   8.7757358e+05   1.0000000e-01   1.1128063e-02   7.8071509e-13   1.1112806e-01   1.0000000e+00   5.9701875e-03
   1.5152202e+06   1.0000000e-01   4.1512354e-02   5.6686251e-13   1.4151235e-01   1.0000000e+00   5.9639581e-03
   1.3658629e+05   3.7542229e+02   2.1215007e+01   3.2798224e-14   3.9663730e+02   1.0000000e+00   5.9569526e-03
   3.4335183e+05   3.9749485e+01   5.4898801e+00   5.9277154e-14   4.5239365e+01   1.0000000e+00   5.9545592e-03
   9.1175999e+05   1.0000000e-01   1.3955412e-02   7.3901923e-13   1.1395541e-01   1.0000000e+00   5.9540464e-03
   1.3598768e+05   3.7290640e+02   2.1197981e+01   3.2849892e-14   3.9410438e+02   1.0000000e+00   5.9264033e-03
   1.0250967e+06   1.0000000e-01   1.7111985e-02   7.0244882e-13   1.1711198e-01   1.0000000e+00   5.9221841e-03
   1.4284533e+06   3.2990847e-01   1.7341124e-01   3.0573835e-13   5.0331971e-01   1.0000000e+00   5.9133234e-03
   1.0042781e+05   6.5559412e+02   2.4799367e+01   2.8512929e-14   6.8039349e+02   1.0000000e+00   5.8664792e-03
   1.4223874e+06   1.1298787e+00   4.3308256e-01   1.8606598e-13   1.5629613e+00   1.0000000e+00   5.8641022e-03
   9.2832288e+05   1.0000000e-01   1.3767399e-02   7.4100366e-13   1.1376740e-01   1.0000000e+00   5.8352197e-03
   4.0899018e+05   3.5109595e+01   5.9068225e+00   6.0790452e-14   4.1016418e+01   1.0000000e+00   5.7840631e-03
   1.4760092e+06   4.8490818e-01   2.7616891e-01   2.5160008e-13   7.6107709e-01   1.0000000e+00   5.7705273e-03
   2.1375168e+05   1.1484416e+02   1.1801099e+01   4.4507455e-14   1.2664526e+02   1.0000000e+00   5.7536453e-03
   1.4546458e+06   2.3178183e-01   1.4238534e-01   3.5152369e-13   3.7416717e-01   1.0000000e+00   5.7191512e-03
   1.0942040e+05   6.0507267e+02   2.2823367e+01   2.9124547e-14   6.2789603e+02   1.0000000e+00   5.7068564e-03
   8.4857110e+05   1.0000007e-01   1.0953883e-02   7.8382964e-13   1.1095395e-01   1.0000000e+00   5.6803693e-03
   1.4244663e+06   4.2205793e-01   2.6404967e-01   2.6524497e-13   6.8610760e-01   1.0000000e+00   5.6596137e-03
   9.1390602e+05   1.0000000e-01   1.2307757e-02   7.6148134e-13   1.1230776e-01   1.0000000e+00   5.6582488e-03
   1.5949980e+05   2.8588295e+02   1.6655663e+01   3.5219905e-14   3.0253861e+02   1.0000000e+00   5.6570348e-03
   1.1240707e+06   1.0000000e-01   1.5049662e-02   7.2659904e-13   1.1504966e-01   1.0000000e+00   5.6429257e-03
   2.1344705e+05   1.2967391e+02   1.1735637e+01   4.3102495e-14   1.4140955e+02   1.0000000e+00   5.6275203e-03
   1.4466780e+06   1.3468421e-01   8.2769131e-02   4.5709307e-13   2.1745334e-01   1.0000000e+00   5.5838472e-03
   1.5176429e+06   1.8695341e-01   1.3362334e-01   3.7816371e-13   3.2057675e-01   1.0000000e+00   5.5822919e-03
   1.4510478e+06   2.3869425e-01   1.1111643e-01   3.6388688e-13   3.4981068e-01   1.0000000e+00   5.5793956e-03
   1.4424117e+06   1.7469437e-01   9.3774884e-02   4.1230184e-13   2.6846926e-01   1.0000000e+00   5.5726057e-03
   1.0923649e+05   5.1986943e+02   2.5917860e+01   3.0194470e-14   5.4578729e+02   1.0000000e+00   5.5658827e-03
   4.1923012e+05   2.6570807e+01   6.7481491e+00   6.5125156e-14   3.3318956e+01   1.0000000e+00   5.5544978e-03
   1.1422550e+05   4.5253558e+02   2.3511651e+01   3.1296424e-14   4.7604723e+02   1.0000000e+00   5.5506699e-03
   1.0429691e+06   1.0000000e-01   1.5426314e-02   7.2023989e-13   1.1542631e-01   1.0000000e+00   5.5484192e-03
   1.4049812e+05   3.1248123e+02   2.0870988e+01   3.4333577e-14   3.3335222e+02   1.0000000e+00   5.5438492e-03
   1.1455045e+06   1.0000000e-01   1.9623520e-02   6.7878297e-13   1.1962352e-01   1.0000000e+00   5.5421345e-03
   9.5956767e+04   7.3762350e+02   2.7334634e+01   2.7668822e-14   7.6495814e+02   1.0000000e+00   5.5316115e-03
   2.1857942e+05   1.6024946e+02   1.2749854e+01   4.0895302e-14   1.7299931e+02   1.0000000e+00   5.5301850e-03
   1.3978832e+06   3.3179905e-01   1.8572165e-01   3.0253332e-13   5.1752069e-01   1.0000000e+00   5.5280362e-03
   1.4070453e+06   1.2402090e-01   6.5203642e-02   4.9034616e-13   1.8922454e-01   1.0000000e+00   5.5207152e-03
   1.4513780e+06   2.7426628e-01   1.7903397e-01   3.2156386e-13   4.5330025e-01   1.0000000e+00   5.4833723e-03
   1.7781858e+05   2.0287552e+02   1.6451060e+01   3.8330120e-14   2.1932658e+02   1.0000000e+00   5.4757447e-03
   1.1817387e+06   1.0000000e-01   2.0579084e-02   6.7090481e-13   1.2057908e-01   1.0000000e+00   5.4648607e-03
   1.0842961e+05   6.0008200e+02   2.2536659e+01   2.9180829e-14   6.2261866e+02   1.0000000e+00   5.4644307e-03
   1.3947458e+06   2.0695794e-01   1.0494558e-01   3.8521979e-13   3.1190352e-01   1.0000000e+00   5.4528200e-03
   8.2826072e+05   1.0000000e-01   1.0510183e-02   7.9193002e-13   1.1051018e-01   1.0000000e+00   5.4426384e-03
   1.5153083e+06   2.0289354e-01   1.1850547e-01   3.7589161e-13   3.2139901e-01   1.0000000e+00   5.4217992e-03
   1.2295597e+06   2.0760059e+00   6.2566074e-01   1.5063966e-13   2.7016666e+00   1.0000000e+00   5.4194218e-03
   9.3933538e+04   8.4613836e+02   2.6093387e+01   2.6779015e-14   8.7223174e+02   1.0000000e+00   5.4146314e-03
   1.4975627e+06   1.9135575e-01   1.1083903e-01   3.8768436e-13   3.0219479e-01   1.0000000e+00   5.4128407e-03
   1.4845698e+06   2.1794109e-01   1.4424487e-01   3.5676482e-13   3.6218595e-01   1.0000000e+00   5.4017508e-03
   1.5647118e+05   3.0022369e+02   1.9215346e+01   3.4729724e-14   3.1943904e+02   1.0000000e+00   5.4006622e-03
   1.1831962e+06   1.0000000e-01   2.0234570e-02   6.7371022e-13   1.2023457e-01   1.0000000e+00   5.3796670e-03
   1.5003581e+05   2.9605695e+02   1.8158534e+01   3.4848213e-14   3.1421548e+02   1.0000000e+00   5.3710429e-03
   1.4998925e+06   2.4987985e-01   1.4926058e-01   3.3941124e-13   3.9914043e-01   1.0000000e+00   5.3706976e-03
   1.5477788e+05   2.5942492e+02   1.2833758e+01   3.6205879e-14   2.7225868e+02   1.0000000e+00   5.3706030e-03
   1.5189535e+06   1.0000000e-01   5.6541002e-02   5.3274169e-13   1.5654100e-01   1.0000000e+00   5.3681272e-03
   1.4553416e+06   3.8869103e-01   2.4937665e-01   2.7375323e-13   6.3806768e-01   1.0000000e+00   5.3530467e-03
   1.1803448e+05   5.3273570e+02   2.5184806e+01   3.0035299e-14   5.5792051e+02   1.0000000e+00   5.3501018e-03
   1.4149958e+06   1.2909014e-01   6.2362345e-02   4.8781131e-13   1.9145248e-01   1.0000000e+00   5.3498695e-03
   1.4502788e+06   8.4608458e-01   3.6170258e-01   2.0646846e-13   1.2077872e+00   1.0000000e+00   5.3379695e-03
   1.4239541e+06   1.0251239e+00   4.4304924e-01   1.8979271e-13   1.4681731e+00   1.0000000e+00   5.2760904e-03
   1.4203130e+06   1.6143938e-01   8.8650043e-02   4.2753253e-13   2.5008943e-01   1.0000000e+00   5.2718086e-03
   1.4915824e+06   1.2816319e-01   7.7598489e-02   4.6736689e-13   2.0576167e-01   1.0000000e+00   5.2569763e-03
   1.4503519e+06   1.2890637e-01   7.0585857e-02   4.7592382e-13   1.9949223e-01   1.0000000e+00   5.2391555e-03
   1.4492628e+06   7.5923240e-01   4.0107298e-01   2.0877806e-13   1.1603054e+00   1.0000000e+00   5.2193454e-03
   9.8412052e+05   4.5303853e+00   1.8254975e+00   1.0870600e-13   6.3558828e+00   1.0000000e+00   5.1969436e-03
   8.1486263e+04   9.9974358e+02   6.8793737e+01   2.5526421e-14   1.0685373e+03   1.0000000e+00   5.1881511e-03
   1.7078931e+05   2.4105532e+02   1.3806787e+01   3.6841194e-14   2.5486210e+02   1.0000000e+00   5.1875264e-03
   1.3773672e+06   3.7609631e+00   1.6922841e+00   1.1643230e-13   5.4532472e+00   1.0000000e+00   5.1736010e-03
   1.0973006e+05   5.5029403e+02   2.3033774e+01   2.9798446e-14   5.7332781e+02   1.0000000e+00   5.1654288e-03
   4.7867130e+05   1.4070077e+01   5.5151588e+00   7.8243012e-14   1.9585235e+01   1.0000000e+00   5.1635154e-03
   1.7525584e+05   2.2659784e+02   1.5595464e+01   3.7331857e-14   2.4219331e+02   1.0000000e+00   5.1451279e-03
   1.4164548e+06   1.5562555e-01   8.2437662e-02   4.3804659e-13   2.3806321e-01   1.0000000e+00   5.1443962e-03
   8.2658921e+04   1.0000000e+03   8.6481328e+01   2.5505078e-14   1.0864813e+03   1.0000000e+00   5.1439394e-03
   1.4336662e+06   2.1316731e-01   1.0555402e-01   3.8022243e-13   3.1872133e-01   1.0000000e+00   5.1294299e-03
   1.4625607e+06   4.6634818e-01   2.3302764e-01   2.6204496e-13   6.9937581e-01   1.0000000e+00   5.1252569e-03
   1.4552300e+06   4.5752220e-01   2.6203431e-01   2.5846836e-13   7.1955652e-01   1.0000000e+00   5.1199286e-03
   8.7285202e+04   9.5150998e+02   2.9165035e+01   2.5977138e-14   9.8067502e+02   1.0000000e+00   5.1012941e-03
   2.7888238e+05   9.9775821e+01   7.6985424e+00   4.6626876e-14   1.0747436e+02   1.0000000e+00   5.0925021e-03
   1.3437028e+06   1.0000000e-01   3.6734910e-02   5.8595836e-13   1.3673491e-01   1.0000000e+00   5.0870691e-03
   1.3653989e+05   3.2947100e+02   1.8015795e+01   3.3946227e-14   3.4748680e+02   1.0000000e+00   5.0837739e-03
   1.4132484e+06   1.7170330e-01   9.0682097e-02   4.1798005e-13   2.6238539e-01   1.0000000e+00   5.0827107e-03
   9.6412164e+04   6.1945692e+02   2.2321075e+01   2.8980452e-14   6.4177800e+02   1.0000000e+00   5.0787504e-03
   1.4725834e+06   1.2263715e-01   7.5701630e-02   4.7683127e-13   1.9833878e-01   1.0000000e+00   5.0759212e-03
   8.1681141e+04   9.9644323e+02   3.0924228e+01   2.5659166e-14   1.0273675e+03   1.0000000e+00   5.0705630e-03
   1.5192349e+06   1.0100349e-01   5.4427818e-02   5.3486909e-13   1.5543131e-01   1.0000000e+00   5.0454674e-03
   1.3704206e+06   6.4924925e-01   3.8858166e-01   2.2058025e-13   1.0378309e+00   1.0000000e+00   5.0298035e-03
   1.0254907e+05   6.7579998e+02   2.2274436e+01   2.8340573e-14   6.9807441e+02   1.0000000e+00   5.0284707e-03
   1.4218942e+06   9.9521009e-01   4.5927153e-01   1.9008405e-13   1.4544816e+00   1.0000000e+00   5.0218793e-03
   1.4448607e+06   1.8226659e-01   1.0231451e-01   4.0076016e-13   2.8458110e-01   1.0000000e+00   5.0217157e-03
   1.9359476e+05   1.8530187e+02   1.5805432e+01   3.9237078e-14   2.0110730e+02   1.0000000e+00   5.0166483e-03
   8.2658724e+04   1.0000000e+03   8.6378472e+01   2.5505166e-14   1.0863785e+03   1.0000000e+00   5.0006104e-03
   1.0023084e+05   7.3432190e+02   2.8190036e+01   2.7709335e-14   7.6251194e+02   1.0000000e+00   4.9927416e-03
   1.4398432e+06   1.0000000e-01   3.7140212e-02   5.8219435e-13   1.3714021e-01   1.0000000e+00   4.9902992e-03
   9.4485406e+04   7.2220250e+02   2.9355432e+01   2.7797854e-14   7.5155793e+02   1.0000000e+00   4.9862774e-03
   1.4551760e+06   3.8710825e-01   2.4856658e-01   2.7424048e-13   6.3567483e-01   1.0000000e+00   4.9829605e-03
   1.7639571e+05   2.3618980e+02   1.5354954e+01   3.6983156e-14   2.5154475e+02   1.0000000e+00   4.9799635e-03
   1.0057000e+05   6.6420808e+02   2.4483417e+01   2.8424903e-14   6.8869150e+02   1.0000000e+00   4.9778394e-03
   2.1440104e+05   1.7555290e+02   1.4656786e+01   3.9925693e-14   1.9020969e+02   1.0000000e+00   4.9665631e-03
   6.9912282e+05   1.1375845e+01   2.2064187e+00   8.5164217e-14   1.3582263e+01   1.0000000e+00   4.9602263e-03
   1.4279472e+06   3.4083105e-01   1.9113996e-01   2.9788949e-13   5.3197101e-01   1.0000000e+00   4.9505505e-03
   1.2965873e+06   1.0000000e-01   2.1500156e-02   6.6463045e-13   1.2150016e-01   1.0000000e+00   4.9373144e-03
   8.2657861e+04   1.0000000e+03   8.1020487e+01   2.5510056e-14   1.0810205e+03   1.0000000e+00   4.9257331e-03
   8.5910904e+04   8.7050429e+02   3.1669512e+01   2.6527757e-14   9.0217381e+02   1.0000000e+00   4.9250617e-03
   1.4445089e+06   5.1804662e-01   2.2989009e-01   2.5531329e-13   7.4793671e-01   1.0000000e+00   4.9247199e-03
   1.7165826e+05   2.3087781e+02   1.5908936e+01   3.7141075e-14   2.4678675e+02   1.0000000e+00   4.9234087e-03
   9.7782958e+04   7.7952830e+02   3.1281111e+01   2.7282023e-14   8.1080941e+02   1.0000000e+00   4.9178239e-03
   4.8913315e+05   1.3779389e+01   4.5566295e+00   7.8984731e-14   1.8336019e+01   1.0000000e+00   4.9075524e-03
   1.0875024e+05   6.0083035e+02   2.2743761e+01   2.9170681e-14   6.2357411e+02   1.0000000e+00   4.8989182e-03
   1.1489090e+06   1.0000000e-01   2.0069089e-02   6.7507991e-13   1.2006909e-01   1.0000000e+00   4.8981791e-03
   9.8902299e+04   6.6744006e+02   2.4378446e+01   2.8391986e-14   6.9181850e+02   1.0000000e+00   4.8822938e-03
   1.3731358e+06   1.0000000e-01   2.5871974e-02   6.3462651e-13   1.2587197e-01   1.0000000e+00   4.8761902e-03
   1.0418130e+06   1.0000000e-01   1.5182207e-02   7.2313132e-13   1.1518221e-01   1.0000000e+00   4.8680786e-03
   1.2131362e+05   4.2432179e+02   2.2472094e+01   3.1795733e-14   4.4679388e+02   1.0000000e+00   4.8531521e-03
   8.8345488e+04   8.4961214e+02   2.6811124e+01   2.6722389e-14   8.7642326e+02   1.0000000e+00   4.8508060e-03
   8.1645338e+04   1.0000000e+03   5.4060237e+01   2.5549513e-14   1.0540602e+03   1.0000000e+00   4.8419154e-03
   3.9467497e+05   3.0085064e+01   5.8042346e+00   6.3422163e-14   3.5889299e+01   1.0000000e+00   4.8275875e-03
   1.5877518e+06   1.0883868e-01   7.3972154e-02   4.9209011e-13   1.8281084e-01   1.0000000e+00   4.8267339e-03
   1.4175297e+06   1.6970057e-01   9.0974976e-02   4.1912618e-13   2.6067554e-01   1.0000000e+00   4.8235591e-03
   8.1495561e+04   9.8708291e+02   3.1448840e+01   2.5716155e-14   1.0185318e+03   1.0000000e+00   4.8217391e-03
   1.4542404e+06   4.9108520e-01   2.5882812e-01   2.5368544e-13   7.4991332e-01   1.0000000e+00   4.7961174e-03
   2.0559555e+05   1.6179675e+02   1.1581911e+01   4.0804763e-14   1.7337866e+02   1.0000000e+00   4.7863254e-03
   8.2751674e+04   9.1390974e+02   3.1053988e+01   2.6218946e-14   9.4496373e+02   1.0000000e+00   4.7854231e-03
   1.2394396e+05   3.7966527e+02   2.0792636e+01   3.2736301e-14   4.0045791e+02   1.0000000e+00   4.7846978e-03
   8.6067811e+05   1.0000000e-01   1.2434876e-02   7.6040545e-13   1.1243488e-01   1.0000000e+00   4.7800981e-03
   1.1247365e+06   1.0000009e-01   1.9789422e-02   6.7751165e-13   1.1978952e-01   1.0000000e+00   4.7714389e-03
   1.1003158e+05   6.1863237e+02   2.1453665e+01   2.8998994e-14   6.4008603e+02   1.0000000e+00   4.7543213e-03
   5.2992255e+05   1.5891638e+01   5.8045819e+00   7.4482118e-14   2.1696220e+01   1.0000000e+00   4.7480357e-03
   1.4121593e+06   2.9710362e-01   1.4783776e-01   3.2466796e-13   4.4494139e-01   1.0000000e+00   4.7333044e-03
   1.4998862e+06   2.7952400e-01   1.2793382e-01   3.3785976e-13   4.0745782e-01   1.0000000e+00   4.7244397e-03
   2.1719688e+05   1.2369614e+02   1.1005006e+01   4.3671624e-14   1.3470115e+02   1.0000000e+00   4.7199761e-03
   1.4931486e+06   1.2439442e-01   7.9530173e-02   4.6985869e-13   2.0392459e-01   1.0000000e+00   4.7181096e-03
   9.6167695e+04   6.8490598e+02   2.3455362e+01   2.8224965e-14   7.0836134e+02   1.0000000e+00   4.6853219e-03
   8.8528741e+04   8.6300317e+02   3.0278026e+01   2.6591853e-14   8.9328119e+02   1.0000000e+00   4.6852123e-03
   1.4995534e+06   1.4415406e+00   9.0796851e-01   1.5619533e-13   2.3495091e+00   1.0000000e+00   4.6810286e-03
   1.1243526e+05   5.7293956e+02   2.3196564e+01   2.9515390e-14   5.9613612e+02   1.0000000e+00   4.6731480e-03
   1.3750542e+06   3.6336240e+00   1.6717358e+00   1.1734164e-13   5.3053599e+00   1.0000000e+00   4.6515913e-03
   1.4519413e+06   1.0000000e-01   3.0939002e-02   6.0736095e-13   1.3093900e-01   1.0000000e+00   4.6412579e-03
   2.0184744e+05   1.4797204e+02   1.0596970e+01   4.1789449e-14   1.5856901e+02   1.0000000e+00   4.6338704e-03
   8.2141637e+04   9.6289995e+02   3.0256663e+01   2.5882706e-14   9.9315661e+02   1.0000000e+00   4.6065359e-03
   1.2085655e+05   4.2076960e+02   2.5524069e+01   3.1826592e-14   4.4629367e+02   1.0000000e+00   4.6036795e-03
   1.5945383e+05   2.8978956e+02   1.7535711e+01   3.5081415e-14   3.0732527e+02   1.0000000e+00   4.6000851e-03
   1.4282344e+06   1.0000000e-01   3.1149822e-02   6.0636584e-13   1.3114982e-01   1.0000000e+00   4.5822949e-03
   9.3569170e+04   8.0035002e+02   3.2451851e+01   2.7080661e-14   8.3280187e+02   1.0000000e+00   4.5807236e-03
   4.0397173e+05   3.3073700e+01   6.0210738e+00   6.1692502e-14   3.9094774e+01   1.0000000e+00   4.5763427e-03
   6.8709293e+05   7.7194147e+00   1.7604382e+00   9.5684488e-14   9.4798529e+00   1.0000000e+00   4.5696565e-03
   1.7646076e+05   2.3436638e+02   1.5345774e+01   3.7050830e-14   2.4971216e+02   1.0000000e+00   4.5548815e-03
   4.2570851e+05   2.6692903e+01   6.6667398e+00   6.5006900e-14   3.3359643e+01   1.0000000e+00   4.5448388e-03
   1.3170062e+06   1.0000000e-01   2.5198606e-02   6.3848713e-13   1.2519861e-01   1.0000000e+00   4.5337789e-03
   8.5163754e+04   9.8216936e+02   2.9215839e+01   2.5769837e-14   1.0113852e+03   1.0000000e+00   4.5097873e-03
   9.8833606e+05   1.0000000e-01   1.7111310e-02   7.0332581e-13   1.1711131e-01   1.0000000e+00   4.5029042e-03
   1.3914365e+06   1.6524864e-01   8.7013458e-02   4.2689339e-13   2.5226210e-01   1.0000000e+00   4.5026581e-03
   8.3731007e+04   9.3294451e+02   3.0121057e+01   2.6086041e-14   9.6306557e+02   1.0000000e+00   4.4983433e-03
   1.0610669e+06   1.0000017e-01   1.5128612e-02   7.2401807e-13   1.1512878e-01   1.0000000e+00   4.4679343e-03
   8.8173049e+04   8.3305502e+02   3.1522824e+01   2.6817716e-14   8.6457784e+02   1.0000000e+00   4.4652158e-03
   2.2131953e+05   1.3474933e+02   1.3196027e+01   4.2587206e-14   1.4794536e+02   1.0000000e+00   4.4551684e-03
   1.2935163e+06   1.0000000e-01   2.5549711e-02   6.3634282e-13   1.2554971e-01   1.0000000e+00   4.4485284e-03
   1.6179179e+05   2.2900746e+02   1.5583222e+01   3.7236780e-14   2.4459068e+02   1.0000000e+00   4.4467232e-03
   1.3418082e+05   3.8049807e+02   2.1211078e+01   3.2684707e-14   4.0170914e+02   1.0000000e+00   4.4383979e-03
   1.4492628e+06   8.6703032e-01   3.6670749e-01   2.0468709e-13   1.2337378e+00   1.0000000e+00   4.3951184e-03
   1.1400331e+06   1.0000000e-01   1.5845501e-02   7.1702505e-13   1.1584550e-01   1.0000000e+00   4.3840296e-03
   1.0158011e+06   1.0000000e-01   1.5894982e-02   7.1497618e-13   1.1589498e-01   1.0000000e+00   4.3812207e-03
   3.9895923e+05   3.1120384e+01   5.6730870e+00   6.2851539e-14   3.6793471e+01   1.0000000e+00   4.3139456e-03
   1.3463191e+06   1.0081152e-01   3.7986883e-02   5.8052598e-13   1.3879840e-01   1.0000000e+00   4.3069978e-03
   1.1363347e+05   5.2860115e+02   2.4702901e+01   3.0077027e-14   5.5330405e+02   1.0000000e+00   4.3003534e-03
   2.8352359e+05   6.9530270e+01   9.2411578e+00   5.0623001e-14   7.8771428e+01   1.0000000e+00   4.3000170e-03
   8.3667297e+04   1.0000000e+03   6.3998082e+01   2.5532502e-14   1.0639981e+03   1.0000000e+00   4.2838127e-03
   1.5612726e+05   3.0451873e+02   1.9396484e+01   3.4608218e-14   3.2391522e+02   1.0000000e+00   4.2767102e-03
   9.4441165e+04   7.8008783e+02   3.2484687e+01   2.7251672e-14   8.1257252e+02   1.0000000e+00   4.2759824e-03
   7.1871173e+05   6.9687003e+00   1.8169785e+00   9.7939060e-14   8.7856788e+00   1.0000000e+00   4.2738900e-03
   1.1285976e+05   5.2445803e+02   2.4718665e+01   3.0134019e-14   5.4917670e+02   1.0000000e+00   4.2456704e-03
   1.3427177e+06   1.4738771e+00   8.1890118e-01   1.5774078e-13   2.2927783e+00   1.0000000e+00   4.2251243e-03
   1.5182756e+05   2.6850395e+02   1.6852912e+01   3.5744962e-14   2.8535686e+02   1.0000000e+00   4.2099851e-03
   3.5284081e+05   4.6666226e+01   6.1381012e+00   5.6551556e-14   5.2804328e+01   1.0000000e+00   4.1959114e-03
   1.7050481e+05   2.5318563e+02   1.5782649e+01   3.6335056e-14   2.6896828e+02   1.0000000e+00   4.1701736e-03
   2.3677670e+05   9.2960048e+01   8.5387630e+00   4.7236084e-14   1.0149881e+02   1.0000000e+00   4.1534402e-03
   9.1748090e+04   8.3147139e+02   3.1564279e+01   2.6832102e-14   8.6303567e+02   1.0000000e+00   4.1483581e-03
   1.1370304e+06   1.0000000e-01   1.5691641e-02   7.1882525e-13   1.1569164e-01   1.0000000e+00   4.1423906e-03
   1.4286189e+06   3.3149125e-01   1.7422131e-01   3.0505351e-13   5.0571256e-01   1.0000000e+00   4.1423517e-03
   2.2252837e+05   1.2090338e+02   9.1882694e+00   4.4087376e-14   1.3009165e+02   1.0000000e+00   4.1100260e-03
   1.7093379e+05   2.2280484e+02   1.5766746e+01   3.7470874e-14   2.3857158e+02   1.0000000e+00   4.0936678e-03
   6.8137244e+05   1.1438771e+01   2.2220559e+00   8.4932031e-14   1.3660827e+01   1.0000000e+00   4.0875496e-03
   1.4813918e+06   2.1584290e-01   1.4382609e-01   3.5815280e-13   3.5966900e-01   1.0000000e+00   4.0856080e-03
   1.5633665e+05   3.1285214e+02   1.8348275e+01   3.4420649e-14   3.3120041e+02   1.0000000e+00   4.0632405e-03
   1.1181102e+06   1.0000000e-01   2.0834505e-02   6.6946906e-13   1.2083450e-01   1.0000000e+00   4.0617519e-03
   1.6659047e+05   2.8252333e+02   1.8054555e+01   3.5329739e-14   3.0057788e+02   1.0000000e+00   4.0612260e-03
   1.3963546e+06   6.8210182e-01   3.2676131e-01   2.2286296e-13   1.0088631e+00   1.0000000e+00   4.0537492e-03
   2.1251200e+05   1.5209209e+02   1.1770150e+01   4.1425259e-14   1.6386224e+02   1.0000000e+00   4.0533800e-03
   2.1346299e+05   1.7942689e+02   1.1564801e+01   3.9914188e-14   1.9099169e+02   1.0000000e+00   4.0509430e-03
   4.3304966e+05   3.7914970e+01   5.8767259e+00   5.9777809e-14   4.3791696e+01   1.0000000e+00   4.0429553e-03
   1.3642828e+05   3.6147589e+02   2.1220546e+01   3.3100770e-14   3.8269644e+02   1.0000000e+00   4.0412181e-03
   1.1207067e+06   1.0000000e-01   2.1197415e-02   6.6676871e-13   1.2119742e-01   1.0000000e+00   4.0229871e-03
   2.4183492e+05   1.1051324e+02   8.5189369e+00   4.5173144e-14   1.1903217e+02   1.0000000e+00   4.0187087e-03
   8.4410960e+04   1.0000000e+03   4.6156706e+01   2.5574061e-14   1.0461567e+03   1.0000000e+00   4.0163590e-03
