   8.0176265e+04   1.0000000e+03   1.0000000e+02   2.5553021e-14   1.1000000e+03   1.0000000e+00             Inf
   8.0231715e+05   1.0000000e-01   1.0000000e-02   8.0350129e-13   1.1000000e-01   1.0000000e+00             Inf
   9.8997791e+04   6.2800911e+02   2.3681870e+01   2.8897257e-14   6.5169098e+02   1.0000000e+00   1.5965340e-02
   1.6111390e+05   2.5832439e+02   1.6286003e+01   3.6202689e-14   2.7461039e+02   1.0000000e+00   1.5920080e-02
   1.5620454e+05   2.6778135e+02   1.7751967e+01   3.5827385e-14   2.8553331e+02   1.0000000e+00   1.4878034e-02
   2.1641043e+06   1.0000000e-01   6.9574332e-02   5.0192684e-13   1.6957433e-01   1.0000000e+00   1.4600708e-02
   8.9747996e+04   8.4670949e+02   2.7270088e+01   2.6813653e-14   8.7397958e+02   1.0000000e+00   1.3827898e-02
   2.1693844e+06   1.0118598e-01   6.4628482e-02   5.0996993e-13   1.6581447e-01   1.0000000e+00   1.3429927e-02
   9.6985011e+05   1.0000319e-01   1.4841854e-02   7.2874450e-13   1.1484504e-01   1.0000000e+00   1.3328749e-02
   9.4377662e+05   1.0000000e-01   1.3546073e-02   7.4539168e-13   1.1354607e-01   1.0000000e+00   1.3212670e-02
   2.2989101e+06   2.1691946e-01   2.0016085e-01   3.2668132e-13   4.1708031e-01   1.0000000e+00   1.3156042e-02
   2.2660751e+06   1.0000000e-01   7.7979762e-02   4.8867792e-13   1.7797976e-01   1.0000000e+00   1.3078793e-02
   9.4399773e+05   1.0000000e-01   1.3134219e-02   7.5121492e-13   1.1313422e-01   1.0000000e+00   1.2930962e-02
   2.2362287e+06   5.5802136e-01   3.9651169e-01   2.2820586e-13   9.5453304e-01   1.0000000e+00   1.2668912e-02
   9.5246354e+04   6.6015231e+02   2.2704589e+01   2.8557288e-14   6.8285690e+02   1.0000000e+00   1.2330289e-02
   1.1675534e+05   4.2661255e+02   1.9180758e+01   3.1885460e-14   4.4579331e+02   1.0000000e+00   1.2314557e-02
   2.3040366e+06   2.3189477e-01   1.7609534e-01   3.3113874e-13   4.0799011e-01   1.0000000e+00   1.2261647e-02
   1.1543608e+05   4.8466766e+02   1.8969930e+01   3.0893985e-14   5.0363759e+02   1.0000000e+00   1.2183124e-02
   1.2530112e+05   4.1258204e+02   1.8844649e+01   3.2155457e-14   4.3142669e+02   1.0000000e+00   1.2107190e-02
   5.1170824e+05   1.4650209e+01   3.3560888e+00   7.8127163e-14   1.8006298e+01   1.0000000e+00   1.2054983e-02
   2.2695835e+06   1.9715858e-01   1.6771087e-01   3.4740513e-13   3.6486945e-01   1.0000000e+00   1.1860027e-02
   7.9739060e+04   1.0000000e+03   5.0715173e+01   2.5614997e-14   1.0507152e+03   1.0000000e+00   1.1781374e-02
   1.0333071e+05   6.2030285e+02   2.0742969e+01   2.9035184e-14   6.4104582e+02   1.0000000e+00   1.1549811e-02
   8.8225962e+04   8.3923621e+02   2.6433150e+01   2.6871208e-14   8.6566936e+02   1.0000000e+00   1.1530898e-02
   2.7413547e+05   8.3970623e+01   8.9121209e+00   4.8435954e-14   9.2882744e+01   1.0000000e+00   1.1476079e-02
   2.1596808e+06   1.3864074e-01   1.1028311e-01   4.1583087e-13   2.4892385e-01   1.0000000e+00   1.1465295e-02
   8.5828762e+04   8.5628315e+02   3.1727243e+01   2.6693730e-14   8.8801039e+02   1.0000000e+00   1.1407765e-02
   1.6009693e+05   2.0962931e+02   1.3169171e+01   3.8275046e-14   2.2279848e+02   1.0000000e+00   1.1380544e-02
   1.4551015e+05   3.1137581e+02   1.7977671e+01   3.4506973e-14   3.2935349e+02   1.0000000e+00   1.1225257e-02
   9.0620601e+04   7.7207927e+02   2.8494576e+01   2.7409912e-14   8.0057384e+02   1.0000000e+00   1.1212166e-02
   7.9985375e+04   1.0000000e+03   6.5146007e+01   2.5587195e-14   1.0651460e+03   1.0000000e+00   1.1162914e-02
   1.3537101e+06   1.2548729e+00   6.8628545e-01   1.6874828e-13   1.9411583e+00   1.0000000e+00   1.1108377e-02
   1.0856292e+05   5.3798301e+02   2.0084776e+01   3.0081546e-14   5.5806778e+02   1.0000000e+00   1.0978986e-02
   2.3240513e+06   4.7021191e-01   3.2774038e-01   2.4727399e-13   7.9795229e-01   1.0000000e+00   1.0846965e-02
   1.4500835e+05   3.0421087e+02   1.8088678e+01   3.4697189e-14   3.2229955e+02   1.0000000e+00   1.0759505e-02
   9.5506798e+05   1.0000000e-01   1.5241885e-02   7.2418954e-13   1.1524188e-01   1.0000000e+00   1.0529634e-02
   6.1473225e+05   1.8366228e+01   3.8371067e+00   7.3380326e-14   2.2203335e+01   1.0000000e+00   1.0510322e-02
   1.5598933e+05   1.7880849e+02   1.1338414e+01   4.0146950e-14   1.9014690e+02   1.0000000e+00   1.0396412e-02
   2.6274360e+06   1.0093832e-01   8.7953670e-02   4.7628690e-13   1.8889199e-01   1.0000000e+00   1.0359049e-02
   1.3537101e+06   1.2564177e+00   8.2571215e-01   1.6471194e-13   2.0821299e+00   1.0000000e+00   1.0333188e-02
   2.1935197e+05   6.4909013e+01   7.5783320e+00   5.3049136e-14   7.2487345e+01   1.0000000e+00   1.0328492e-02
   1.1036341e+05   5.2051246e+02   2.2137610e+01   3.0294499e-14   5.4265007e+02   1.0000000e+00   1.0314756e-02
   9.6620530e+04   7.1154049e+02   2.8872529e+01   2.7971336e-14   7.4041302e+02   1.0000000e+00   1.0310725e-02
   2.3894167e+06   2.1857880e-01   2.1628711e-01   3.2092302e-13   4.3486591e-01   1.0000000e+00   1.0253910e-02
   1.6945846e+05   2.4802916e+02   1.6301537e+01   3.6602712e-14   2.6433070e+02   1.0000000e+00   1.0248327e-02
   2.1814101e+06   1.1906062e-01   1.1631654e-01   4.2766024e-13   2.3537717e-01   1.0000000e+00   1.0200145e-02
   1.9568845e+06   7.4685365e-01   5.8994019e-01   1.9670539e-13   1.3367938e+00   1.0000000e+00   1.0199476e-02
   2.3501174e+05   1.4056951e+02   1.2099953e+01   4.2476796e-14   1.5266947e+02   1.0000000e+00   1.0178957e-02
   9.5431017e+04   6.7702157e+02   2.3285794e+01   2.8369569e-14   7.0030736e+02   1.0000000e+00   1.0165604e-02
   2.3822317e+06   1.0000000e-01   8.2833493e-02   4.8218145e-13   1.8283349e-01   1.0000000e+00   1.0102955e-02
   1.1059726e+05   5.2841893e+02   2.2165686e+01   3.0183233e-14   5.5058462e+02   1.0000000e+00   1.0061069e-02
   1.0798060e+05   4.7240800e+02   2.3656165e+01   3.1038390e-14   4.9606417e+02   1.0000000e+00   1.0027741e-02
   9.9590165e+05   1.0000000e-01   1.7214945e-02   7.0306919e-13   1.1721494e-01   1.0000000e+00   1.0020731e-02
   2.1815760e+06   5.1256530e-01   3.7979934e-01   2.3383446e-13   8.9236463e-01   1.0000000e+00   1.0004395e-02
   2.3322185e+06   3.5076465e-01   3.3858711e-01   2.6136303e-13   6.8935176e-01   1.0000000e+00   1.0000927e-02
   8.5579948e+04   8.6696065e+02   2.8887490e+01   2.6632479e-14   8.9584814e+02   1.0000000e+00   9.9511754e-03
   7.7989729e+04   9.9994915e+02   7.2666748e+01   2.5581575e-14   1.0726159e+03   1.0000000e+00   9.8878278e-03
   2.4334800e+06   3.2095504e-01   3.0803060e-01   2.7246737e-13   6.2898565e-01   1.0000000e+00   9.8836682e-03
   2.1863359e+06   1.3780450e-01   1.0381054e-01   4.2233833e-13   2.4161504e-01   1.0000000e+00   9.8523529e-03
   1.8855697e+05   1.4534433e+02   1.2966089e+01   4.1962655e-14   1.5831042e+02   1.0000000e+00   9.8336923e-03
   1.4178227e+06   1.0002054e-01   2.8507235e-02   6.2141298e-13   1.2852778e-01   1.0000000e+00   9.7854637e-03
   1.0258445e+05   6.4980686e+02   2.2732243e+01   2.8681860e-14   6.7253911e+02   1.0000000e+00   9.7378704e-03
   2.1973705e+06   1.3589861e-01   1.1875330e-01   4.1108985e-13   2.5465191e-01   1.0000000e+00   9.7050308e-03
   1.2002519e+05   3.7970005e+02   1.8888300e+01   3.2848777e-14   3.9858835e+02   1.0000000e+00   9.6933654e-03
   2.2696779e+06   2.0602009e-01   1.8552240e-01   3.3620218e-13   3.9154249e-01   1.0000000e+00   9.6194359e-03
   2.6003558e+06   1.9681747e-01   1.8642049e-01   3.4115865e-13   3.8323796e-01   1.0000000e+00   9.5936870e-03
   9.6014500e+04   6.7097317e+02   2.2755845e+01   2.8439404e-14   6.9372901e+02   1.0000000e+00   9.5816636e-03
   1.5824112e+05   2.1592327e+02   1.5070002e+01   3.7910848e-14   2.3099327e+02   1.0000000e+00   9.5744685e-03
   1.2625307e+06   1.0000000e-01   2.1557574e-02   6.6576730e-13   1.2155757e-01   1.0000000e+00   9.5527468e-03
   9.0389862e+05   1.0000000e-01   1.3903730e-02   7.4093669e-13   1.1390373e-01   1.0000000e+00   9.5499140e-03
   1.2820969e+05   3.6947530e+02   1.9190979e+01   3.3035979e-14   3.8866628e+02   1.0000000e+00   9.5243967e-03
   1.4631461e+05   2.7287785e+02   1.7342450e+01   3.5669178e-14   2.9022030e+02   1.0000000e+00   9.5120462e-03
   8.1621669e+04   9.9449680e+02   3.0652079e+01   2.5736028e-14   1.0251489e+03   1.0000000e+00   9.5085688e-03
   1.1004608e+05   5.1458880e+02   2.1503370e+01   3.0389610e-14   5.3609217e+02   1.0000000e+00   9.5075403e-03
   8.8297299e+05   1.0000000e-01   1.2838857e-02   7.5545080e-13   1.1283886e-01   1.0000000e+00   9.4362068e-03
   7.9172618e+05   1.0000000e-01   1.0693318e-02   7.9069279e-13   1.1069332e-01   1.0000000e+00   9.2576396e-03
   2.2791149e+06   1.8081353e-01   1.5938860e-01   3.5880033e-13   3.4020213e-01   1.0000000e+00   9.2164671e-03
   1.6281709e+06   1.0000000e-01   4.1104213e-02   5.6840024e-13   1.4110421e-01   1.0000000e+00   9.2162949e-03
   1.3784422e+05   3.3155311e+02   1.6757994e+01   3.3997863e-14   3.4831110e+02   1.0000000e+00   9.2068671e-03
   2.2031328e+06   1.0000000e-01   9.4803558e-02   4.6758843e-13   1.9480356e-01   1.0000000e+00   9.1981349e-03
   8.0410570e+04   9.9396425e+02   4.7921757e+01   2.5660817e-14   1.0418860e+03   1.0000000e+00   9.1653997e-03
   5.9178573e+05   1.0917578e+01   2.0528079e+00   8.6702933e-14   1.2970385e+01   1.0000000e+00   9.1627020e-03
   2.6350298e+06   1.0000000e-01   1.2047894e-01   4.4232044e-13   2.2047894e-01   1.0000000e+00   9.1423219e-03
   1.2583223e+05   4.0263031e+02   2.0690724e+01   3.2310916e-14   4.2332104e+02   1.0000000e+00   9.1354842e-03
   2.9191764e+05   9.1589008e+01   8.4729093e+00   4.7699865e-14   1.0006192e+02   1.0000000e+00   9.1208814e-03
   2.8396544e+05   3.6941523e+01   9.4733779e+00   6.1027224e-14   4.6414901e+01   1.0000000e+00   9.1142366e-03
   1.0026892e+06   1.0000000e-01   1.8261059e-02   6.9342638e-13   1.1826106e-01   1.0000000e+00   9.1038968e-03
   8.9633073e+04   7.1808712e+02   2.8287937e+01   2.7919613e-14   7.4637506e+02   1.0000000e+00   9.0964008e-03
   9.0972122e+05   1.0000000e-01   1.2505666e-02   7.6027228e-13   1.1250567e-01   1.0000000e+00   9.0668933e-03
   1.3002293e+06   2.5432376e+00   1.4545873e+00   1.2869884e-13   3.9978249e+00   1.0000000e+00   8.9927656e-03
   1.4659313e+05   2.4243316e+02   1.5673112e+01   3.6838614e-14   2.5810627e+02   1.0000000e+00   8.9635675e-03
   9.0662564e+04   6.9925525e+02   2.7693869e+01   2.8109899e-14   7.2694912e+02   1.0000000e+00   8.9487069e-03
   1.6204592e+06   1.0000000e-01   4.9132924e-02   5.4533805e-13   1.4913292e-01   1.0000000e+00   8.9248601e-03
   1.4177049e+06   1.3225561e+00   5.3507155e-01   1.7319489e-13   1.8576276e+00   1.0000000e+00   8.8992687e-03
   1.3100108e+06   1.0000161e-01   2.6394563e-02   6.3276289e-13   1.2639617e-01   1.0000000e+00   8.8720261e-03
   1.0951599e+05   4.2501435e+02   1.5886989e+01   3.2055846e-14   4.4090134e+02   1.0000000e+00   8.8710863e-03
   1.3246633e+06   1.7644682e+00   9.0999204e-01   1.4880372e-13   2.6744602e+00   1.0000000e+00   8.8260325e-03
   1.2645791e+06   1.0000000e-01   2.7412476e-02   6.2719104e-13   1.2741248e-01   1.0000000e+00   8.8041741e-03
   7.9177464e+04   9.9997725e+02   5.5919417e+01   2.5603941e-14   1.0558967e+03   1.0000000e+00   8.7917911e-03
   1.0713234e+05   5.5262965e+02   2.1205718e+01   2.9862964e-14   5.7383537e+02   1.0000000e+00   8.7680608e-03
   1.2566108e+05   4.1552960e+02   2.0757252e+01   3.2062821e-14   4.3628685e+02   1.0000000e+00   8.7422255e-03
   1.2963816e+05   3.4889105e+02   1.7171690e+01   3.3562134e-14   3.6606274e+02   1.0000000e+00   8.7128420e-03
   8.5603519e+04   8.5205511e+02   2.8650070e+01   2.6748596e-14   8.8070518e+02   1.0000000e+00   8.7076186e-03
   9.5936793e+04   7.1203886e+02   2.3142956e+01   2.8023882e-14   7.3518181e+02   1.0000000e+00   8.7003104e-03
   2.2799812e+06   4.1050325e-01   3.1371723e-01   2.5619640e-13   7.2422048e-01   1.0000000e+00   8.6886875e-03
   8.2531969e+04   9.4169546e+02   3.0573648e+01   2.6082009e-14   9.7226911e+02   1.0000000e+00   8.6697316e-03
   1.2240217e+05   4.8875477e+02   2.0444441e+01   3.0850920e-14   5.0919921e+02   1.0000000e+00   8.6696958e-03
   9.4946305e+04   7.4530676e+02   3.0680647e+01   2.7640521e-14   7.7598740e+02   1.0000000e+00   8.5661494e-03
   8.0277049e+05   1.0000000e-01   1.2280120e-02   7.6560877e-13   1.1228012e-01   1.0000000e+00   8.5657929e-03
   7.9510031e+05   1.0000025e-01   1.0200239e-02   7.9963380e-13   1.1020049e-01   1.0000000e+00   8.5497741e-03
   2.1689179e+06   1.2170235e-01   1.0132316e-01   4.3795723e-13   2.2302551e-01   1.0000000e+00   8.5112351e-03
   1.1225534e+05   4.3482865e+02   1.9193235e+01   3.1755871e-14   4.5402188e+02   1.0000000e+00   8.4978176e-03
   1.7372441e+06   1.0006214e-01   5.1195738e-02   5.3927164e-13   1.5125788e-01   1.0000000e+00   8.4962560e-03
   2.2352270e+06   3.2940919e-01   2.6862383e-01   2.7774450e-13   5.9803302e-01   1.0000000e+00   8.4797397e-03
   1.4922555e+05   2.8683719e+02   1.6592628e+01   3.5249812e-14   3.0342982e+02   1.0000000e+00   8.4379417e-03
   8.0798735e+04   9.9831295e+02   6.2055774e+01   2.5603362e-14   1.0603687e+03   1.0000000e+00   8.4308581e-03
   1.6287284e+06   1.0000000e-01   3.8855194e-02   5.7638334e-13   1.3885519e-01   1.0000000e+00   8.4168771e-03
   6.2906511e+05   1.1070913e+01   3.3589389e+00   8.3503453e-14   1.4429852e+01   1.0000000e+00   8.4065666e-03
   9.4108661e+05   1.0000000e-01   1.6886802e-02   7.0766374e-13   1.1688680e-01   1.0000000e+00   8.3852424e-03
   2.6257530e+06   1.1624533e-01   1.2862474e-01   4.2000234e-13   2.4487007e-01   1.0000000e+00   8.3715461e-03
   2.3894167e+06   1.0000000e-01   8.1522916e-02   4.8414127e-13   1.8152292e-01   1.0000000e+00   8.3551873e-03
   2.1777121e+06   1.7771871e-01   1.7615180e-01   3.5311671e-13   3.5387051e-01   1.0000000e+00   8.3477308e-03
   1.4147166e+06   1.0000000e-01   2.3788199e-02   6.5220693e-13   1.2378820e-01   1.0000000e+00   8.3404489e-03
   2.2390634e+06   1.3983438e-01   1.1852420e-01   4.0828753e-13   2.5835858e-01   1.0000000e+00   8.3390034e-03
   2.6063608e+05   1.0324405e+02   7.7221220e+00   4.6280855e-14   1.1096617e+02   1.0000000e+00   8.2997554e-03
   2.2249686e+06   2.5000539e-01   2.6713566e-01   2.9748123e-13   5.1714105e-01   1.0000000e+00   8.2974837e-03
   8.4488617e+04   9.9180341e+02   2.8212411e+01   2.5790093e-14   1.0200158e+03   1.0000000e+00   8.2960619e-03
   2.3508258e+06   3.3010367e-01   2.4913806e-01   2.8326971e-13   5.7924173e-01   1.0000000e+00   8.2858609e-03
   1.3879273e+06   1.0000000e-01   3.4025684e-02   5.9528694e-13   1.3402568e-01   1.0000000e+00   8.2463183e-03
   1.5330102e+05   2.3280151e+02   1.5823415e+01   3.7175957e-14   2.4862492e+02   1.0000000e+00   8.2419995e-03
   1.1282886e+06   1.0000000e-01   1.9188069e-02   6.8416496e-13   1.1918807e-01   1.0000000e+00   8.2143001e-03
   8.9993770e+04   8.0177835e+02   2.8419000e+01   2.7157659e-14   8.3019735e+02   1.0000000e+00   8.2135096e-03
   7.9840637e+04   1.0000000e+03   3.2968443e+01   2.5682397e-14   1.0329684e+03   1.0000000e+00   8.1580296e-03
   8.1621278e+05   1.0000461e-01   1.1204533e-02   7.8146861e-13   1.1120915e-01   1.0000000e+00   8.1460076e-03
   2.4533717e+06   3.3871383e-01   3.1004848e-01   2.6903310e-13   6.4876231e-01   1.0000000e+00   8.1362651e-03
   2.3038870e+06   1.0000000e-01   7.4599421e-02   4.9431099e-13   1.7459942e-01   1.0000000e+00   8.1248156e-03
   1.8157010e+05   1.8324103e+02   1.2123804e+01   3.9603153e-14   1.9536483e+02   1.0000000e+00   8.1098036e-03
   2.3101524e+06   1.0000000e-01   1.0875180e-01   4.5350766e-13   2.0875180e-01   1.0000000e+00   8.0957762e-03
   8.0359787e+04   9.9400520e+02   4.9009056e+01   2.5657560e-14   1.0430143e+03   1.0000000e+00   8.0862139e-03
   1.6735806e+05   2.0072531e+02   1.2421751e+01   3.8709317e-14   2.1314706e+02   1.0000000e+00   8.0680751e-03
   1.2979903e+05   3.1656803e+02   1.7668136e+01   3.4407248e-14   3.3423617e+02   1.0000000e+00   8.0390068e-03
   1.1030739e+06   1.0000000e-01   2.0423633e-02   6.7389289e-13   1.2042363e-01   1.0000000e+00   8.0354620e-03
   9.8558691e+05   1.0002590e-01   1.4377837e-02   7.3455803e-13   1.1440373e-01   1.0000000e+00   8.0026591e-03
   1.5630970e+05   2.7815412e+02   1.7399365e+01   3.5514738e-14   2.9555349e+02   1.0000000e+00   7.9963370e-03
   1.0952777e+05   4.9248790e+02   2.0472781e+01   3.0743597e-14   5.1296068e+02   1.0000000e+00   7.9886764e-03
   5.7653407e+05   2.5666554e+01   3.3509488e+00   6.8826764e-14   2.9017502e+01   1.0000000e+00   7.9611042e-03
   2.2587891e+06   4.1982959e-01   4.0093078e-01   2.4225251e-13   8.2076037e-01   1.0000000e+00   7.9539861e-03
   2.4144015e+06   1.3579434e-01   1.3599303e-01   3.9892106e-13   2.7178738e-01   1.0000000e+00   7.9497541e-03
   1.2959898e+05   3.4307410e+02   1.6857640e+01   3.3714899e-14   3.5993174e+02   1.0000000e+00   7.9317022e-03
   8.8843518e+05   1.0566869e+01   2.0952606e+00   8.9381258e-14   1.2662129e+01   1.0000000e+00   7.9225403e-03
   1.0885298e+05   4.9761528e+02   2.0116755e+01   3.0671380e-14   5.1773204e+02   1.0000000e+00   7.9128509e-03
   1.0929375e+06   1.0000000e-01   1.8604527e-02   6.8931123e-13   1.1860453e-01   1.0000000e+00   7.8993141e-03
   1.4641744e+06   7.2799814e-01   3.8904500e-01   2.1233469e-13   1.1170431e+00   1.0000000e+00   7.8937103e-03
   9.3838116e+05   6.4684399e+00   1.1636358e+00   1.0591623e-13   7.6320757e+00   1.0000000e+00   7.8625295e-03
   1.3021876e+06   2.5187137e+00   9.6283340e-01   1.3587819e-13   3.4815471e+00   1.0000000e+00   7.8144279e-03
   8.8852970e+05   9.0861187e+00   2.1470064e+00   9.1637502e-14   1.1233125e+01   1.0000000e+00   7.8053235e-03
   1.6872163e+06   1.0000000e-01   4.9990058e-02   5.4258816e-13   1.4999006e-01   1.0000000e+00   7.7998910e-03
   1.2720508e+06   1.0000000e-01   2.4687439e-02   6.4319051e-13   1.2468744e-01   1.0000000e+00   7.7515762e-03
   1.4707546e+06   6.9806261e-01   3.2360918e-01   2.2170300e-13   1.0216718e+00   1.0000000e+00   7.7358482e-03
   9.5398864e+05   1.0000000e-01   1.5570911e-02   7.2055351e-13   1.1557091e-01   1.0000000e+00   7.7317494e-03
   1.0484700e+06   1.0000000e-01   1.7852846e-02   6.9639306e-13   1.1785285e-01   1.0000000e+00   7.7287795e-03
   9.0434573e+04   7.9706609e+02   2.8375111e+01   2.7198111e-14   8.2544120e+02   1.0000000e+00   7.7209334e-03
   8.4809916e+04   8.1947720e+02   3.0877927e+01   2.6998055e-14   8.5035513e+02   1.0000000e+00   7.6924928e-03
   2.1037173e+06   5.9312035e-01   5.8819579e-01   2.0817774e-13   1.1813161e+00   1.0000000e+00   7.6912105e-03
   1.3992104e+06   1.5140888e+00   6.8776505e-01   1.6089399e-13   2.2018538e+00   1.0000000e+00   7.6902954e-03
   1.0021117e+05   5.9803713e+02   2.2883155e+01   2.9261730e-14   6.2092029e+02   1.0000000e+00   7.6774878e-03
   9.0006593e+05   1.0000000e-01   1.4150669e-02   7.3796277e-13   1.1415067e-01   1.0000000e+00   7.6704304e-03
   4.1289486e+05   3.4408132e+01   6.5232015e+00   6.1032427e-14   4.0931333e+01   1.0000000e+00   7.6589272e-03
   7.7689760e+05   1.0001205e-01   1.0491490e-02   7.9460175e-13   1.1050354e-01   1.0000000e+00   7.5988427e-03
   9.0203225e+04   7.0228703e+02   2.8700853e+01   2.8073360e-14   7.3098788e+02   1.0000000e+00   7.5955827e-03
   1.0162931e+05   5.7254157e+02   2.1507641e+01   2.9601093e-14   5.9404921e+02   1.0000000e+00   7.5920182e-03
   1.4262492e+05   3.2614007e+02   1.7050910e+01   3.4139860e-14   3.4319098e+02   1.0000000e+00   7.5843008e-03
   1.2680656e+06   1.0000005e-01   2.3847883e-02   6.4875382e-13   1.2384793e-01   1.0000000e+00   7.5679060e-03
   2.6350297e+06   1.0000000e-01   1.1337479e-01   4.4844678e-13   2.1337479e-01   1.0000000e+00   7.5445918e-03
   1.4013571e+06   1.0000000e-01   3.4492013e-02   5.9328328e-13   1.3449201e-01   1.0000000e+00   7.5343448e-03
   1.4499150e+05   2.8210262e+02   1.6527314e+01   3.5396549e-14   2.9862993e+02   1.0000000e+00   7.5015601e-03
   9.5213919e+04   6.3752134e+02   2.0807228e+01   2.8838997e-14   6.5832857e+02   1.0000000e+00   7.5011386e-03
   2.6257530e+06   1.4960571e-01   1.3931299e-01   3.8895707e-13   2.8891871e-01   1.0000000e+00   7.4970138e-03
   8.3291725e+04   8.7333934e+02   2.9874929e+01   2.6578794e-14   9.0321427e+02   1.0000000e+00   7.4788964e-03
   8.2283473e+04   8.9756301e+02   2.9702196e+01   2.6400561e-14   9.2726521e+02   1.0000000e+00   7.4474976e-03
   8.4872541e+04   8.0802104e+02   3.0846265e+01   2.7095431e-14   8.3886731e+02   1.0000000e+00   7.4306986e-03
   2.1900137e+05   1.3467318e+02   1.3462700e+01   4.2684943e-14   1.4813588e+02   1.0000000e+00   7.4300329e-03
   1.4207584e+06   1.2508391e+00   5.3351417e-01   1.7556055e-13   1.7843533e+00   1.0000000e+00   7.4196994e-03
   1.3640885e+06   1.0950803e+00   5.8828951e-01   1.7884378e-13   1.6833698e+00   1.0000000e+00   7.4119115e-03
   2.6234240e+06   1.0000000e-01   1.0564911e-01   4.5587639e-13   2.0564911e-01   1.0000000e+00   7.3944994e-03
   1.1482543e+06   4.3331452e+00   2.0764249e+00   1.0944612e-13   6.4095701e+00   1.0000000e+00   7.3776149e-03
   8.2824352e+04   9.0691497e+02   3.0987811e+01   2.6322424e-14   9.3790279e+02   1.0000000e+00   7.3587793e-03
   1.1034605e+05   5.2506318e+02   2.2148168e+01   3.0229818e-14   5.4721135e+02   1.0000000e+00   7.3569680e-03
   2.2611425e+06   1.7828589e-01   1.4923496e-01   3.6531729e-13   3.2752085e-01   1.0000000e+00   7.3363066e-03
   1.3859712e+06   1.0037661e-01   3.1060258e-02   6.0760961e-13   1.3143687e-01   1.0000000e+00   7.3313396e-03
   2.1736264e+06   1.4850016e-01   1.1787115e-01   4.0270574e-13   2.6637131e-01   1.0000000e+00   7.3187363e-03
   8.0227438e+04   9.8777895e+02   2.8324324e+01   2.5792011e-14   1.0161033e+03   1.0000000e+00   7.3116382e-03
   2.2997085e+06   5.2992166e-01   5.3892616e-01   2.1762224e-13   1.0688478e+00   1.0000000e+00   7.2909064e-03
   9.2834127e+05   2.8782721e+00   1.5778056e+00   1.2540803e-13   4.4560777e+00   1.0000000e+00   7.2909019e-03
   1.4265218e+06   1.0000000e-01   3.5417718e-02   5.8942660e-13   1.3541772e-01   1.0000000e+00   7.2496235e-03
   9.5997969e+04   6.6717818e+02   2.2746084e+01   2.8479676e-14   6.8992426e+02   1.0000000e+00   7.2468476e-03
   2.1464524e+05   1.6003258e+02   1.2523287e+01   4.1038593e-14   1.7255587e+02   1.0000000e+00   7.2261561e-03
   2.1707556e+06   1.0044664e-01   6.3877302e-02   5.1237091e-13   1.6432394e-01   1.0000000e+00   7.2231809e-03
   2.3018344e+06   1.4242757e-01   1.2107889e-01   4.0460880e-13   2.6350646e-01   1.0000000e+00   7.1822913e-03
   7.9015133e+04   1.0000000e+03   3.0345094e+01   2.5698774e-14   1.0303451e+03   1.0000000e+00   7.1557463e-03
   1.2669525e+06   1.0000000e-01   2.5142178e-02   6.4029013e-13   1.2514218e-01   1.0000000e+00   7.1557206e-03
   1.2676136e+06   1.0000000e-01   2.4207614e-02   6.4631979e-13   1.2420761e-01   1.0000000e+00   7.1520314e-03
   1.9971129e+06   6.2960309e-01   6.7142306e-01   2.0089506e-13   1.3010262e+00   1.0000000e+00   7.1144997e-03
   9.5953385e+04   6.7994916e+02   2.7472285e+01   2.8294097e-14   7.0742145e+02   1.0000000e+00   7.1132556e-03
   1.0709676e+05   5.5779663e+02   2.1726149e+01   2.9786809e-14   5.7952277e+02   1.0000000e+00   7.1127462e-03
   9.4956205e+04   6.9369132e+02   2.7567270e+01   2.8153494e-14   7.2125859e+02   1.0000000e+00   7.1077257e-03
   9.5510853e+04   7.3600183e+02   2.8289113e+01   2.7745673e-14   7.6429095e+02   1.0000000e+00   7.0993013e-03
   1.0208682e+06   1.0000000e-01   1.6299065e-02   7.1211457e-13   1.1629907e-01   1.0000000e+00   7.0342553e-03
   2.1806924e+06   1.0000000e-01   6.2651025e-02   5.1558695e-13   1.6265103e-01   1.0000000e+00   6.9981124e-03
   7.8234821e+04   1.0000000e+03   7.6006430e+01   2.5576515e-14   1.0760064e+03   1.0000000e+00   6.9850918e-03
   8.3630722e+04   8.8392850e+02   3.0246246e+01   2.6495354e-14   9.1417474e+02   1.0000000e+00   6.9609952e-03
   1.4236605e+06   1.0002012e-01   2.9356220e-02   6.1683861e-13   1.2937634e-01   1.0000000e+00   6.9604035e-03
   2.0854926e+06   6.6935014e-01   5.7625900e-01   2.0306677e-13   1.2456091e+00   1.0000000e+00   6.9453375e-03
   8.7941223e+04   8.3127104e+02   2.6173462e+01   2.6935273e-14   8.5744451e+02   1.0000000e+00   6.9048146e-03
   2.5666836e+06   1.5539076e-01   1.6127739e-01   3.7200069e-13   3.1666815e-01   1.0000000e+00   6.9014598e-03
   1.6146427e+06   1.0000000e-01   4.7497448e-02   5.4952947e-13   1.4749745e-01   1.0000000e+00   6.8923949e-03
   2.5388838e+05   9.6667064e+01   8.9997398e+00   4.6750183e-14   1.0566680e+02   1.0000000e+00   6.8855141e-03
   2.6404852e+06   1.0000000e-01   1.1720624e-01   4.4506537e-13   2.1720624e-01   1.0000000e+00   6.8464872e-03
   1.5696411e+06   1.0000000e-01   4.3214604e-02   5.6185101e-13   1.4321460e-01   1.0000000e+00   6.8438288e-03
   1.0008130e+05   6.2001591e+02   1.9198519e+01   2.9057790e-14   6.3921442e+02   1.0000000e+00   6.8365671e-03
   2.1641043e+06   1.3868433e-01   1.3790602e-01   3.9652847e-13   2.7659035e-01   1.0000000e+00   6.8251434e-03
   1.6458900e+06   1.0118236e-01   5.9430641e-02   5.2165875e-13   1.6061301e-01   1.0000000e+00   6.8129538e-03
   2.4154547e+06   3.1856916e-01   2.8837920e-01   2.7669250e-13   6.0694835e-01   1.0000000e+00   6.8115364e-03
   8.6926486e+05   2.5005942e+00   8.7573530e-01   1.3901094e-13   3.3763295e+00   1.0000000e+00   6.8095418e-03
   1.2978337e+06   1.5442876e+00   1.0337295e+00   1.5191101e-13   2.5780171e+00   1.0000000e+00   6.7866228e-03
   1.1137894e+06   1.0000000e-01   2.0987272e-02   6.6945276e-13   1.2098727e-01   1.0000000e+00   6.7845619e-03
   1.3973144e+05   2.9515153e+02   1.7319304e+01   3.4984997e-14   3.1247083e+02   1.0000000e+00   6.7685955e-03
   8.4769284e+04   8.6922832e+02   2.9608388e+01   2.6609643e-14   8.9883670e+02   1.0000000e+00   6.7661594e-03
   1.9188653e+06   8.6359202e-01   6.6997407e-01   1.8614560e-13   1.5335661e+00   1.0000000e+00   6.7316735e-03
   8.1827995e+04   9.2810681e+02   2.9266704e+01   2.6184738e-14   9.5737351e+02   1.0000000e+00   6.7271478e-03
   8.5638733e+04   8.5496669e+02   2.8468450e+01   2.6727461e-14   8.8343514e+02   1.0000000e+00   6.7122940e-03
   3.9574516e+05   4.1568284e+01   5.8505675e+00   5.8530621e-14   4.7418852e+01   1.0000000e+00   6.7110173e-03
   3.6536951e+05   4.8588665e+01   6.0550268e+00   5.6218609e-14   5.4643692e+01   1.0000000e+00   6.7002698e-03
   8.7955721e+04   7.7918362e+02   2.8602932e+01   2.7349577e-14   8.0778655e+02   1.0000000e+00   6.6606858e-03
   1.7195270e+06   1.0000000e-01   5.6960971e-02   5.2673647e-13   1.5696097e-01   1.0000000e+00   6.6328380e-03
   2.0113052e+05   1.2636667e+02   1.1972790e+01   4.3518021e-14   1.3833946e+02   1.0000000e+00   6.6280050e-03
   1.1005037e+06   1.0000000e-01   1.8829288e-02   6.8728152e-13   1.1882929e-01   1.0000000e+00   6.6157177e-03
   7.8323219e+05   1.0000013e-01   1.1729632e-02   7.7442207e-13   1.1172976e-01   1.0000000e+00   6.6124813e-03
   1.2785536e+05   3.6040368e+02   1.8024091e+01   3.3270624e-14   3.7842777e+02   1.0000000e+00   6.6099047e-03
   9.6329143e+04   6.8191590e+02   2.2832658e+01   2.8325173e-14   7.0474855e+02   1.0000000e+00   6.5650109e-03
   3.0117370e+05   5.8830015e+01   7.9113197e+00   5.3094939e-14   6.6741335e+01   1.0000000e+00   6.5524066e-03
   2.1798563e+06   1.0000000e-01   5.8499617e-02   5.2502617e-13   1.5849962e-01   1.0000000e+00   6.5303796e-03
   8.4533623e+04   8.2706505e+02   2.6646880e+01   2.6968882e-14   8.5371193e+02   1.0000000e+00   6.5262325e-03
   9.5849850e+04   6.6234928e+02   2.3525235e+01   2.8521616e-14   6.8587451e+02   1.0000000e+00   6.5252810e-03
   9.4212931e+05   4.6639610e+00   1.3637874e+00   1.1134250e-13   6.0277484e+00   1.0000000e+00   6.5111436e-03
   1.8597215e+05   1.7265492e+02   1.2110747e+01   4.0194270e-14   1.8476566e+02   1.0000000e+00   6.4987187e-03
   1.3957257e+06   1.0025997e-01   3.2850039e-02   5.9969751e-13   1.3311001e-01   1.0000000e+00   6.4928475e-03
   2.2354509e+06   1.7729428e-01   1.5668980e-01   3.6184479e-13   3.3398408e-01   1.0000000e+00   6.4905194e-03
   7.7029999e+05   1.0001172e-01   1.0390000e-02   7.9660409e-13   1.1040172e-01   1.0000000e+00   6.4686436e-03
   1.1576183e+05   4.6575451e+02   1.9298964e+01   3.1189825e-14   4.8505348e+02   1.0000000e+00   6.4559995e-03
   8.8190026e+04   7.3970303e+02   2.9355083e+01   2.7707993e-14   7.6905812e+02   1.0000000e+00   6.4309934e-03
   7.9776111e+04   9.7133911e+02   3.0492548e+01   2.5883414e-14   1.0018317e+03   1.0000000e+00   6.4284014e-03
   1.2628280e+06   1.0000000e-01   3.1146516e-02   6.0941030e-13   1.3114652e-01   1.0000000e+00   6.4228383e-03
   9.5635665e+04   6.3951808e+02   2.0316600e+01   2.8821773e-14   6.5983468e+02   1.0000000e+00   6.4176526e-03
   8.2887721e+05   1.0000501e-01   1.0974555e-02   7.8522580e-13   1.1097956e-01   1.0000000e+00   6.4171801e-03
   8.8528177e+04   7.9346530e+02   2.8337313e+01   2.7226577e-14   8.2180261e+02   1.0000000e+00   6.3943667e-03
   1.9664309e+06   7.9034054e-01   6.1205010e-01   1.9303209e-13   1.4023906e+00   1.0000000e+00   6.3841598e-03
   1.1755910e+05   4.5015240e+02   1.9370899e+01   3.1452798e-14   4.6952330e+02   1.0000000e+00   6.3579870e-03
   1.1519839e+06   1.5603179e+00   7.3304501e-01   1.5887869e-13   2.2933629e+00   1.0000000e+00   6.3496899e-03
   1.0634343e+05   5.6805851e+02   2.1739463e+01   2.9652896e-14   5.8979797e+02   1.0000000e+00   6.3342352e-03
   2.2439791e+06   2.4206333e-01   2.6138684e-01   3.0117619e-13   5.0345017e-01   1.0000000e+00   6.3258077e-03
   2.2646109e+06   1.7882446e-01   1.8066681e-01   3.5036834e-13   3.5949127e-01   1.0000000e+00   6.3224545e-03
   2.1038497e+05   1.0791048e+02   1.2779471e+01   4.5287100e-14   1.2068995e+02   1.0000000e+00   6.3206093e-03
   1.3258747e+05   3.9455339e+02   1.8483589e+01   3.2544945e-14   4.1303698e+02   1.0000000e+00   6.3113257e-03
   8.1769672e+04   9.4641314e+02   3.0390910e+01   2.6050510e-14   9.7680406e+02   1.0000000e+00   6.3017100e-03
   2.5927512e+06   1.4738224e-01   1.5754886e-01   3.7878658e-13   3.0493110e-01   1.0000000e+00   6.2989125e-03
   1.7292090e+06   1.0000000e-01   5.5238336e-02   5.3018387e-13   1.5523834e-01   1.0000000e+00   6.2915679e-03
   1.2863981e+06   1.0000000e-01   2.2190112e-02   6.6118456e-13   1.2219011e-01   1.0000000e+00   6.2836173e-03
   2.0744764e+05   1.2048746e+02   1.2113003e+01   4.4015967e-14   1.3260046e+02   1.0000000e+00   6.2549470e-03
   2.6172625e+06   1.0044239e-01   1.0085808e-01   4.6048888e-13   2.0130047e-01   1.0000000e+00   6.2187458e-03
   9.5877209e+04   6.8522949e+02   2.7602844e+01   2.8238833e-14   7.1283233e+02   1.0000000e+00   6.2048164e-03
   9.0850521e+05   1.0000000e-01   1.2618765e-02   7.5855544e-13   1.1261876e-01   1.0000000e+00   6.1979830e-03
   8.1184614e+04   1.0000000e+03   8.2746087e+01   2.5567508e-14   1.0827461e+03   1.0000000e+00   6.1899397e-03
   8.4806056e+04   9.7419556e+02   3.0659701e+01   2.5881720e-14   1.0048553e+03   1.0000000e+00   6.1661775e-03
   2.3266599e+06   4.4397845e-01   4.3337039e-01   2.3593417e-13   8.7734884e-01   1.0000000e+00   6.1527926e-03
   1.1814836e+05   4.5969448e+02   1.9050462e+01   3.1298957e-14   4.7874494e+02   1.0000000e+00   6.1502626e-03
   8.0185050e+04   1.0000000e+03   8.0280583e+01   2.5568738e-14   1.0802806e+03   1.0000000e+00   6.1391508e-03
   9.7702792e+05   4.0175217e+00   1.4029035e+00   1.1515667e-13   5.4204252e+00   1.0000000e+00   6.1325538e-03
   2.5639032e+06   1.5402746e-01   1.5723909e-01   3.7493348e-13   3.1126655e-01   1.0000000e+00   6.1190475e-03
   6.3217599e+05   1.3857783e+01   3.2135312e+00   7.9128620e-14   1.7071315e+01   1.0000000e+00   6.0810385e-03
   3.3866397e+05   3.2970346e+01   6.7350587e+00   6.2239871e-14   3.9705405e+01   1.0000000e+00   6.0798400e-03
   9.4324010e+04   6.4246051e+02   2.2813347e+01   2.8758776e-14   6.6527386e+02   1.0000000e+00   6.0782508e-03
   8.8166166e+05   1.0000013e-01   1.1885474e-02   7.6986862e-13   1.1188560e-01   1.0000000e+00   6.0697151e-03
   2.2705853e+06   2.3881470e-01   2.1184577e-01   3.1526094e-13   4.5066047e-01   1.0000000e+00   6.0648478e-03
   1.6078546e+05   2.3871335e+02   1.6133363e+01   3.6906188e-14   2.5484671e+02   1.0000000e+00   6.0527037e-03
   8.2814710e+04   9.1240189e+02   3.0988918e+01   2.6283054e-14   9.4339081e+02   1.0000000e+00   6.0497640e-03
   1.3321612e+05   3.9127490e+02   1.8704467e+01   3.2607625e-14   4.0997937e+02   1.0000000e+00   6.0398167e-03
   7.9997267e+04   8.9344495e+02   2.9576988e+01   2.6444106e-14   9.2302194e+02   1.0000000e+00   6.0395191e-03
   9.4130407e+04   7.6131052e+02   3.0676413e+01   2.7496601e-14   7.9198694e+02   1.0000000e+00   6.0366175e-03
   8.8453936e+04   8.0806201e+02   2.6305800e+01   2.7122185e-14   8.3436781e+02   1.0000000e+00   6.0274008e-03
   9.7278210e+05   2.4691002e+00   1.3979403e+00   1.3198731e-13   3.8670405e+00   1.0000000e+00   6.0061374e-03
   9.8296812e+04   6.0631208e+02   1.9404318e+01   2.9220237e-14   6.2571640e+02   1.0000000e+00   6.0042962e-03
   2.5899286e+06   1.3773311e-01   1.4386441e-01   3.9298829e-13   2.8159752e-01   1.0000000e+00   5.9984686e-03
   2.0961405e+05   1.3381183e+02   1.1264949e+01   4.2886694e-14   1.4507678e+02   1.0000000e+00   5.9946410e-03
   8.4866124e+04   8.1397400e+02   3.0865629e+01   2.7044384e-14   8.4483963e+02   1.0000000e+00   5.9666391e-03
   2.5876456e+05   1.0502352e+02   8.6200407e+00   4.5935337e-14   1.1364356e+02   1.0000000e+00   5.9471255e-03
   2.2823891e+06   2.4894379e-01   2.2162428e-01   3.0917466e-13   4.7056807e-01   1.0000000e+00   5.9440717e-03
   1.4018357e+06   1.0027848e-01   3.1929680e-02   6.0370765e-13   1.3220816e-01   1.0000000e+00   5.9357074e-03
   9.7510134e+05   1.0000000e-01   1.6052259e-02   7.1506394e-13   1.1605226e-01   1.0000000e+00   5.9078629e-03
   9.8419230e+04   6.9698012e+02   2.2228403e+01   2.8191889e-14   7.1920853e+02   1.0000000e+00   5.8927373e-03
   1.0157036e+05   5.6388191e+02   2.1965185e+01   2.9709756e-14   5.8584709e+02   1.0000000e+00   5.8851075e-03
   7.8419964e+04   9.4841769e+02   3.0728296e+01   2.6043597e-14   9.7914599e+02   1.0000000e+00   5.8833140e-03
   1.2866854e+06   1.4247606e+00   9.9807140e-01   1.5611055e-13   2.4228320e+00   1.0000000e+00   5.8825628e-03
   1.3673143e+06   1.0000000e-01   2.9026778e-02   6.1827295e-13   1.2902678e-01   1.0000000e+00   5.8808080e-03
   1.1576585e+05   4.6143054e+02   1.9628844e+01   3.1255294e-14   4.8105939e+02   1.0000000e+00   5.8758880e-03
   1.6652966e+05   2.0561297e+02   1.2728284e+01   3.8457533e-14   2.1834126e+02   1.0000000e+00   5.8712881e-03
   2.0857002e+05   1.2340802e+02   1.1947331e+01   4.3740878e-14   1.3535536e+02   1.0000000e+00   5.8578632e-03
   1.8304702e+05   1.8387942e+02   1.4212563e+01   3.9457470e-14   1.9809199e+02   1.0000000e+00   5.8558132e-03
   1.2133153e+06   9.8791032e-01   5.2244860e-01   1.8885216e-13   1.5103589e+00   1.0000000e+00   5.8438069e-03
   1.2661951e+05   3.3616647e+02   1.6830721e+01   3.3913297e-14   3.5299719e+02   1.0000000e+00   5.8151476e-03
   1.6149557e+05   2.2044375e+02   1.4956556e+01   3.7694770e-14   2.3540030e+02   1.0000000e+00   5.8150568e-03
   1.2702790e+05   3.8505794e+02   1.8708246e+01   3.2709198e-14   4.0376619e+02   1.0000000e+00   5.7899977e-03
   1.3889925e+06   1.0074918e-01   2.7477572e-02   6.2588497e-13   1.2822676e-01   1.0000000e+00   5.7873153e-03
   1.1730628e+05   4.7266397e+02   2.0184137e+01   3.1063685e-14   4.9284811e+02   1.0000000e+00   5.7659163e-03
   1.2219044e+06   1.0000000e-01   2.2880199e-02   6.5524158e-13   1.2288020e-01   1.0000000e+00   5.7487492e-03
   1.4277836e+05   3.2120229e+02   1.6667743e+01   3.4276765e-14   3.3787003e+02   1.0000000e+00   5.7386136e-03
   2.2351768e+06   1.7834353e-01   1.4164392e-01   3.6957067e-13   3.1998744e-01   1.0000000e+00   5.7341559e-03
   2.3811591e+06   3.2162409e-01   3.4338115e-01   2.6616325e-13   6.6500524e-01   1.0000000e+00   5.7295695e-03
   9.5938660e+05   1.0000000e-01   1.6623158e-02   7.0959206e-13   1.1662316e-01   1.0000000e+00   5.7217766e-03
   8.5215851e+04   9.1861654e+02   2.9414994e+01   2.6255936e-14   9.4803154e+02   1.0000000e+00   5.6914202e-03
   8.0208631e+04   1.0000000e+03   9.3947634e+01   2.5557146e-14   1.0939476e+03   1.0000000e+00   5.6893001e-03
   1.9520418e+05   1.7228557e+02   1.0958074e+01   4.0319968e-14   1.8324365e+02   1.0000000e+00   5.6743747e-03
   2.8036918e+05   6.7930289e+01   7.6068207e+00   5.1281127e-14   7.5537110e+01   1.0000000e+00   5.6685171e-03
   1.0065434e+05   6.0596882e+02   2.2836924e+01   2.9165057e-14   6.2880575e+02   1.0000000e+00   5.6604878e-03
   8.3676107e+04   9.0385147e+02   2.9505372e+01   2.6354794e-14   9.3335685e+02   1.0000000e+00   5.6518851e-03
   2.3144022e+06   2.6621984e-01   2.5812627e-01   2.9473596e-13   5.2434610e-01   1.0000000e+00   5.6306833e-03
   1.2466639e+05   3.5600910e+02   1.6867172e+01   3.3420453e-14   3.7287627e+02   1.0000000e+00   5.6301441e-03
   1.4425242e+05   2.9884415e+02   1.9121902e+01   3.4823020e-14   3.1796605e+02   1.0000000e+00   5.6270234e-03
   2.0600230e+05   1.1496663e+02   1.0636501e+01   4.4698806e-14   1.2560313e+02   1.0000000e+00   5.6252802e-03
   2.6268664e+06   1.0000000e-01   9.0198294e-02   4.7412785e-13   1.9019829e-01   1.0000000e+00   5.6210595e-03
   5.6807542e+05   2.7404151e+01   4.4930529e+00   6.6595013e-14   3.1897204e+01   1.0000000e+00   5.6163307e-03
   2.4928799e+06   1.4531808e-01   1.5218122e-01   3.8274527e-13   2.9749930e-01   1.0000000e+00   5.6155938e-03
   8.3838899e+04   8.7862779e+02   2.9602631e+01   2.6539459e-14   9.0823042e+02   1.0000000e+00   5.5881025e-03
   1.4801852e+05   2.5312046e+02   1.5723447e+01   3.6408024e-14   2.6884391e+02   1.0000000e+00   5.5743587e-03
   8.1586916e+04   9.5282686e+02   3.0386899e+01   2.6007159e-14   9.8321376e+02   1.0000000e+00   5.5731860e-03
   2.6512728e+06   1.0104138e-01   9.1509791e-02   4.7157423e-13   1.9255117e-01   1.0000000e+00   5.5656126e-03
   1.4364630e+06   1.0167677e+00   5.5547158e-01   1.8365904e-13   1.5722393e+00   1.0000000e+00   5.5556299e-03
   1.6011039e+05   2.2255054e+02   1.6170757e+01   3.7564938e-14   2.3872129e+02   1.0000000e+00   5.5451759e-03
   1.0180592e+05   5.4209859e+02   2.1679651e+01   3.0016012e-14   5.6377825e+02   1.0000000e+00   5.5317968e-03
   1.4893471e+06   6.7001961e-01   3.2330238e-01   2.2405011e-13   9.9332198e-01   1.0000000e+00   5.5223229e-03
   2.3445055e+06   2.5571730e-01   2.9923826e-01   2.8921451e-13   5.5495556e-01   1.0000000e+00   5.5175034e-03
   8.0137948e+04   1.0000000e+03   9.8764254e+01   2.5553823e-14   1.0987643e+03   1.0000000e+00   5.5080036e-03
   1.5556958e+06   1.0000000e-01   3.9924412e-02   5.7239361e-13   1.3992441e-01   1.0000000e+00   5.4987202e-03
   2.1474338e+06   1.3042910e-01   1.0145738e-01   4.3026663e-13   2.3188648e-01   1.0000000e+00   5.4854349e-03
   8.7172899e+05   1.0000000e-01   1.2070634e-02   7.6693571e-13   1.1207063e-01   1.0000000e+00   5.4761095e-03
   2.2195363e+06   1.7792462e-01   1.4537837e-01   3.6754451e-13   3.2330299e-01   1.0000000e+00   5.4742723e-03
   1.4774395e+05   2.8945279e+02   1.8076617e+01   3.5126832e-14   3.0752941e+02   1.0000000e+00   5.4707544e-03
   9.9000881e+04   5.9190023e+02   2.1250599e+01   2.9366250e-14   6.1315083e+02   1.0000000e+00   5.4631411e-03
   1.0260180e+05   6.4525615e+02   2.2721684e+01   2.8729786e-14   6.6797783e+02   1.0000000e+00   5.4552373e-03
   1.3254940e+06   1.0029645e-01   2.5544297e-02   6.3762454e-13   1.2584075e-01   1.0000000e+00   5.4485084e-03
   1.4277893e+06   1.0000000e-01   3.0130623e-02   6.1285890e-13   1.3013062e-01   1.0000000e+00   5.4423014e-03
   7.8258138e+05   1.0000079e-01   1.0901435e-02   7.8740007e-13   1.1090223e-01   1.0000000e+00   5.4403493e-03
   2.3144794e+06   2.6794868e-01   2.6317371e-01   2.9311074e-13   5.3112239e-01   1.0000000e+00   5.4333243e-03
   9.5682357e+05   2.6213063e+00   1.0593337e+00   1.3314696e-13   3.6806399e+00   1.0000000e+00   5.3519497e-03
   1.1018954e+06   1.0000000e-01   2.0195741e-02   6.7570337e-13   1.2019574e-01   1.0000000e+00   5.3497222e-03
   9.0814051e+04   7.6005298e+02   2.7996980e+01   2.7520558e-14   7.8804996e+02   1.0000000e+00   5.3494950e-03
   2.1447054e+06   1.2947421e-01   1.0056422e-01   4.3192385e-13   2.3003843e-01   1.0000000e+00   5.3323450e-03
   1.2679032e+06   2.2169906e+00   8.6276753e-01   1.4180544e-13   3.0797581e+00   1.0000000e+00   5.3310425e-03
   1.4893469e+06   6.8099837e-01   3.6903367e-01   2.1795924e-13   1.0500320e+00   1.0000000e+00   5.2884335e-03
   8.2513846e+04   9.3687448e+02   3.0485578e+01   2.6115407e-14   9.6736006e+02   1.0000000e+00   5.2854016e-03
   8.2544778e+04   9.3570191e+02   3.0542635e+01   2.6123072e-14   9.6624454e+02   1.0000000e+00   5.2804597e-03
   1.0740879e+05   5.4138221e+02   2.1043460e+01   3.0017285e-14   5.6242567e+02   1.0000000e+00   5.2760879e-03
   8.8960079e+04   7.6731494e+02   2.8288864e+01   2.7455247e-14   7.9560380e+02   1.0000000e+00   5.2708215e-03
   1.0994689e+05   5.5694472e+02   2.1229958e+01   2.9816430e-14   5.7817467e+02   1.0000000e+00   5.2687803e-03
   1.1334974e+05   4.0134775e+02   2.0388135e+01   3.2408124e-14   4.2173589e+02   1.0000000e+00   5.2625343e-03
   1.5914942e+06   1.0000000e-01   4.6727472e-02   5.5179881e-13   1.4672747e-01   1.0000000e+00   5.2603832e-03
   1.2937326e+05   3.6565584e+02   1.7027182e+01   3.3173056e-14   3.8268302e+02   1.0000000e+00   5.2561984e-03
   3.5557365e+05   5.3549935e+01   5.7296034e+00   5.5044424e-14   5.9279539e+01   1.0000000e+00   5.2511687e-03
   1.6251517e+06   1.0004758e-01   4.4456187e-02   5.5777942e-13   1.4450377e-01   1.0000000e+00   5.2494016e-03
   1.3018662e+05   3.6174649e+02   1.3936950e+01   3.3364441e-14   3.7568344e+02   1.0000000e+00   5.2399144e-03
   1.5965449e+06   1.0000000e-01   4.3987816e-02   5.5937074e-13   1.4398782e-01   1.0000000e+00   5.2349269e-03
   9.8530655e+04   6.1421855e+02   1.9432394e+01   2.9123310e-14   6.3365095e+02   1.0000000e+00   5.2300647e-03
   2.0717314e+05   1.1039662e+02   1.2429812e+01   4.5061966e-14   1.2282644e+02   1.0000000e+00   5.2231838e-03
   1.2762797e+06   2.1727051e+00   7.5921579e-01   1.4529513e-13   2.9319208e+00   1.0000000e+00   5.2080935e-03
   1.4620695e+05   2.9953913e+02   1.6810662e+01   3.4866479e-14   3.1634979e+02   1.0000000e+00   5.2043627e-03
   5.7503138e+05   2.0937912e+01   3.7051718e+00   7.1163485e-14   2.4643084e+01   1.0000000e+00   5.1723574e-03
   8.1853471e+04   9.5470316e+02   3.0502709e+01   2.5994077e-14   9.8520587e+02   1.0000000e+00   5.1714694e-03
   1.1875622e+05   4.4076554e+02   1.9569933e+01   3.1613528e-14   4.6033547e+02   1.0000000e+00   5.1605621e-03
   1.4998023e+06   1.0000000e-01   3.7741116e-02   5.8025740e-13   1.3774112e-01   1.0000000e+00   5.1383167e-03
   1.6404645e+06   1.0000000e-01   3.9891793e-02   5.7267711e-13   1.3989179e-01   1.0000000e+00   5.1294907e-03
   7.9821870e+04   9.9996932e+02   8.7111070e+01   2.5562766e-14   1.0870804e+03   1.0000000e+00   5.1240909e-03
   2.9861139e+05   4.8745023e+01   8.5428641e+00   5.5799882e-14   5.7287887e+01   1.0000000e+00   5.1173577e-03
   1.7140295e+05   2.2988463e+02   1.6405457e+01   3.7265969e-14   2.4629009e+02   1.0000000e+00   5.1169707e-03
   2.2962609e+06   1.0000000e-01   7.2049485e-02   4.9861574e-13   1.7204949e-01   1.0000000e+00   5.0997060e-03
   2.1675226e+06   1.6470634e-01   1.3357698e-01   3.8164822e-13   2.9828332e-01   1.0000000e+00   5.0953753e-03
   8.8629001e+04   8.1905438e+02   2.6287330e+01   2.7033015e-14   8.4534171e+02   1.0000000e+00   5.0741481e-03
   7.9193248e+04   9.9998496e+02   9.2529260e+01   2.5559179e-14   1.0925142e+03   1.0000000e+00   5.0734721e-03
   8.2341321e+04   9.2975820e+02   3.1001066e+01   2.6160831e-14   9.6075927e+02   1.0000000e+00   5.0704923e-03
   5.8568359e+05   1.8349758e+01   3.9905885e+00   7.3016133e-14   2.2340347e+01   1.0000000e+00   5.0677747e-03
   7.1556186e+05   1.3597518e+01   2.5214193e+00   8.1522973e-14   1.6118938e+01   1.0000000e+00   5.0581927e-03
   8.5224052e+04   9.1435518e+02   2.7090992e+01   2.6304534e-14   9.4144617e+02   1.0000000e+00   5.0402168e-03
   1.0679498e+05   5.4692318e+02   2.1768428e+01   2.9930193e-14   5.6869161e+02   1.0000000e+00   5.0400624e-03
   9.9629524e+04   5.8862174e+02   2.1471477e+01   2.9401687e-14   6.1009322e+02   1.0000000e+00   5.0272418e-03
   1.2911051e+05   3.2237338e+02   1.7940168e+01   3.4241414e-14   3.4031355e+02   1.0000000e+00   5.0136861e-03
   8.1848733e+04   9.5818273e+02   3.0666285e+01   2.5969815e-14   9.8884901e+02   1.0000000e+00   5.0116111e-03
   2.2384724e+06   2.4495667e-01   2.1779291e-01   3.1141896e-13   4.6274958e-01   1.0000000e+00   5.0104249e-03
   2.3010070e+06   2.4064055e-01   2.0031885e-01   3.1872119e-13   4.4095940e-01   1.0000000e+00   5.0078448e-03
   2.4094721e+06   3.9628564e-01   3.6671748e-01   2.5065004e-13   7.6300312e-01   1.0000000e+00   5.0026715e-03
   1.1795968e+05   4.4633374e+02   1.9241996e+01   3.1521873e-14   4.6557574e+02   1.0000000e+00   5.0018190e-03
   9.5660085e+04   6.8489104e+02   2.7564563e+01   2.8242595e-14   7.1245560e+02   1.0000000e+00   4.9905148e-03
   1.6525921e+06   1.0000000e-01   3.7169622e-02   5.8322042e-13   1.3716962e-01   1.0000000e+00   4.9849569e-03
   1.6235201e+06   1.0000000e-01   3.8093872e-02   5.7922373e-13   1.3809387e-01   1.0000000e+00   4.9808636e-03
   7.9906383e+05   1.0000000e-01   1.0012603e-02   8.0325510e-13   1.1001260e-01   1.0000000e+00   4.9715712e-03
   8.4419288e+04   9.2425273e+02   2.9147260e+01   2.6216122e-14   9.5339999e+02   1.0000000e+00   4.9611348e-03
   2.6044820e+06   1.4777944e-01   1.6095157e-01   3.7675538e-13   3.0873101e-01   1.0000000e+00   4.9586678e-03
   2.3704716e+06   3.1889080e-01   2.4759045e-01   2.8592910e-13   5.6648126e-01   1.0000000e+00   4.9567098e-03
   8.0821283e+05   6.8168793e+00   1.0827469e+00   1.0438339e-13   7.8996262e+00   1.0000000e+00   4.9476991e-03
   7.9784897e+04   1.0000000e+03   8.8373599e+01   2.5561550e-14   1.0883736e+03   1.0000000e+00   4.9449503e-03
   9.4979947e+05   1.0000005e-01   1.5800289e-02   7.1817504e-13   1.1580034e-01   1.0000000e+00   4.9404793e-03
   1.4655265e+05   2.2813274e+02   1.5274925e+01   3.7466551e-14   2.4340767e+02   1.0000000e+00   4.9068135e-03
   4.3951664e+05   2.7153373e+01   7.6143321e+00   6.4461152e-14   3.4767705e+01   1.0000000e+00   4.8816042e-03
   1.2658285e+05   3.8031641e+02   1.8692647e+01   3.2810451e-14   3.9900906e+02   1.0000000e+00   4.8764918e-03
   1.6942084e+06   1.0000000e-01   5.3876502e-02   5.3349249e-13   1.5387650e-01   1.0000000e+00   4.8764847e-03
   8.2099227e+04   9.6330614e+02   3.0214830e+01   2.5939731e-14   9.9352097e+02   1.0000000e+00   4.8709561e-03
   2.4578498e+06   1.2722124e-01   1.0165641e-01   4.3441279e-13   2.2887765e-01   1.0000000e+00   4.8615635e-03
   2.5412249e+05   9.3271699e+01   8.0400873e+00   4.7302212e-14   1.0131179e+02   1.0000000e+00   4.8524742e-03
   2.1765954e+05   1.5274865e+02   1.2185122e+01   4.1521582e-14   1.6493377e+02   1.0000000e+00   4.8414048e-03
   2.6263471e+06   1.4910153e-01   1.4412857e-01   3.8601328e-13   2.9323010e-01   1.0000000e+00   4.8348684e-03
   2.1973705e+06   1.9548910e-01   1.9134376e-01   3.3860720e-13   3.8683286e-01   1.0000000e+00   4.8311995e-03
   2.2643259e+06   4.2646655e-01   4.2646671e-01   2.3859313e-13   8.5293326e-01   1.0000000e+00   4.8092942e-03
   1.1365082e+06   1.0000000e-01   2.2357212e-02   6.5931348e-13   1.2235721e-01   1.0000000e+00   4.8078574e-03
   1.0148438e+06   3.1962814e+00   1.9106460e+00   1.1889694e-13   5.1069273e+00   1.0000000e+00   4.8066619e-03
   8.1405262e+04   9.8160901e+02   3.0404657e+01   2.5818269e-14   1.0120137e+03   1.0000000e+00   4.7969099e-03
   1.5589082e+06   1.0000000e-01   4.2130238e-02   5.6522537e-13   1.4213024e-01   1.0000000e+00   4.7656169e-03
   9.2129109e+05   8.3522733e+00   2.0682068e+00   9.3867885e-14   1.0420480e+01   1.0000000e+00   4.7603806e-03
   1.6870849e+05   1.6358292e+02   1.2611215e+01   4.0874195e-14   1.7619414e+02   1.0000000e+00   4.7550889e-03
   1.2537403e+06   1.0000043e-01   2.1189888e-02   6.6861539e-13   1.2119032e-01   1.0000000e+00   4.7379312e-03
   1.1944501e+05   5.0006424e+02   2.1457675e+01   3.0643139e-14   5.2152191e+02   1.0000000e+00   4.7214395e-03
   3.0077042e+05   5.4911653e+01   8.0613150e+00   5.4043699e-14   6.2972968e+01   1.0000000e+00   4.7061006e-03
   2.2647692e+06   1.0000000e-01   7.3999808e-02   4.9499579e-13   1.7399981e-01   1.0000000e+00   4.6945188e-03
   1.4567961e+05   2.9112002e+02   1.8080316e+01   3.5075313e-14   3.0920033e+02   1.0000000e+00   4.6749748e-03
   1.9154631e+05   1.6687647e+02   1.2130452e+01   4.0535502e-14   1.7900692e+02   1.0000000e+00   4.6726929e-03
   2.8288755e+05   9.6003275e+01   8.5538704e+00   4.7104350e-14   1.0455715e+02   1.0000000e+00   4.6690983e-03
   1.0484687e+06   1.0000000e-01   1.7490328e-02   6.9986856e-13   1.1749033e-01   1.0000000e+00   4.6673536e-03
   2.3061864e+06   1.0000728e-01   7.2473855e-02   4.9796159e-13   1.7248114e-01   1.0000000e+00   4.6549744e-03
   8.2568271e+05   1.0000505e-01   1.1350844e-02   7.7888889e-13   1.1135589e-01   1.0000000e+00   4.6319804e-03
   1.2606868e+06   2.1898500e+00   7.5910148e-01   1.4494624e-13   2.9489515e+00   1.0000000e+00   4.6201754e-03
   1.0834455e+05   5.0526061e+02   2.0620582e+01   3.0545967e-14   5.2588119e+02   1.0000000e+00   4.6060867e-03
   1.9646243e+05   1.1682870e+02   1.2702977e+01   4.4487837e-14   1.2953168e+02   1.0000000e+00   4.6056487e-03
   2.2563937e+06   1.0155880e-01   9.5679945e-02   4.6442187e-13   1.9723874e-01   1.0000000e+00   4.5883368e-03
   2.9399411e+05   5.7880807e+01   7.8514823e+00   5.3368741e-14   6.5732289e+01   1.0000000e+00   4.5839605e-03
   1.0679506e+05   5.4662959e+02   2.1763052e+01   2.9934249e-14   5.6839264e+02   1.0000000e+00   4.5774590e-03
   8.9787418e+04   7.2053519e+02   2.9757668e+01   2.7882779e-14   7.5029286e+02   1.0000000e+00   4.5764155e-03
   3.9397517e+05   3.0384590e+01   6.6815860e+00   6.3028416e-14   3.7066176e+01   1.0000000e+00   4.5678209e-03
   2.1707844e+06   1.2180597e-01   1.0360963e-01   4.3570263e-13   2.2541561e-01   1.0000000e+00   4.5614572e-03
   9.9055714e+04   5.9657427e+02   2.0829726e+01   2.9313587e-14   6.1740399e+02   1.0000000e+00   4.5605380e-03
   2.5934755e+06   1.3666616e-01   1.4403022e-01   3.9361775e-13   2.8069638e-01   1.0000000e+00   4.5552221e-03
   1.2889461e+06   1.0025624e-01   2.5770304e-02   6.3605209e-13   1.2602654e-01   1.0000000e+00   4.5409613e-03
   3.5157747e+05   4.4440121e+01   7.2666542e+00   5.7064845e-14   5.1706775e+01   1.0000000e+00   4.5337653e-03
   2.5036448e+06   3.8319953e-01   3.6025940e-01   2.5412484e-13   7.4345893e-01   1.0000000e+00   4.5178803e-03
   8.9148777e+04   7.8060769e+02   2.8037127e+01   2.7339388e-14   8.0864481e+02   1.0000000e+00   4.4998845e-03
   1.1518582e+05   5.0720097e+02   2.0590727e+01   3.0526565e-14   5.2779170e+02   1.0000000e+00   4.4984885e-03
   1.3205625e+05   3.4050785e+02   1.7117189e+01   3.3764629e-14   3.5762504e+02   1.0000000e+00   4.4903852e-03
   1.5342761e+06   1.0003830e-01   4.5881818e-02   5.5479001e-13   1.4592012e-01   1.0000000e+00   4.4862891e-03
   2.4122096e+06   3.9429059e-01   3.6534258e-01   2.5113871e-13   7.5963317e-01   1.0000000e+00   4.4843904e-03
   8.3871395e+04   8.7732673e+02   2.9650019e+01   2.6548875e-14   9.0697675e+02   1.0000000e+00   4.4842181e-03
   8.8444379e+04   7.8517528e+02   2.8225514e+01   2.7298938e-14   8.1340080e+02   1.0000000e+00   4.4699462e-03
   1.0515263e+06   1.0000000e-01   1.7533635e-02   6.9943846e-13   1.1753363e-01   1.0000000e+00   4.4678517e-03
   2.7318797e+05   7.9302138e+01   7.4135372e+00   4.9365756e-14   8.6715676e+01   1.0000000e+00   4.4635630e-03
   9.8530612e+04   6.1425959e+02   1.9297769e+01   2.9125285e-14   6.3355736e+02   1.0000000e+00   4.4588298e-03
   1.2702807e+05   3.8505685e+02   1.8698121e+01   3.2709448e-14   4.0375497e+02   1.0000000e+00   4.4552522e-03
   1.3839255e+06   1.0000014e-01   3.0145032e-02   6.1260533e-13   1.3014518e-01   1.0000000e+00   4.4338605e-03
   8.2377892e+05   1.0000489e-01   1.1429294e-02   7.7764434e-13   1.1143418e-01   1.0000000e+00   4.4263419e-03
   1.2225729e+05   3.9837126e+02   1.8598482e+01   3.2439473e-14   4.1696974e+02   1.0000000e+00   4.3883740e-03
   1.5493134e+05   2.2555919e+02   1.5637873e+01   3.7480935e-14   2.4119706e+02   1.0000000e+00   4.3872381e-03
   8.8190073e+04   7.3965877e+02   2.9351292e+01   2.7708449e-14   7.6901006e+02   1.0000000e+00   4.3826617e-03
   2.2306685e+05   1.5048239e+02   1.1946657e+01   4.1729610e-14   1.6242905e+02   1.0000000e+00   4.3782830e-03
   1.1137895e+06   1.0000000e-01   1.9559102e-02   6.8089174e-13   1.1955910e-01   1.0000000e+00   4.3781556e-03
   9.8941013e+05   1.0002622e-01   1.4349232e-02   7.3496983e-13   1.1437545e-01   1.0000000e+00   4.3767982e-03
   1.2234644e+05   3.9901314e+02   1.8680015e+01   3.2424315e-14   4.1769316e+02   1.0000000e+00   4.3735928e-03
   1.4801850e+05   2.5314607e+02   1.5626657e+01   3.6410295e-14   2.6877273e+02   1.0000000e+00   4.3535870e-03
   2.6444693e+06   1.0000000e-01   1.1428440e-01   4.4764227e-13   2.1428440e-01   1.0000000e+00   4.3500667e-03
   2.1256551e+06   5.9160716e-01   5.7747296e-01   2.0899601e-13   1.1690801e+00   1.0000000e+00   4.3488108e-03
   2.2279049e+06   5.8402223e-01   5.5423907e-01   2.1153044e-13   1.1382613e+00   1.0000000e+00   4.3389567e-03
   1.5543128e+06   1.0000000e-01   4.2314251e-02   5.6469370e-13   1.4231425e-01   1.0000000e+00   4.3385059e-03
   1.0157922e+05   5.7657536e+02   2.1427339e+01   2.9549875e-14   5.9800270e+02   1.0000000e+00   4.3358103e-03
   2.3018343e+06   1.0154767e-01   9.5906061e-02   4.6402082e-13   1.9745374e-01   1.0000000e+00   4.3166680e-03
   1.7212768e+05   2.0524510e+02   1.3931276e+01   3.8406272e-14   2.1917637e+02   1.0000000e+00   4.2870039e-03
   1.5998953e+05   2.1723391e+02   1.5460046e+01   3.7825634e-14   2.3269395e+02   1.0000000e+00   4.2845458e-03
   2.3022929e+06   1.0000000e-01   1.0058059e-01   4.6106609e-13   2.0058059e-01   1.0000000e+00   4.2578149e-03
   1.1059002e+05   5.1022759e+02   2.0494902e+01   3.0470614e-14   5.3072249e+02   1.0000000e+00   4.2503079e-03
   1.6866855e+06   1.0000000e-01   5.2790691e-02   5.3598049e-13   1.5279069e-01   1.0000000e+00   4.2465576e-03
   1.3107899e+06   1.0000169e-01   2.6172256e-02   6.3409214e-13   1.2617395e-01   1.0000000e+00   4.2283798e-03
   1.0331424e+05   6.4949675e+02   2.2835352e+01   2.8688698e-14   6.7233211e+02   1.0000000e+00   4.2086341e-03
   4.3426770e+05   2.0378439e+01   7.4862730e+00   6.9936173e-14   2.7864712e+01   1.0000000e+00   4.2082835e-03
   8.9878125e+04   7.8709315e+02   2.7920866e+01   2.7284612e-14   8.1501402e+02   1.0000000e+00   4.2071094e-03
   1.1497812e+05   4.5518971e+02   1.9266593e+01   3.1369539e-14   4.7445630e+02   1.0000000e+00   4.1909864e-03
   1.0680868e+05   5.7696152e+02   2.1773660e+01   2.9542431e-14   5.9873518e+02   1.0000000e+00   4.1766415e-03
   2.5080247e+05   1.0765113e+02   8.9432790e+00   4.5571179e-14   1.1659440e+02   1.0000000e+00   4.1709662e-03
   2.5036448e+06   3.8159606e-01   3.0534382e-01   2.6395023e-13   6.8693988e-01   1.0000000e+00   4.1666932e-03
   1.1247533e+06   2.8860466e+00   1.6888228e+00   1.2290094e-13   4.5748693e+00   1.0000000e+00   4.1446171e-03
   2.1628379e+05   1.5675863e+02   1.2057077e+01   4.1277030e-14   1.6881570e+02   1.0000000e+00   4.1436625e-03
   2.5172561e+05   8.1227925e+01   8.0426806e+00   4.8995004e-14   8.9270605e+01   1.0000000e+00   4.1428767e-03
   2.2349462e+06   2.3052898e-01   2.6694174e-01   3.0398670e-13   4.9747072e-01   1.0000000e+00   4.1268575e-03
   8.8761180e+04   8.1033708e+02   2.6412202e+01   2.7102811e-14   8.3674928e+02   1.0000000e+00   4.1252567e-03
   8.3676161e+04   9.0381881e+02   2.9603878e+01   2.6354299e-14   9.3342268e+02   1.0000000e+00   4.1200478e-03
   7.9808083e+04   9.7812997e+02   3.0421113e+01   2.5839070e-14   1.0085511e+03   1.0000000e+00   4.1065337e-03
   2.2352269e+06   2.2349285e-01   2.6705279e-01   3.0654876e-13   4.9054564e-01   1.0000000e+00   4.1028736e-03
   8.5354226e+04   8.8955725e+02   2.9118756e+01   2.6463288e-14   9.1867600e+02   1.0000000e+00   4.1028013e-03
   9.5333821e+04   7.2302156e+02   2.8307997e+01   2.7863699e-14   7.5132956e+02   1.0000000e+00   4.1013844e-03
