   2.0000000e+07   2.0786092e+06   1.0000000e-01   1.0000000e-01   4.0699698e-13   2.0000000e-01   1.0000000e+00             Inf
   1.4685728e+07   8.0616566e+04   1.5745566e+02   1.0000000e+03   2.5492804e-14   1.1574557e+03   1.0000000e+00             Inf
   1.4305444e+07   8.0632465e+04   6.8672379e+01   1.0000000e+03   2.5494557e-14   1.0686724e+03   1.0000000e+00   3.2227215e-02
   1.9657560e+07   8.0325097e+04   3.4524217e+01   1.0000000e+03   2.5494674e-14   1.0345242e+03   1.0000000e+00   2.9921471e-02
   2.0000000e+07   9.3673629e+04   4.9503516e+00   7.6325747e+02   2.7278202e-14   7.6820782e+02   1.0000000e+00   1.6880123e-02
   1.9711252e+07   9.2028982e+04   4.7469000e+00   7.4894318e+02   2.7406388e-14   7.5369008e+02   1.0000000e+00   1.6156898e-02
   2.0000000e+07   1.7498745e+05   4.6879544e+00   2.2999318e+02   3.6772400e-14   2.3468114e+02   1.0000000e+00   1.5710070e-02
   1.9330063e+07   1.8429912e+06   1.0000000e-01   1.8800391e-01   3.2192737e-13   2.8800391e-01   1.0000000e+00   1.5617661e-02
   1.9998499e+07   1.0384045e+06   1.2804732e-01   1.5738837e+00   1.5128861e-13   1.7019310e+00   1.0000000e+00   1.5084940e-02
   2.0000000e+07   1.7521145e+05   4.6662270e+00   2.4236995e+02   3.6325205e-14   2.4703618e+02   1.0000000e+00   1.4926279e-02
   1.9326287e+07   1.8332726e+06   1.0000000e-01   1.8042385e-01   3.2672256e-13   2.8042385e-01   1.0000000e+00   1.4539677e-02
   1.9970662e+07   9.5191236e+05   1.3656957e-01   2.5990497e+00   1.2816711e-13   2.7356193e+00   1.0000000e+00   1.3902888e-02
   1.9985590e+07   1.0757155e+05   3.8127999e+00   6.1357158e+02   2.8815352e-14   6.1738438e+02   1.0000000e+00   1.3619376e-02
   1.9919572e+07   8.0110117e+04   3.7258390e+00   1.0000000e+03   2.5519847e-14   1.0037258e+03   1.0000000e+00   1.3493488e-02
   1.4592661e+07   8.0367155e+04   1.1604576e+02   1.0000000e+03   2.5493271e-14   1.1160458e+03   1.0000000e+00   1.3488129e-02
   2.0000000e+07   1.0427870e+06   1.0000000e-01   2.4650391e+00   1.3166834e-13   2.5650391e+00   1.0000000e+00   1.3468476e-02
   1.9816669e+07   1.2029712e+05   2.6369112e+00   4.5737045e+02   3.0993916e-14   4.6000736e+02   1.0000000e+00   1.3420874e-02
   1.9535680e+07   1.2719550e+05   1.1697956e+00   4.0955940e+02   3.1922898e-14   4.1072919e+02   1.0000000e+00   1.3149913e-02
   1.9817991e+07   1.1972460e+05   2.6449408e+00   4.6615219e+02   3.0848941e-14   4.6879713e+02   1.0000000e+00   1.2880193e-02
   1.9958989e+07   9.1587853e+05   1.4257629e-01   2.1890781e+00   1.3586431e-13   2.3316544e+00   1.0000000e+00   1.2549755e-02
   1.9927103e+07   8.6829496e+04   3.0459196e+00   7.9625550e+02   2.7014420e-14   7.9930142e+02   1.0000000e+00   1.2445877e-02
   1.5263884e+07   8.0628538e+04   1.0531946e+02   1.0000000e+03   2.5493279e-14   1.1053195e+03   1.0000000e+00   1.2397566e-02
   1.9996127e+07   8.0346947e+04   1.2852811e+01   9.9995351e+02   2.5499956e-14   1.0128063e+03   1.0000000e+00   1.2386223e-02
   2.0000000e+07   3.2596574e+05   1.4240657e+00   8.8688444e+01   4.7358708e-14   9.0112509e+01   1.0000000e+00   1.2259118e-02
   1.9918502e+07   7.8508765e+04   3.8988788e+00   9.9348687e+02   2.5564187e-14   9.9738575e+02   1.0000000e+00   1.1944112e-02
   1.9860369e+07   9.9434165e+04   3.8074295e+00   6.4974474e+02   2.8393347e-14   6.5355217e+02   1.0000000e+00   1.1928802e-02
   1.9923662e+07   1.1200508e+06   1.0000000e-01   1.4279901e+00   1.5672914e-13   1.5279901e+00   1.0000000e+00   1.1579092e-02
   1.9713022e+07   9.6915530e+04   1.8959890e+00   6.7567605e+02   2.8151260e-14   6.7757204e+02   1.0000000e+00   1.1423145e-02
   2.0000000e+07   3.8538432e+05   1.1571139e+00   3.9277144e+01   5.7667896e-14   4.0434258e+01   1.0000000e+00   1.1383924e-02
   1.9997658e+07   1.6718810e+05   4.7340249e+00   1.8438398e+02   3.8949421e-14   1.8911800e+02   1.0000000e+00   1.1352745e-02
   1.9535213e+07   1.3297212e+05   1.2136119e+00   3.9057972e+02   3.2307327e-14   3.9179333e+02   1.0000000e+00   1.1221562e-02
   1.9731439e+07   9.6374512e+04   4.6604317e+00   6.8271882e+02   2.8042488e-14   6.8737925e+02   1.0000000e+00   1.1157947e-02
   1.9889419e+07   9.6009370e+05   1.6003894e-01   2.7930867e+00   1.2508067e-13   2.9531257e+00   1.0000000e+00   1.1157631e-02
   1.9926116e+07   9.0071431e+04   4.1126199e+00   8.0360333e+02   2.6935305e-14   8.0771595e+02   1.0000000e+00   1.1141131e-02
   2.0000000e+07   9.3067567e+04   2.8075519e+00   7.3597175e+02   2.7540508e-14   7.3877931e+02   1.0000000e+00   1.1011327e-02
   1.9911283e+07   2.4157027e+05   1.8807701e+00   1.4095719e+02   4.1789426e-14   1.4283796e+02   1.0000000e+00   1.1008239e-02
   1.9988920e+07   1.1284554e+06   1.0000000e-01   1.7273469e+00   1.4760751e-13   1.8273469e+00   1.0000000e+00   1.0991131e-02
   1.9202377e+07   1.5085207e+05   4.8706804e+00   3.2617302e+02   3.3731171e-14   3.3104370e+02   1.0000000e+00   1.0963409e-02
   1.9360392e+07   1.8661440e+06   1.0000000e-01   1.6523637e-01   3.3752392e-13   2.6523637e-01   1.0000000e+00   1.0954713e-02
   1.9994959e+07   9.1828184e+04   2.7587677e+00   7.2208663e+02   2.7676726e-14   7.2484539e+02   1.0000000e+00   1.0897739e-02
   1.9938057e+07   1.0328104e+05   4.3327047e+00   6.4100877e+02   2.8490637e-14   6.4534147e+02   1.0000000e+00   1.0760422e-02
   1.9203628e+07   1.4835652e+05   2.4652063e+00   2.7602229e+02   3.5154473e-14   2.7848749e+02   1.0000000e+00   1.0702103e-02
   1.9425185e+07   1.4332594e+06   1.0001795e-01   4.6189020e-01   2.3197640e-13   5.6190816e-01   1.0000000e+00   1.0701760e-02
   1.9975045e+07   2.4068719e+05   7.3358946e-01   8.3232937e+01   4.7826721e-14   8.3966527e+01   1.0000000e+00   1.0462923e-02
   1.9978610e+07   2.0696818e+06   1.0000000e-01   1.0204860e-01   4.0391379e-13   2.0204860e-01   1.0000000e+00   1.0419572e-02
   2.0000000e+07   4.2350903e+05   1.1954350e+00   3.4012461e+01   5.9907219e-14   3.5207896e+01   1.0000000e+00   1.0385923e-02
   1.9991741e+07   4.1002873e+05   1.1363104e+00   3.5922538e+01   5.9051878e-14   3.7058848e+01   1.0000000e+00   1.0385888e-02
   1.9163388e+07   1.4326826e+05   2.1605244e+00   3.1298919e+02   3.4074109e-14   3.1514971e+02   1.0000000e+00   1.0090403e-02
   1.9738826e+07   9.8779099e+04   4.6963442e+00   6.5873364e+02   2.8291331e-14   6.6342998e+02   1.0000000e+00   1.0054811e-02
   1.9954453e+07   1.1193727e+06   1.0000000e-01   1.3510446e+00   1.5963257e-13   1.4510446e+00   1.0000000e+00   9.9895231e-03
   1.9883360e+07   8.4721718e+04   3.5657092e+00   9.2711534e+02   2.6004712e-14   9.3068105e+02   1.0000000e+00   9.9314278e-03
   2.0000000e+07   9.6518185e+04   3.8200708e+00   6.6614299e+02   2.8220620e-14   6.6996306e+02   1.0000000e+00   9.9240063e-03
   1.4322548e+07   8.0620108e+04   7.9042854e+01   1.0000000e+03   2.5494156e-14   1.0790429e+03   1.0000000e+00   9.9107804e-03
   1.9336963e+07   1.4061451e+05   2.4032120e+00   3.3619458e+02   3.3467647e-14   3.3859779e+02   1.0000000e+00   9.8600744e-03
   1.9360392e+07   1.8661440e+06   1.0000000e-01   1.6064342e-01   3.4105612e-13   2.6064342e-01   1.0000000e+00   9.8482287e-03
   1.9913476e+07   2.0244331e+06   1.0000000e-01   1.0861274e-01   3.9460594e-13   2.0861274e-01   1.0000000e+00   9.7185649e-03
   1.9324736e+07   1.3400617e+05   1.9370829e+00   3.6068547e+02   3.2899129e-14   3.6262256e+02   1.0000000e+00   9.6588680e-03
   1.9366773e+07   1.9068372e+06   1.0000000e-01   1.3388418e-01   3.6508462e-13   2.3388418e-01   1.0000000e+00   9.6098684e-03
   1.9334129e+07   1.7286561e+06   1.0000185e-01   2.1561057e-01   3.0590767e-13   3.1561243e-01   1.0000000e+00   9.5868112e-03
   1.9994780e+07   2.0807284e+06   1.0000000e-01   1.0697062e-01   3.9692883e-13   2.0697062e-01   1.0000000e+00   9.5793254e-03
   1.9397614e+07   1.9238752e+06   1.0001610e-01   1.4608432e-01   3.5333723e-13   2.4610043e-01   1.0000000e+00   9.5792431e-03
   1.9394991e+07   1.2299934e+06   1.0000000e-01   9.5086755e-01   1.8002562e-13   1.0508675e+00   1.0000000e+00   9.5694271e-03
   1.9325859e+07   1.4082095e+06   1.0000000e-01   4.4892156e-01   2.3459965e-13   5.4892156e-01   1.0000000e+00   9.5301980e-03
   1.9971701e+07   1.0953663e+05   4.2580609e+00   5.0170855e+02   3.0278804e-14   5.0596661e+02   1.0000000e+00   9.5035544e-03
   1.9394426e+07   1.6818033e+06   1.0000000e-01   2.5749520e-01   2.8659715e-13   3.5749520e-01   1.0000000e+00   9.4355984e-03
   1.9367507e+07   1.3243055e+06   1.0000000e-01   6.0188608e-01   2.1126653e-13   7.0188608e-01   1.0000000e+00   9.4246643e-03
   1.9370915e+07   1.3125192e+06   1.0000000e-01   8.8200498e-01   1.8514030e-13   9.8200498e-01   1.0000000e+00   9.4177209e-03
   1.9845441e+07   1.1626722e+05   2.5902276e+00   3.9908013e+02   3.2121792e-14   4.0167036e+02   1.0000000e+00   9.4136476e-03
   1.9941913e+07   9.1655691e+04   4.0205046e+00   8.3145419e+02   2.6719811e-14   8.3547470e+02   1.0000000e+00   9.3589482e-03
   1.9913777e+07   2.1914608e+05   1.8686107e+00   1.4905786e+02   4.1059493e-14   1.5092647e+02   1.0000000e+00   9.3422751e-03
   1.9367630e+07   1.3815378e+06   1.0000000e-01   5.5293855e-01   2.1756897e-13   6.5293856e-01   1.0000000e+00   9.3008866e-03
   1.4599807e+07   8.0564715e+04   1.4839722e+02   1.0000000e+03   2.5492886e-14   1.1483972e+03   1.0000000e+00   9.2987554e-03
   1.9086237e+07   1.4872109e+05   2.8703778e+00   2.8289492e+02   3.4926938e-14   2.8576529e+02   1.0000000e+00   9.2721323e-03
   1.9975857e+07   1.1043796e+06   1.0006952e-01   1.2351986e+00   1.6465304e-13   1.3352681e+00   1.0000000e+00   9.2686315e-03
   1.9851196e+07   1.1828755e+05   2.4999127e+00   4.5151147e+02   3.1094750e-14   4.5401138e+02   1.0000000e+00   9.2604523e-03
   1.9959531e+07   7.8733693e+05   3.2743165e-01   3.3020485e+00   1.1865562e-13   3.6294801e+00   1.0000000e+00   9.2478268e-03
   1.9923942e+07   8.6634304e+04   3.8370990e+00   9.3608646e+02   2.5950604e-14   9.3992356e+02   1.0000000e+00   9.2401060e-03
   1.9267434e+07   1.6808838e+05   2.3122712e+00   2.1686182e+02   3.7336210e-14   2.1917409e+02   1.0000000e+00   9.1334456e-03
   1.9351467e+07   1.8291413e+06   1.0000000e-01   1.5544525e-01   3.4543364e-13   2.5544525e-01   1.0000000e+00   9.0020436e-03
   1.9385443e+07   1.6789579e+06   1.0000000e-01   2.2049784e-01   3.0359501e-13   3.2049784e-01   1.0000000e+00   8.9972327e-03
   1.9357125e+07   1.8649900e+06   1.0000003e-01   1.4195914e-01   3.5731745e-13   2.4195917e-01   1.0000000e+00   8.9951545e-03
   1.9338146e+07   1.4707720e+06   1.0033867e-01   4.7014855e-01   2.3052399e-13   5.7048722e-01   1.0000000e+00   8.9819723e-03
   1.9290177e+07   1.9452095e+05   2.2827518e+00   2.1181411e+02   3.7680801e-14   2.1409686e+02   1.0000000e+00   8.9312794e-03
   1.9360863e+07   1.9625101e+06   1.0000000e-01   1.3697923e-01   3.6195245e-13   2.3697923e-01   1.0000000e+00   8.9272525e-03
   1.9863530e+07   2.2894384e+05   1.7902187e+00   1.4626565e+02   4.1319378e-14   1.4805587e+02   1.0000000e+00   8.9026908e-03
   1.9947518e+07   8.2794268e+04   3.9965736e+00   8.6281378e+02   2.6478702e-14   8.6681035e+02   1.0000000e+00   8.8958296e-03
   1.9980514e+07   1.0501576e+05   3.7205788e+00   6.2244039e+02   2.8704299e-14   6.2616097e+02   1.0000000e+00   8.8919129e-03
   1.9863686e+07   2.2378230e+05   1.7040241e+00   1.0458200e+02   4.4935982e-14   1.0628603e+02   1.0000000e+00   8.8662856e-03
   1.9929769e+07   8.6119216e+04   3.8369911e+00   9.6092297e+02   2.5787268e-14   9.6475996e+02   1.0000000e+00   8.8559603e-03
   1.9362010e+07   1.8525217e+06   1.0000001e-01   1.6865657e-01   3.3495917e-13   2.6865658e-01   1.0000000e+00   8.8445931e-03
   1.9733424e+07   9.6927914e+04   4.6394638e+00   6.8943088e+02   2.7974161e-14   6.9407034e+02   1.0000000e+00   8.8268721e-03
   1.9364070e+07   1.3818392e+06   1.0000157e-01   5.4021114e-01   2.1939373e-13   6.4021271e-01   1.0000000e+00   8.8256489e-03
   1.9736799e+07   1.0465945e+05   4.6846231e+00   6.5406621e+02   2.8360317e-14   6.5875083e+02   1.0000000e+00   8.8029493e-03
   1.9929451e+07   8.3511577e+04   3.9049532e+00   9.6649468e+02   2.5737342e-14   9.7039963e+02   1.0000000e+00   8.7615761e-03
   1.9355711e+07   2.0405477e+06   1.0000000e-01   1.0371758e-01   4.0157897e-13   2.0371758e-01   1.0000000e+00   8.6927109e-03
   1.9365463e+07   1.3247004e+06   1.0005044e-01   5.8599949e-01   2.1333380e-13   6.8604993e-01   1.0000000e+00   8.6892616e-03
   1.9385239e+07   1.2467999e+06   1.0000240e-01   1.0386016e+00   1.7488707e-13   1.1386040e+00   1.0000000e+00   8.6632431e-03
   1.9913385e+07   5.6883169e+05   4.7359998e-01   9.6385913e+00   8.5483590e-14   1.0112191e+01   1.0000000e+00   8.6145864e-03
   1.9936875e+07   1.1640176e+06   1.0000000e-01   1.1878331e+00   1.6673462e-13   1.2878331e+00   1.0000000e+00   8.6124966e-03
   1.9914747e+07   8.3287915e+04   4.0305401e+00   8.8177422e+02   2.6328816e-14   8.8580476e+02   1.0000000e+00   8.5625548e-03
   1.9895751e+07   2.1411635e+05   1.7851017e+00   1.3561436e+02   4.2006047e-14   1.3739946e+02   1.0000000e+00   8.5289208e-03
   1.9991748e+07   2.0685852e+06   1.0000000e-01   1.2381516e-01   3.7632332e-13   2.2381516e-01   1.0000000e+00   8.5003801e-03
   1.9354003e+07   1.7223330e+06   1.0000595e-01   2.3827838e-01   2.9489610e-13   3.3828433e-01   1.0000000e+00   8.4997177e-03
   1.9636047e+07   1.1765195e+05   3.5790184e+00   4.7903829e+02   3.0627726e-14   4.8261731e+02   1.0000000e+00   8.4986470e-03
   1.9995260e+07   3.6532348e+05   1.2128366e+00   3.1326453e+01   6.1524221e-14   3.2539289e+01   1.0000000e+00   8.4937073e-03
   1.9333443e+07   1.9603812e+05   2.3551067e+00   1.9352261e+02   3.8468965e-14   1.9587772e+02   1.0000000e+00   8.4682775e-03
   1.9839312e+07   2.1705671e+05   1.6778471e+00   1.5522099e+02   4.0670460e-14   1.5689884e+02   1.0000000e+00   8.4350396e-03
   1.9325546e+07   1.5762464e+06   1.0000000e-01   3.7501558e-01   2.5017194e-13   4.7501558e-01   1.0000000e+00   8.4160256e-03
   1.9830606e+07   9.1469909e+05   1.0000000e-01   3.2516731e+00   1.2013617e-13   3.3516731e+00   1.0000000e+00   8.3678149e-03
   1.9966267e+07   8.3007185e+04   3.9377813e+00   9.8623874e+02   2.5609868e-14   9.9017652e+02   1.0000000e+00   8.3358308e-03
   2.0000000e+07   3.2232341e+05   1.0642540e+00   5.2304215e+01   5.3587833e-14   5.3368469e+01   1.0000000e+00   8.2975635e-03
   1.9263506e+07   1.9291124e+06   1.0000143e-01   1.5935095e-01   3.4240189e-13   2.5935237e-01   1.0000000e+00   8.2975447e-03
   1.9353329e+07   1.3614179e+06   1.0470716e-01   9.1379654e-01   1.8374001e-13   1.0185037e+00   1.0000000e+00   8.2600378e-03
   1.9008412e+07   1.4316719e+05   1.6406522e+00   3.0606531e+02   3.4288611e-14   3.0770597e+02   1.0000000e+00   8.2532954e-03
   1.9283228e+07   1.6883745e+05   2.1906166e+00   2.5438763e+02   3.5915559e-14   2.5657825e+02   1.0000000e+00   8.2417521e-03
   1.9356276e+07   2.0440331e+06   1.0000000e-01   1.1898832e-01   3.8158885e-13   2.1898832e-01   1.0000000e+00   8.2330137e-03
   1.5328552e+07   8.0441328e+04   9.8691756e+01   1.0000000e+03   2.5493366e-14   1.0986918e+03   1.0000000e+00   8.2306830e-03
   1.9266744e+07   1.2712555e+05   2.1032953e+00   3.8277560e+02   3.2413332e-14   3.8487889e+02   1.0000000e+00   8.2292925e-03
   1.9365681e+07   1.7960341e+06   1.0103558e-01   1.5072545e-01   3.4992077e-13   2.5176104e-01   1.0000000e+00   8.2072246e-03
   1.9942389e+07   1.0256243e+05   3.0002314e+00   5.5200643e+02   2.9592498e-14   5.5500666e+02   1.0000000e+00   8.2011213e-03
   1.9999875e+07   3.3037520e+05   1.0434280e+00   4.9694082e+01   5.4300002e-14   5.0737510e+01   1.0000000e+00   8.2003391e-03
   1.9358588e+07   1.2802570e+06   1.0000000e-01   9.8359351e-01   1.7835115e-13   1.0835935e+00   1.0000000e+00   8.1865544e-03
   1.9979543e+07   7.7039193e+05   1.6641286e-01   8.2219222e+00   9.0703492e-14   8.3883351e+00   1.0000000e+00   8.1530070e-03
   1.9263320e+07   1.6893469e+05   2.2585901e+00   2.5797796e+02   3.5797270e-14   2.6023655e+02   1.0000000e+00   8.1262098e-03
   1.9985205e+07   9.1079963e+05   2.4830895e-01   4.0926003e+00   1.1073290e-13   4.3409093e+00   1.0000000e+00   8.1151336e-03
   1.9368175e+07   2.0924774e+06   1.0000000e-01   1.0102503e-01   4.0555320e-13   2.0102503e-01   1.0000000e+00   8.0834277e-03
   1.9394288e+07   1.6818008e+06   1.0000000e-01   2.7572612e-01   2.7962597e-13   3.7572612e-01   1.0000000e+00   8.0478520e-03
   1.9353659e+07   1.9784353e+06   1.0000002e-01   1.2116494e-01   3.7884914e-13   2.2116496e-01   1.0000000e+00   8.0226738e-03
   1.9756687e+07   9.3354287e+04   2.8747720e+00   7.1625589e+02   2.7727905e-14   7.1913066e+02   1.0000000e+00   7.9871564e-03
   1.9938767e+07   1.0357393e+05   3.2338803e+00   5.8153009e+02   2.9192094e-14   5.8476397e+02   1.0000000e+00   7.9789029e-03
   1.9723784e+07   9.6160516e+04   4.6319951e+00   6.9535107e+02   2.7915050e-14   6.9998306e+02   1.0000000e+00   7.9761778e-03
   1.9952337e+07   6.1660261e+05   2.8336116e-01   8.3946686e+00   8.9037306e-14   8.6780297e+00   1.0000000e+00   7.9652455e-03
   1.9587978e+07   1.2764444e+05   2.7787911e+00   3.9916857e+02   3.2057126e-14   4.0194736e+02   1.0000000e+00   7.9567462e-03
   1.9263258e+07   1.9642650e+06   1.0000141e-01   1.5725188e-01   3.4444398e-13   2.5725329e-01   1.0000000e+00   7.9502099e-03
   1.9338608e+07   1.6963579e+06   1.0000000e-01   2.2245500e-01   3.0247744e-13   3.2245500e-01   1.0000000e+00   7.9170278e-03
   1.9604307e+07   1.2545256e+05   2.7215138e+00   4.1934594e+02   3.1668699e-14   4.2206745e+02   1.0000000e+00   7.8943642e-03
   1.9933198e+07   1.0282341e+05   2.9021434e+00   5.6836418e+02   2.9369466e-14   5.7126633e+02   1.0000000e+00   7.8935125e-03
   1.9371616e+07   1.7075252e+06   1.0000000e-01   2.3020209e-01   2.9861437e-13   3.3020209e-01   1.0000000e+00   7.8896335e-03
   1.9331098e+07   1.3611898e+06   1.0000000e-01   5.6577397e-01   2.1585383e-13   6.6577397e-01   1.0000000e+00   7.8730115e-03
   1.9366537e+07   1.3239478e+06   1.0000000e-01   6.7611837e-01   2.0266236e-13   7.7611837e-01   1.0000000e+00   7.8657031e-03
   1.9333563e+07   1.7295743e+06   1.0000000e-01   2.0836015e-01   3.0982401e-13   3.0836015e-01   1.0000000e+00   7.8593847e-03
   1.4556896e+07   8.0326379e+04   1.5551486e+02   1.0000000e+03   2.5492860e-14   1.1555149e+03   1.0000000e+00   7.8277342e-03
   1.9380133e+07   1.2057682e+06   1.0000000e-01   1.1049066e+00   1.7108481e-13   1.2049066e+00   1.0000000e+00   7.8179193e-03
   1.9933756e+07   2.0597779e+06   1.0000000e-01   1.1140168e-01   3.9093670e-13   2.1140168e-01   1.0000000e+00   7.7348058e-03
   1.9876198e+07   1.8719750e+05   1.7444122e+00   1.6265079e+02   4.0163186e-14   1.6439520e+02   1.0000000e+00   7.7340980e-03
   2.0000000e+07   5.5156086e+05   4.0684204e-01   3.0768921e+01   6.3464133e-14   3.1175763e+01   1.0000000e+00   7.7104137e-03
   1.9354193e+07   1.9686733e+06   1.0000003e-01   1.3138394e-01   3.6758017e-13   2.3138397e-01   1.0000000e+00   7.6425134e-03
   1.9362251e+07   1.9145447e+06   1.0000000e-01   1.5237922e-01   3.4787669e-13   2.5237922e-01   1.0000000e+00   7.6164234e-03
   1.9943414e+07   8.2175965e+04   4.0594112e+00   9.0163726e+02   2.6184718e-14   9.0569667e+02   1.0000000e+00   7.5922519e-03
   1.9576858e+07   1.1747457e+05   3.8165545e+00   4.4051858e+02   3.1274760e-14   4.4433514e+02   1.0000000e+00   7.5835959e-03
   1.9324917e+07   1.5747488e+06   1.0000000e-01   2.8006515e-01   2.7824980e-13   3.8006515e-01   1.0000000e+00   7.5447301e-03
   1.9364678e+07   1.6723838e+06   1.0096928e-01   2.5138434e-01   2.8910555e-13   3.5235362e-01   1.0000000e+00   7.5238082e-03
   1.9370871e+07   1.5767438e+06   1.0000124e-01   3.1601644e-01   2.6598178e-13   4.1601768e-01   1.0000000e+00   7.5173383e-03
   1.9342491e+07   1.3235159e+06   1.0000000e-01   7.2747479e-01   1.9757132e-13   8.2747479e-01   1.0000000e+00   7.4823978e-03
   1.9974182e+07   2.7183773e+05   7.7066506e-01   9.2970280e+01   4.6372079e-14   9.3740945e+01   1.0000000e+00   7.4755391e-03
   1.9887933e+07   8.5908461e+04   4.0248079e+00   9.7068072e+02   2.5723373e-14   9.7470553e+02   1.0000000e+00   7.4554146e-03
   1.9972116e+07   8.9003970e+05   1.4179310e-01   3.4901498e+00   1.1670048e-13   3.6319429e+00   1.0000000e+00   7.4472517e-03
   1.9836947e+07   4.3985734e+05   7.3073742e-01   2.3730275e+01   6.6070218e-14   2.4461013e+01   1.0000000e+00   7.4245411e-03
   1.9587419e+07   1.2485596e+05   2.7262453e+00   4.1358713e+02   3.1776319e-14   4.1631337e+02   1.0000000e+00   7.3539270e-03
   1.9767370e+07   1.7062250e+05   2.2659418e+00   2.2821720e+02   3.6861742e-14   2.3048314e+02   1.0000000e+00   7.3282761e-03
   1.9806541e+07   7.9242730e+05   2.9566947e-01   5.8141623e+00   9.9026915e-14   6.1098318e+00   1.0000000e+00   7.3216211e-03
   1.9347808e+07   2.0135983e+06   1.0000000e-01   1.0609177e-01   3.9825966e-13   2.0609177e-01   1.0000000e+00   7.3176036e-03
   1.9358403e+07   1.3569875e+06   1.0000000e-01   6.6138813e-01   2.0427804e-13   7.6138813e-01   1.0000000e+00   7.3035254e-03
   1.9937419e+07   1.1191370e+06   1.0000000e-01   1.4696138e+00   1.5525419e-13   1.5696138e+00   1.0000000e+00   7.2971175e-03
   1.4570107e+07   8.0460802e+04   9.2174904e+01   1.0000000e+03   2.5493700e-14   1.0921749e+03   1.0000000e+00   7.2609588e-03
   1.9927810e+07   8.7278703e+04   4.3316802e+00   8.5873555e+02   2.6495405e-14   8.6306723e+02   1.0000000e+00   7.2455826e-03
   1.9964769e+07   6.1802353e+05   5.6641559e-01   8.8846372e+00   8.7052260e-14   9.4510528e+00   1.0000000e+00   7.2067868e-03
   1.9353723e+07   1.9748202e+06   1.0000002e-01   1.2071828e-01   3.7938299e-13   2.2071830e-01   1.0000000e+00   7.1832116e-03
   1.9359432e+07   1.3305157e+06   1.0000000e-01   6.1374172e-01   2.0974738e-13   7.1374172e-01   1.0000000e+00   7.1508031e-03
   2.0000000e+07   1.0270110e+06   1.0000000e-01   1.5322349e+00   1.5329816e-13   1.6322349e+00   1.0000000e+00   7.1139194e-03
   1.9185245e+07   1.4355042e+05   2.1473020e+00   3.1631635e+02   3.3985488e-14   3.1846365e+02   1.0000000e+00   7.0756671e-03
   1.9941792e+07   1.1161818e+06   1.1183886e-01   1.2813876e+00   1.6228207e-13   1.3932264e+00   1.0000000e+00   7.0601914e-03
   1.9922668e+07   9.7099811e+05   1.5072981e-01   2.4615403e+00   1.3027231e-13   2.6122701e+00   1.0000000e+00   7.0565169e-03
   1.9963152e+07   1.0247303e+05   2.9867669e+00   5.7277772e+02   2.9311705e-14   5.7576448e+02   1.0000000e+00   7.0403459e-03
   1.9857979e+07   1.0560510e+05   3.0818426e+00   5.4467926e+02   2.9676530e-14   5.4776110e+02   1.0000000e+00   7.0377884e-03
   1.9950035e+07   1.1363951e+06   1.0000000e-01   1.3296905e+00   1.6050778e-13   1.4296905e+00   1.0000000e+00   6.9948318e-03
   1.9993269e+07   1.0666462e+06   1.4304229e-01   1.7377911e+00   1.4608375e-13   1.8808334e+00   1.0000000e+00   6.9849773e-03
   1.9865321e+07   8.9212305e+05   1.1460062e-01   3.0863286e+00   1.2170670e-13   3.2009292e+00   1.0000000e+00   6.9649602e-03
   1.4750265e+07   8.0559917e+04   1.2716646e+02   1.0000000e+03   2.5493075e-14   1.1271665e+03   1.0000000e+00   6.9571926e-03
   1.9350968e+07   1.8191586e+06   1.0000000e-01   1.7067346e-01   3.3350591e-13   2.7067346e-01   1.0000000e+00   6.9489220e-03
   1.9954525e+07   9.0425034e+04   5.0313871e+00   7.4498697e+02   2.7445736e-14   7.5001836e+02   1.0000000e+00   6.9438788e-03
   1.9396660e+07   1.7286125e+06   1.0000000e-01   1.9601522e-01   3.1702816e-13   2.9601522e-01   1.0000000e+00   6.9349273e-03
   1.9359576e+07   1.3867134e+06   1.0014386e-01   5.1363671e-01   2.2341069e-13   6.1378056e-01   1.0000000e+00   6.9236054e-03
   1.9362774e+07   1.8645527e+06   1.0000001e-01   1.7240803e-01   3.3230937e-13   2.7240804e-01   1.0000000e+00   6.9130858e-03
   1.9880496e+07   8.4869756e+04   4.0619299e+00   8.7496652e+02   2.6375425e-14   8.7902845e+02   1.0000000e+00   6.9048381e-03
   1.9854694e+07   6.1412741e+05   2.8605251e-01   1.2997596e+01   7.8457278e-14   1.3283649e+01   1.0000000e+00   6.8986516e-03
   1.9325522e+07   1.5993676e+06   1.0000000e-01   4.0339654e-01   2.4426215e-13   5.0339654e-01   1.0000000e+00   6.8983302e-03
   1.9885305e+07   8.7867999e+04   4.1439062e+00   8.6899260e+02   2.6421075e-14   8.7313650e+02   1.0000000e+00   6.8962815e-03
   1.9360457e+07   1.6761301e+06   1.0000118e-01   2.6917714e-01   2.8202332e-13   3.6917832e-01   1.0000000e+00   6.8844583e-03
   1.9952895e+07   4.0200075e+05   5.5060508e-01   4.8308378e+01   5.5229687e-14   4.8858983e+01   1.0000000e+00   6.8732543e-03
   1.9266943e+07   1.5618483e+06   1.0000000e-01   3.8678355e-01   2.4739022e-13   4.8678355e-01   1.0000000e+00   6.8723964e-03
   1.9383454e+07   1.6017846e+06   1.0000005e-01   2.9994701e-01   2.7106517e-13   3.9994706e-01   1.0000000e+00   6.8676446e-03
   1.9332311e+07   1.7374698e+06   1.0000000e-01   2.0143111e-01   3.1373766e-13   3.0143111e-01   1.0000000e+00   6.8557679e-03
   1.9359309e+07   1.9829867e+06   1.0000000e-01   1.1462127e-01   3.8686394e-13   2.1462127e-01   1.0000000e+00   6.8555609e-03
   1.9351341e+07   1.8407764e+06   1.0000000e-01   1.7933010e-01   3.2747145e-13   2.7933010e-01   1.0000000e+00   6.8397657e-03
   1.9543851e+07   1.1862412e+05   4.5970531e+00   4.8207229e+02   3.0575342e-14   4.8666935e+02   1.0000000e+00   6.8353461e-03
   2.0000000e+07   9.2449786e+04   4.7012099e+00   7.7501194e+02   2.7175256e-14   7.7971315e+02   1.0000000e+00   6.8070378e-03
   1.9930465e+07   9.1097306e+04   3.8446491e+00   8.3798096e+02   2.6668375e-14   8.4182561e+02   1.0000000e+00   6.7998376e-03
   1.9348346e+07   2.0405370e+05   2.3423428e+00   1.6802521e+02   3.9815852e-14   1.7036755e+02   1.0000000e+00   6.7784130e-03
   1.9336636e+07   1.7333085e+06   1.0000195e-01   2.1306166e-01   3.0724997e-13   3.1306361e-01   1.0000000e+00   6.7611642e-03
   1.9785095e+07   9.6943155e+04   4.6626640e+00   6.6989874e+02   2.8174896e-14   6.7456140e+02   1.0000000e+00   6.7568224e-03
   1.9379570e+07   1.6525499e+06   1.0000000e-01   2.1206127e-01   3.0848591e-13   3.1206127e-01   1.0000000e+00   6.7511468e-03
   1.9329995e+07   1.8318116e+06   1.0000000e-01   1.8977116e-01   3.2076744e-13   2.8977116e-01   1.0000000e+00   6.7314045e-03
   1.9847293e+07   2.5230681e+05   1.6996670e+00   9.8948971e+01   4.5481439e-14   1.0064864e+02   1.0000000e+00   6.7271522e-03
   1.9961829e+07   1.0304555e+05   2.9787373e+00   5.6399598e+02   2.9425452e-14   5.6697471e+02   1.0000000e+00   6.7266613e-03
   1.9348435e+07   1.8232627e+06   1.0000000e-01   1.6613824e-01   3.3687866e-13   2.6613824e-01   1.0000000e+00   6.7256950e-03
   1.9351225e+07   1.8347667e+06   1.0000000e-01   1.7655596e-01   3.2933068e-13   2.7655596e-01   1.0000000e+00   6.7044742e-03
   1.9999966e+07   8.2151886e+05   2.4449646e-01   4.6698107e+00   1.0591358e-13   4.9143072e+00   1.0000000e+00   6.6953195e-03
   1.9950943e+07   9.1037164e+04   4.4825985e+00   8.4456963e+02   2.6614140e-14   8.4905223e+02   1.0000000e+00   6.6934147e-03
   1.9331210e+07   1.5114225e+05   6.8114822e+00   3.4182445e+02   3.3365728e-14   3.4863593e+02   1.0000000e+00   6.6699292e-03
   2.0000000e+07   7.5198714e+05   2.1788014e-01   7.6169253e+00   9.1869733e-14   7.8348055e+00   1.0000000e+00   6.6512559e-03
   1.9980001e+07   9.5008848e+05   1.4191358e-01   1.9853050e+00   1.4016469e-13   2.1272185e+00   1.0000000e+00   6.6330670e-03
   1.9934249e+07   6.0387099e+05   3.2826403e-01   1.1063609e+01   8.1880055e-14   1.1391873e+01   1.0000000e+00   6.6243559e-03
   1.9366537e+07   1.3239478e+06   1.0000000e-01   5.7687249e-01   2.1457327e-13   6.7687249e-01   1.0000000e+00   6.6230528e-03
   1.9287713e+07   1.5071499e+06   1.0000094e-01   4.0862842e-01   2.4239167e-13   5.0862936e-01   1.0000000e+00   6.6216612e-03
   1.9925356e+07   8.7300262e+04   3.0521303e+00   7.8356526e+02   2.7123298e-14   7.8661739e+02   1.0000000e+00   6.6110239e-03
   1.9887601e+07   1.0211995e+05   4.1069999e+00   6.0681607e+02   2.8876777e-14   6.1092307e+02   1.0000000e+00   6.6002856e-03
   1.9987571e+07   1.0959924e+05   4.2165274e+00   5.2763558e+02   2.9894538e-14   5.3185211e+02   1.0000000e+00   6.5960306e-03
   1.9986559e+07   1.1149800e+05   4.5520446e+00   5.3091425e+02   2.9846895e-14   5.3546629e+02   1.0000000e+00   6.5939761e-03
   1.9928310e+07   8.9559254e+04   3.9621283e+00   8.2679736e+02   2.6748350e-14   8.3075949e+02   1.0000000e+00   6.5910060e-03
   1.9366537e+07   1.3239478e+06   1.0000000e-01   6.3888886e-01   2.0677357e-13   7.3888886e-01   1.0000000e+00   6.5859447e-03
   1.9338613e+07   1.4657903e+06   1.0000000e-01   5.3145483e-01   2.2092890e-13   6.3145483e-01   1.0000000e+00   6.5643472e-03
   1.9358610e+07   1.3405665e+06   1.0000000e-01   6.5041413e-01   2.0544021e-13   7.5041413e-01   1.0000000e+00   6.5607219e-03
   2.0000000e+07   9.3185495e+04   2.8089665e+00   7.2865198e+02   2.7609112e-14   7.3146094e+02   1.0000000e+00   6.5438308e-03
   1.9394273e+07   1.7087792e+06   1.0000001e-01   2.6053771e-01   2.8550852e-13   3.6053773e-01   1.0000000e+00   6.5324545e-03
   1.9995546e+07   5.6213046e+05   7.3516290e-01   1.2135061e+01   7.9466710e-14   1.2870224e+01   1.0000000e+00   6.5286673e-03
   1.9363538e+07   1.3756380e+06   1.0000141e-01   5.2376583e-01   2.2189264e-13   6.2376724e-01   1.0000000e+00   6.5205456e-03
   1.9873542e+07   1.2535101e+05   2.5361745e+00   4.3793727e+02   3.1339128e-14   4.4047344e+02   1.0000000e+00   6.5169007e-03
   1.9993781e+07   9.6460127e+05   1.2128540e-01   2.0485577e+00   1.3879881e-13   2.1698431e+00   1.0000000e+00   6.4867237e-03
   1.9982513e+07   9.7437746e+05   1.1004280e-01   2.1033899e+00   1.3771840e-13   2.2134327e+00   1.0000000e+00   6.4821439e-03
   1.9929493e+07   8.7735390e+04   4.2867967e+00   8.1270204e+02   2.6860766e-14   8.1698883e+02   1.0000000e+00   6.4802387e-03
   1.9602421e+07   1.1470588e+05   2.6990763e+00   4.2471586e+02   3.1606281e-14   4.2741494e+02   1.0000000e+00   6.4541655e-03
   1.9851328e+07   1.3450648e+05   2.4497977e+00   4.2687411e+02   3.1598591e-14   4.2932390e+02   1.0000000e+00   6.4452398e-03
   1.9985839e+07   8.4481574e+05   2.2436951e-01   3.6368783e+00   1.1455920e-13   3.8612478e+00   1.0000000e+00   6.4076514e-03
   1.9361091e+07   2.0116496e+06   1.0000165e-01   1.2950225e-01   3.6976185e-13   2.2950390e-01   1.0000000e+00   6.3730609e-03
   1.9293542e+07   1.6295095e+05   2.3098447e+00   2.0786913e+02   3.7778176e-14   2.1017898e+02   1.0000000e+00   6.3381389e-03
   1.9415020e+07   1.4329571e+05   6.4985845e+00   3.1641768e+02   3.3935056e-14   3.2291626e+02   1.0000000e+00   6.3359893e-03
   1.9210931e+07   1.5061032e+05   2.4041992e+00   2.7204773e+02   3.5280240e-14   2.7445193e+02   1.0000000e+00   6.3355179e-03
   1.9997621e+07   5.5051744e+05   7.6434825e-01   1.9829605e+01   6.9467547e-14   2.0593953e+01   1.0000000e+00   6.3078639e-03
   1.9363132e+07   2.0430451e+06   1.0000000e-01   1.4508170e-01   3.5564096e-13   2.4508170e-01   1.0000000e+00   6.3014315e-03
   1.9333964e+07   1.3996054e+05   2.4207813e+00   3.3904156e+02   3.3396919e-14   3.4146234e+02   1.0000000e+00   6.2995062e-03
   1.9816797e+07   8.8481510e+04   5.6187035e+00   7.3831536e+02   2.7520171e-14   7.4393407e+02   1.0000000e+00   6.2922700e-03
   1.9360821e+07   1.6557500e+06   1.0000118e-01   2.7091929e-01   2.8131707e-13   3.7092047e-01   1.0000000e+00   6.2895913e-03
   1.9623551e+07   1.1631341e+05   3.8036848e+00   4.7344949e+02   3.0713448e-14   4.7725317e+02   1.0000000e+00   6.2841253e-03
   1.9955769e+07   3.9069693e+05   6.6073101e-01   3.0568419e+01   6.1835959e-14   3.1229150e+01   1.0000000e+00   6.2631470e-03
   1.9983408e+07   1.0472322e+05   3.7709708e+00   6.2482772e+02   2.8676246e-14   6.2859870e+02   1.0000000e+00   6.2567496e-03
   1.9823102e+07   1.3353911e+05   2.4324866e+00   3.8686353e+02   3.2323506e-14   3.8929602e+02   1.0000000e+00   6.2527220e-03
   1.9408652e+07   1.7059204e+05   2.3204982e+00   1.7317677e+02   3.9623983e-14   1.7549727e+02   1.0000000e+00   6.2433558e-03
   1.4233182e+07   8.0493925e+04   7.3878928e+01   1.0000000e+03   2.5494356e-14   1.0738789e+03   1.0000000e+00   6.2432873e-03
   1.9278329e+07   1.6851211e+05   2.2059434e+00   2.4935651e+02   3.6082007e-14   2.5156246e+02   1.0000000e+00   6.2412617e-03
   1.9269564e+07   1.5641668e+06   1.0000000e-01   3.9308448e-01   2.4601850e-13   4.9308448e-01   1.0000000e+00   6.2227846e-03
   1.9972493e+07   9.0971534e+04   4.8406210e+00   7.6948022e+02   2.7222147e-14   7.7432084e+02   1.0000000e+00   6.2126071e-03
   1.9948756e+07   2.0842763e+06   1.0000000e-01   1.1237354e-01   3.8987018e-13   2.1237354e-01   1.0000000e+00   6.1852980e-03
   2.0000000e+07   3.1675867e+05   5.2792527e-01   6.1467166e+01   5.1588423e-14   6.1995091e+01   1.0000000e+00   6.1713509e-03
   1.9975282e+07   3.0173252e+05   7.0156469e-01   6.4520454e+01   5.0857199e-14   6.5222019e+01   1.0000000e+00   6.1702008e-03
   1.9959670e+07   7.8514571e+05   1.6887169e-01   6.2735190e+00   9.7534785e-14   6.4423907e+00   1.0000000e+00   6.1682400e-03
   1.9316609e+07   1.6234663e+05   5.8421367e+00   2.1762564e+02   3.7285595e-14   2.2346777e+02   1.0000000e+00   6.1622001e-03
   1.9360629e+07   2.0635695e+06   1.0000337e-01   1.1751898e-01   3.8347938e-13   2.1752235e-01   1.0000000e+00   6.1530022e-03
   1.9858747e+07   9.7894837e+04   3.7484638e+00   6.3543549e+02   2.8556820e-14   6.3918395e+02   1.0000000e+00   6.1404067e-03
   1.9355709e+07   2.0383920e+06   1.0000000e-01   1.0500194e-01   3.9971987e-13   2.0500194e-01   1.0000000e+00   6.1313967e-03
   1.9330598e+07   1.8398056e+06   1.0000014e-01   1.9341049e-01   3.1864314e-13   2.9341063e-01   1.0000000e+00   6.1173304e-03
   1.9966222e+07   8.2996131e+04   3.8931967e+00   9.8402730e+02   2.5624000e-14   9.8792049e+02   1.0000000e+00   6.1117758e-03
   1.9994143e+07   9.2169577e+04   4.6423041e+00   7.7735249e+02   2.7155050e-14   7.8199479e+02   1.0000000e+00   6.1022378e-03
   1.9265620e+07   1.6856288e+05   2.2433483e+00   2.6925675e+02   3.5445125e-14   2.7150010e+02   1.0000000e+00   6.1011249e-03
   1.9264401e+07   1.3083448e+05   2.1293182e+00   3.6474510e+02   3.2802561e-14   3.6687442e+02   1.0000000e+00   6.0990531e-03
   1.9466583e+07   1.3390864e+06   1.0000000e-01   8.0804338e-01   1.9079917e-13   9.0804338e-01   1.0000000e+00   6.0897413e-03
   1.9878100e+07   8.1461517e+04   3.5999906e+00   9.7962892e+02   2.5651169e-14   9.8322892e+02   1.0000000e+00   6.0828397e-03
   1.9914753e+07   8.3540002e+04   4.0313143e+00   8.8690917e+02   2.6289170e-14   8.9094048e+02   1.0000000e+00   6.0780104e-03
   1.9347306e+07   2.0147688e+05   2.2154350e+00   1.6630012e+02   3.9908363e-14   1.6851555e+02   1.0000000e+00   6.0712236e-03
   1.9269435e+07   1.3077565e+05   2.1602266e+00   3.5427235e+02   3.3045172e-14   3.5643257e+02   1.0000000e+00   6.0692106e-03
   1.9999612e+07   5.4908137e+05   4.1683289e-01   2.7105434e+01   6.5003800e-14   2.7522267e+01   1.0000000e+00   6.0555167e-03
   1.9942090e+07   9.2403964e+04   4.2345387e+00   8.5126573e+02   2.6576017e-14   8.5550027e+02   1.0000000e+00   6.0442788e-03
   1.9924453e+07   8.3591932e+04   3.8783702e+00   9.5146537e+02   2.5835877e-14   9.5534374e+02   1.0000000e+00   6.0390758e-03
   1.9971628e+07   5.4185110e+05   4.1634921e-01   1.6102189e+01   7.3568255e-14   1.6518538e+01   1.0000000e+00   6.0081899e-03
   1.9264050e+07   1.7834688e+05   2.2625893e+00   2.6356985e+02   3.5727204e-14   2.6583244e+02   1.0000000e+00   6.0010616e-03
   1.9919000e+07   2.0509856e+06   1.0000000e-01   1.0993968e-01   3.9282024e-13   2.0993968e-01   1.0000000e+00   5.9918499e-03
   1.9983395e+07   2.5942967e+05   6.8392145e-01   7.1319451e+01   4.9749698e-14   7.2003372e+01   1.0000000e+00   5.9862017e-03
   1.9351585e+07   1.8340410e+06   1.0000000e-01   1.7433510e-01   3.3086974e-13   2.7433510e-01   1.0000000e+00   5.9826593e-03
   1.9930044e+07   9.8703155e+04   3.8697121e+00   6.8619662e+02   2.8013361e-14   6.9006633e+02   1.0000000e+00   5.9609549e-03
   1.9469704e+07   1.3807914e+06   1.2025250e-01   8.5911339e-01   1.8732001e-13   9.7936589e-01   1.0000000e+00   5.9603323e-03
   1.9935667e+07   1.1681282e+06   1.0000113e-01   1.1633415e+00   1.6791503e-13   1.2633426e+00   1.0000000e+00   5.9511431e-03
   1.9889962e+07   1.0208281e+05   4.0588912e+00   6.0279941e+02   2.8925305e-14   6.0685830e+02   1.0000000e+00   5.9323864e-03
   1.9374024e+07   1.7122955e+06   1.0000000e-01   1.9918636e-01   3.1524753e-13   2.9918636e-01   1.0000000e+00   5.9302884e-03
   1.9361712e+07   1.9718159e+06   1.0000000e-01   1.3825727e-01   3.6077776e-13   2.3825727e-01   1.0000000e+00   5.9198786e-03
   1.9914806e+07   8.8942514e+04   4.1565556e+00   8.5443236e+02   2.6532622e-14   8.5858892e+02   1.0000000e+00   5.9058080e-03
   1.9396308e+07   1.1697900e+06   1.0000000e-01   1.0019047e+00   1.7691924e-13   1.1019047e+00   1.0000000e+00   5.8837445e-03
   1.9863367e+07   6.3962801e+05   4.1428965e-01   8.6189568e+00   8.7877321e-14   9.0332464e+00   1.0000000e+00   5.8711887e-03
   1.9406335e+07   1.7456359e+05   2.2032372e+00   1.8225996e+02   3.9037142e-14   1.8446320e+02   1.0000000e+00   5.8645996e-03
   2.0000000e+07   1.1441015e+06   1.0000000e-01   1.0711074e+00   1.7283026e-13   1.1711074e+00   1.0000000e+00   5.8621576e-03
   1.4370910e+07   8.0462009e+04   9.0290303e+01   1.0000000e+03   2.5493805e-14   1.0902903e+03   1.0000000e+00   5.8620914e-03
   1.8986196e+07   8.0919951e+04   1.8058089e+01   1.0000000e+03   2.5498143e-14   1.0180581e+03   1.0000000e+00   5.8613758e-03
   1.9845971e+07   1.1657486e+05   2.4388685e+00   4.3197587e+02   3.1454970e-14   4.3441474e+02   1.0000000e+00   5.8601853e-03
   2.0000000e+07   9.3185443e+04   2.7182290e+00   7.2866715e+02   2.7610294e-14   7.3138538e+02   1.0000000e+00   5.8537028e-03
   1.9957529e+07   6.0806989e+05   7.3887621e-01   1.4721533e+01   7.5364222e-14   1.5460409e+01   1.0000000e+00   5.8409574e-03
   1.9932988e+07   9.9823773e+05   1.1382765e-01   1.8165915e+00   1.4450597e-13   1.9304192e+00   1.0000000e+00   5.8285039e-03
   1.9143502e+07   8.0423227e+04   2.4771038e+01   1.0000000e+03   2.5496131e-14   1.0247710e+03   1.0000000e+00   5.8251850e-03
   1.9831108e+07   9.0639597e+05   1.0124503e-01   3.6662018e+00   1.1585995e-13   3.7674468e+00   1.0000000e+00   5.8108924e-03
   1.9973191e+07   1.0958473e+05   4.3693100e+00   5.3480598e+02   2.9793088e-14   5.3917529e+02   1.0000000e+00   5.7504126e-03
   1.5225845e+07   8.0622605e+04   1.0169884e+02   1.0000000e+03   2.5493348e-14   1.1016988e+03   1.0000000e+00   5.7273171e-03
   1.9645996e+07   1.1022239e+05   3.7752870e+00   4.8643210e+02   3.0522182e-14   4.9020739e+02   1.0000000e+00   5.7220812e-03
   1.4760699e+07   8.0606600e+04   1.2904624e+02   1.0000000e+03   2.5493058e-14   1.1290462e+03   1.0000000e+00   5.6862974e-03
   1.9943101e+07   1.0697700e+05   2.9828876e+00   5.5749125e+02   2.9500695e-14   5.6047413e+02   1.0000000e+00   5.6755107e-03
   1.9929018e+07   8.6781342e+04   4.0276740e+00   8.4533846e+02   2.6600640e-14   8.4936613e+02   1.0000000e+00   5.6717704e-03
   1.9917637e+07   2.0363056e+06   1.0000000e-01   1.1577252e-01   3.8532172e-13   2.1577252e-01   1.0000000e+00   5.6542510e-03
   1.9836914e+07   4.6570525e+05   7.1213562e-01   2.2981367e+01   6.6574092e-14   2.3693502e+01   1.0000000e+00   5.6480216e-03
   1.9995036e+07   8.7369338e+05   2.5125186e-01   3.8417563e+00   1.1249827e-13   4.0930082e+00   1.0000000e+00   5.6461351e-03
   1.9606347e+07   1.1452358e+05   4.4881888e+00   5.0682526e+02   3.0195030e-14   5.1131344e+02   1.0000000e+00   5.6452655e-03
   1.9987562e+07   5.4944198e+05   9.5280280e-01   1.8093286e+01   7.1014042e-14   1.9046089e+01   1.0000000e+00   5.6404303e-03
   1.9991366e+07   2.8632027e+05   1.5001225e+00   6.8886921e+01   4.9884240e-14   7.0387044e+01   1.0000000e+00   5.6346965e-03
   1.9932972e+07   9.1087503e+04   4.2772617e+00   8.3708178e+02   2.6672148e-14   8.4135904e+02   1.0000000e+00   5.6227289e-03
   1.9342490e+07   1.3132087e+06   1.0000000e-01   7.0700585e-01   1.9952006e-13   8.0700585e-01   1.0000000e+00   5.6097485e-03
   1.9370764e+07   1.4863686e+06   1.0001793e-01   4.8238537e-01   2.2855650e-13   5.8240331e-01   1.0000000e+00   5.6032484e-03
   1.9325438e+07   1.5740667e+06   1.0000000e-01   2.8411521e-01   2.7675039e-13   3.8411521e-01   1.0000000e+00   5.6029127e-03
   1.9990041e+07   1.1086131e+05   4.2986453e+00   5.1642081e+02   3.0053682e-14   5.2071946e+02   1.0000000e+00   5.5995410e-03
   1.9969955e+07   8.3196740e+04   3.8803733e+00   9.7497924e+02   2.5682012e-14   9.7885961e+02   1.0000000e+00   5.5968664e-03
   1.9573154e+07   1.0367420e+05   4.4953835e+00   5.2374967e+02   2.9982736e-14   5.2824506e+02   1.0000000e+00   5.5871611e-03
   1.9368119e+07   1.4701224e+06   1.0607739e-01   3.6669541e-01   2.5225438e-13   4.7277279e-01   1.0000000e+00   5.5795588e-03
   1.9371034e+07   1.8006085e+06   1.0000000e-01   1.9185376e-01   3.1936058e-13   2.9185376e-01   1.0000000e+00   5.5713469e-03
   1.9894165e+07   8.4170144e+04   3.5889681e+00   9.1891548e+02   2.6060275e-14   9.2250445e+02   1.0000000e+00   5.5584328e-03
   1.9905817e+07   2.1511636e+05   2.1016465e+00   1.5898337e+02   4.0409382e-14   1.6108502e+02   1.0000000e+00   5.5528669e-03
   2.0000000e+07   3.9670446e+05   8.2437167e-01   4.6003398e+01   5.5633281e-14   4.6827769e+01   1.0000000e+00   5.5508936e-03
   1.9425185e+07   1.4332593e+06   1.0000000e-01   4.9356925e-01   2.2650920e-13   5.9356925e-01   1.0000000e+00   5.5351210e-03
   1.9250118e+07   1.5461193e+05   2.4472480e+00   2.9731064e+02   3.4527978e-14   2.9975789e+02   1.0000000e+00   5.5235269e-03
   1.9357362e+07   1.8770841e+06   1.0000000e-01   1.3995236e-01   3.5917091e-13   2.3995236e-01   1.0000000e+00   5.5191754e-03
   1.9354244e+07   1.9741382e+06   1.0000002e-01   1.2476834e-01   3.7471561e-13   2.2476835e-01   1.0000000e+00   5.5014531e-03
   1.9937318e+07   1.0067263e+05   3.9092469e+00   5.8676196e+02   2.9130994e-14   5.9067120e+02   1.0000000e+00   5.5006593e-03
   1.9866178e+07   9.7412495e+04   3.7422713e+00   6.3777838e+02   2.8532146e-14   6.4152065e+02   1.0000000e+00   5.4942769e-03
   1.9941048e+07   8.1377732e+04   4.0478950e+00   9.1487487e+02   2.6091550e-14   9.1892277e+02   1.0000000e+00   5.4904401e-03
   1.4496340e+07   8.0458007e+04   8.5346835e+01   1.0000000e+03   2.5493895e-14   1.0853468e+03   1.0000000e+00   5.4866831e-03
   1.9365343e+07   1.5973926e+06   1.0000004e-01   2.8537049e-01   2.7611401e-13   3.8537054e-01   1.0000000e+00   5.4851964e-03
   1.9823909e+07   1.3422166e+05   1.8753308e+00   3.7847486e+02   3.2513909e-14   3.8035019e+02   1.0000000e+00   5.4671929e-03
   1.9362881e+07   1.6764937e+06   1.0000000e-01   2.6417405e-01   2.8394130e-13   3.6417405e-01   1.0000000e+00   5.4665813e-03
   1.9966862e+07   2.3779129e+05   1.5514381e+00   1.1875807e+02   4.3459636e-14   1.2030950e+02   1.0000000e+00   5.4612900e-03
   1.9840399e+07   9.4567591e+04   5.3506282e+00   7.4052878e+02   2.7480622e-14   7.4587941e+02   1.0000000e+00   5.4526247e-03
   2.0000000e+07   3.9244514e+05   1.9616815e-01   4.6023288e+01   5.6477222e-14   4.6219456e+01   1.0000000e+00   5.4475998e-03
   1.9965168e+07   2.4872149e+05   1.5104667e+00   1.1567042e+02   4.3791064e-14   1.1718088e+02   1.0000000e+00   5.4424831e-03
   1.9964668e+07   5.9381258e+05   6.9286770e-01   1.1505680e+01   8.0590275e-14   1.2198548e+01   1.0000000e+00   5.4416133e-03
   1.9250730e+07   1.5347267e+06   1.0000000e-01   3.5842137e-01   2.5413176e-13   4.5842137e-01   1.0000000e+00   5.4412177e-03
   1.4718467e+07   8.0545042e+04   1.4475393e+02   1.0000000e+03   2.5492895e-14   1.1447539e+03   1.0000000e+00   5.4360040e-03
   1.9899824e+07   8.8857282e+04   3.3289927e+00   7.6938904e+02   2.7239361e-14   7.7271803e+02   1.0000000e+00   5.4292698e-03
   1.9328291e+07   1.8545967e+06   1.0000484e-01   1.4832911e-01   3.5146809e-13   2.4833395e-01   1.0000000e+00   5.4203003e-03
   2.0000000e+07   3.5489242e+05   8.0969890e-01   4.2243351e+01   5.6684929e-14   4.3053050e+01   1.0000000e+00   5.4102588e-03
   1.9954087e+07   8.4492995e+04   3.9881906e+00   9.2408173e+02   2.6021631e-14   9.2806992e+02   1.0000000e+00   5.4081259e-03
   1.9984687e+07   1.0383919e+05   3.7713602e+00   6.3052171e+02   2.8610242e-14   6.3429307e+02   1.0000000e+00   5.4033392e-03
   1.9470113e+07   1.3333822e+06   1.0000000e-01   8.2769013e-01   1.8923795e-13   9.2769013e-01   1.0000000e+00   5.3946621e-03
   1.4650057e+07   8.0462720e+04   1.2099534e+02   1.0000000e+03   2.5493173e-14   1.1209953e+03   1.0000000e+00   5.3906844e-03
   1.9371512e+07   1.5771144e+06   1.0000000e-01   3.0616536e-01   2.6910017e-13   4.0616536e-01   1.0000000e+00   5.3889233e-03
   1.9370789e+07   1.4904575e+06   1.0001782e-01   4.8360331e-01   2.2839066e-13   5.8362114e-01   1.0000000e+00   5.3760405e-03
   1.9994435e+07   9.8216031e+05   1.3381737e-01   1.8721128e+00   1.4282669e-13   2.0059302e+00   1.0000000e+00   5.3638685e-03
   1.9361494e+07   1.9090015e+06   1.0000000e-01   1.5180401e-01   3.4833814e-13   2.5180401e-01   1.0000000e+00   5.3584897e-03
   1.9385416e+07   1.2737620e+06   1.0000000e-01   1.0213775e+00   1.7611893e-13   1.1213775e+00   1.0000000e+00   5.3584470e-03
   1.9982313e+07   3.7107202e+05   1.3115317e+00   5.7022015e+01   5.2647219e-14   5.8333546e+01   1.0000000e+00   5.3552174e-03
   1.9325749e+07   1.5741170e+06   1.0000000e-01   2.4513411e-01   2.9288794e-13   3.4513411e-01   1.0000000e+00   5.3523199e-03
   1.9844991e+07   9.8010816e+04   3.7356786e+00   7.0663794e+02   2.7814013e-14   7.1037362e+02   1.0000000e+00   5.3321357e-03
   1.9337451e+07   1.6890032e+06   1.0000671e-01   2.2630805e-01   3.0057655e-13   3.2631476e-01   1.0000000e+00   5.3283016e-03
   1.9902008e+07   6.2174571e+05   3.2480531e-01   1.0085599e+01   8.4082022e-14   1.0410404e+01   1.0000000e+00   5.3125425e-03
   1.9864322e+07   8.9448316e+05   1.1417055e-01   3.0075282e+00   1.2271752e-13   3.1216987e+00   1.0000000e+00   5.3099052e-03
   1.9278815e+07   1.4894715e+06   1.0000000e-01   4.3668968e-01   2.3669434e-13   5.3668968e-01   1.0000000e+00   5.2988725e-03
   1.9607255e+07   1.2938970e+05   3.7593393e+00   4.7067671e+02   3.0836670e-14   4.7443604e+02   1.0000000e+00   5.2984479e-03
   1.9658841e+07   1.3729977e+05   2.8849225e+00   3.7245838e+02   3.2627627e-14   3.7534331e+02   1.0000000e+00   5.2982882e-03
   1.9337801e+07   1.6973294e+06   1.0000000e-01   2.4218831e-01   2.9310568e-13   3.4218831e-01   1.0000000e+00   5.2697049e-03
   1.9331986e+07   1.7330367e+06   1.0000000e-01   2.0337080e-01   3.1263341e-13   3.0337080e-01   1.0000000e+00   5.2634709e-03
   1.9891329e+07   2.2881679e+05   1.6051420e+00   1.2339634e+02   4.3028024e-14   1.2500149e+02   1.0000000e+00   5.2594745e-03
   1.9635590e+07   1.1217224e+05   3.7916238e+00   4.9375290e+02   3.0397470e-14   4.9754453e+02   1.0000000e+00   5.2564050e-03
   1.9583265e+07   1.2438797e+05   2.7354662e+00   4.1592410e+02   3.1731694e-14   4.1865957e+02   1.0000000e+00   5.2542698e-03
   1.9838100e+07   4.5765273e+05   7.0882568e-01   2.1805555e+01   6.7583229e-14   2.2514380e+01   1.0000000e+00   5.2415710e-03
   1.9905564e+07   5.9865837e+05   3.3150508e-01   1.0411191e+01   8.3368561e-14   1.0742696e+01   1.0000000e+00   5.2388448e-03
   1.4791442e+07   8.0383675e+04   1.3722503e+02   1.0000000e+03   2.5492967e-14   1.1372250e+03   1.0000000e+00   5.2357907e-03
   1.9371178e+07   1.3210294e+06   1.0000000e-01   7.4529229e-01   1.9592231e-13   8.4529229e-01   1.0000000e+00   5.2304644e-03
   1.9344859e+07   1.7120153e+06   1.0000000e-01   2.3269310e-01   2.9743812e-13   3.3269310e-01   1.0000000e+00   5.2151368e-03
   1.9322618e+07   1.5735498e+06   1.0000000e-01   3.4192115e-01   2.5848952e-13   4.4192115e-01   1.0000000e+00   5.2131828e-03
   1.9377178e+07   1.3001846e+06   1.0000000e-01   9.2772838e-01   1.8198351e-13   1.0277284e+00   1.0000000e+00   5.2060817e-03
   1.9251017e+07   1.4766524e+05   2.4232262e+00   2.9403689e+02   3.4600048e-14   2.9646011e+02   1.0000000e+00   5.2042591e-03
   1.9382908e+07   1.6727500e+06   1.0000000e-01   2.9636534e-01   2.7250808e-13   3.9636534e-01   1.0000000e+00   5.2037329e-03
   1.9363982e+07   1.4759679e+05   6.4397969e+00   3.2059647e+02   3.3838830e-14   3.2703627e+02   1.0000000e+00   5.2012126e-03
   1.9927932e+07   8.6578556e+04   3.0314826e+00   7.9067479e+02   2.7064991e-14   7.9370628e+02   1.0000000e+00   5.1951492e-03
   1.9942585e+07   8.2426905e+04   4.0738481e+00   9.0721796e+02   2.6142616e-14   9.1129180e+02   1.0000000e+00   5.1912508e-03
   1.9998499e+07   1.0384044e+06   1.0000000e-01   1.5102589e+00   1.5397238e-13   1.6102589e+00   1.0000000e+00   5.1812631e-03
   1.9384517e+07   1.6206359e+06   1.0000004e-01   3.0357377e-01   2.6989042e-13   4.0357382e-01   1.0000000e+00   5.1560445e-03
   1.9337801e+07   1.6973294e+06   1.0000677e-01   2.2649698e-01   3.0044601e-13   3.2650375e-01   1.0000000e+00   5.1466399e-03
   1.9354306e+07   1.9649139e+06   1.0000003e-01   1.3208563e-01   3.6684705e-13   2.3208566e-01   1.0000000e+00   5.1463586e-03
   1.9410411e+07   1.9116804e+05   2.4764428e+00   2.0500805e+02   3.7918974e-14   2.0748449e+02   1.0000000e+00   5.1190177e-03
   1.9287561e+07   1.5099393e+06   1.0000005e-01   3.2770249e-01   2.6287705e-13   4.2770254e-01   1.0000000e+00   5.1103206e-03
   1.9976828e+07   7.6341459e+05   1.9229257e-01   5.6648214e+00   1.0013507e-13   5.8571140e+00   1.0000000e+00   5.1033904e-03
   1.9890812e+07   2.3950177e+05   1.7084728e+00   1.2696696e+02   4.2774268e-14   1.2867543e+02   1.0000000e+00   5.0869600e-03
   1.9935814e+07   1.0174923e+05   4.0498857e+00   5.7524879e+02   2.9273036e-14   5.7929868e+02   1.0000000e+00   5.0754285e-03
   1.9480680e+07   1.3360904e+06   1.0000000e-01   8.5329023e-01   1.8740472e-13   9.5329023e-01   1.0000000e+00   5.0719616e-03
   1.9497810e+07   1.3370239e+06   1.0000002e-01   7.7802316e-01   1.9317431e-13   8.7802318e-01   1.0000000e+00   5.0526813e-03
   1.9259189e+07   1.7841083e+05   2.2625608e+00   2.6318535e+02   3.5739373e-14   2.6544791e+02   1.0000000e+00   5.0191416e-03
   1.9333255e+07   1.7338498e+06   1.0000000e-01   2.0537625e-01   3.1148210e-13   3.0537625e-01   1.0000000e+00   5.0009718e-03
   1.9824839e+07   8.3222063e+04   6.9228380e+00   8.8871632e+02   2.6265924e-14   8.9563916e+02   1.0000000e+00   4.9992242e-03
   1.9365510e+07   1.6683266e+06   1.0091917e-01   2.5055364e-01   2.8946553e-13   3.5147281e-01   1.0000000e+00   4.9882798e-03
   1.9947831e+07   9.3872342e+04   4.0195046e+00   8.1630733e+02   2.6850788e-14   8.2032684e+02   1.0000000e+00   4.9709288e-03
   1.9975909e+07   1.0332302e+05   2.9772877e+00   5.5392382e+02   2.9560888e-14   5.5690110e+02   1.0000000e+00   4.9651496e-03
   1.9994267e+07   1.0366036e+06   1.4011371e-01   2.1504211e+00   1.3636563e-13   2.2905348e+00   1.0000000e+00   4.9621168e-03
   1.9964290e+07   2.3029397e+05   1.5971880e+00   1.2963950e+02   4.2518036e-14   1.3123669e+02   1.0000000e+00   4.9615759e-03
   1.9412950e+07   1.7390474e+05   2.3119233e+00   1.9481579e+02   3.8359241e-14   1.9712771e+02   1.0000000e+00   4.9540765e-03
   1.9282441e+07   1.5145926e+06   1.0000102e-01   4.3181176e-01   2.3773744e-13   5.3181278e-01   1.0000000e+00   4.9401183e-03
   1.9267080e+07   1.4956577e+06   1.0000094e-01   4.2108435e-01   2.3979402e-13   5.2108529e-01   1.0000000e+00   4.9398942e-03
   1.9325749e+07   1.5741172e+06   1.0000000e-01   2.9448114e-01   2.7304861e-13   3.9448114e-01   1.0000000e+00   4.9353898e-03
   1.9324979e+07   1.5706051e+06   1.0000000e-01   3.6594111e-01   2.5229757e-13   4.6594111e-01   1.0000000e+00   4.9333982e-03
   1.9364702e+07   1.6809892e+06   1.0096847e-01   2.4678895e-01   2.9106559e-13   3.4775742e-01   1.0000000e+00   4.9323935e-03
   1.9954223e+07   4.5029403e+05   2.8310874e-01   1.7458476e+01   7.2745251e-14   1.7741585e+01   1.0000000e+00   4.9287286e-03
   1.9394700e+07   1.9262965e+06   1.0001652e-01   1.4762384e-01   3.5198728e-13   2.4764036e-01   1.0000000e+00   4.9013298e-03
   1.9993735e+07   4.9029953e+05   1.2542407e+00   2.7028944e+01   6.3806339e-14   2.8283185e+01   1.0000000e+00   4.9007713e-03
   1.9909999e+07   8.2913002e+04   3.8789082e+00   9.5646702e+02   2.5801597e-14   9.6034593e+02   1.0000000e+00   4.8959771e-03
   1.9999836e+07   8.2344306e+04   2.5279739e+00   9.3863768e+02   2.5935956e-14   9.4116565e+02   1.0000000e+00   4.8864360e-03
   1.9983215e+07   2.5810954e+05   6.2732425e-01   5.6693367e+01   5.3304677e-14   5.7320691e+01   1.0000000e+00   4.8836622e-03
   1.9888867e+07   1.0731820e+05   4.1362751e+00   5.9098579e+02   2.9070944e-14   5.9512207e+02   1.0000000e+00   4.8820094e-03
   1.9765375e+07   9.5644559e+04   6.4109986e+00   7.0810556e+02   2.7782553e-14   7.1451656e+02   1.0000000e+00   4.8779532e-03
   1.9924242e+07   2.0251236e+06   1.0000000e-01   1.0437832e-01   4.0059825e-13   2.0437832e-01   1.0000000e+00   4.8741911e-03
   1.9384432e+07   1.6160784e+06   1.0000005e-01   3.1069841e-01   2.6763363e-13   4.1069846e-01   1.0000000e+00   4.8671784e-03
   1.9412896e+07   1.7578674e+05   2.1144477e+00   2.2483869e+02   3.7020535e-14   2.2695314e+02   1.0000000e+00   4.8537788e-03
   1.9933637e+07   1.0750837e+05   3.0086884e+00   5.9520596e+02   2.9032958e-14   5.9821465e+02   1.0000000e+00   4.8246784e-03
   1.9986986e+07   1.0786710e+05   4.5644329e+00   5.1167593e+02   3.0132530e-14   5.1624037e+02   1.0000000e+00   4.8200403e-03
   1.9992113e+07   8.7204614e+05   2.5063765e-01   3.7333996e+00   1.1348680e-13   3.9840373e+00   1.0000000e+00   4.7978430e-03
   1.9642649e+07   1.1329340e+05   3.7406492e+00   4.9703171e+02   3.0345672e-14   5.0077236e+02   1.0000000e+00   4.7613149e-03
   1.9841506e+07   7.6047773e+05   2.1624387e-01   4.9291448e+00   1.0438793e-13   5.1453887e+00   1.0000000e+00   4.7563626e-03
   1.9358089e+07   1.3441914e+06   1.0000000e-01   6.2333359e-01   2.0854553e-13   7.2333359e-01   1.0000000e+00   4.7357075e-03
   1.9701972e+07   9.6136532e+04   4.7276491e+00   6.9830355e+02   2.7885280e-14   7.0303120e+02   1.0000000e+00   4.7218754e-03
   1.9590760e+07   1.1705415e+05   4.4989931e+00   5.3962970e+02   2.9761506e-14   5.4412869e+02   1.0000000e+00   4.7103788e-03
   1.9911048e+07   2.0454469e+06   1.0000000e-01   1.0962984e-01   3.9322203e-13   2.0962984e-01   1.0000000e+00   4.6818371e-03
   1.9335582e+07   1.7027452e+06   1.0004621e-01   1.9812712e-01   3.1599901e-13   2.9817333e-01   1.0000000e+00   4.6701293e-03
   1.9366247e+07   1.3156127e+06   1.0000000e-01   6.2925066e-01   2.0794580e-13   7.2925066e-01   1.0000000e+00   4.6581264e-03
   2.0000000e+07   8.8200393e+04   4.6855182e+00   8.0717252e+02   2.6903483e-14   8.1185804e+02   1.0000000e+00   4.6385305e-03
   1.9959776e+07   8.3197905e+05   1.2223974e-01   4.4652712e+00   1.0843423e-13   4.5875110e+00   1.0000000e+00   4.6231021e-03
   1.9364566e+07   1.9098065e+06   1.0000005e-01   1.3335521e-01   3.6561746e-13   2.3335526e-01   1.0000000e+00   4.6212525e-03
   1.9364470e+07   1.3170187e+06   1.0000233e-01   7.5903895e-01   1.9468721e-13   8.5904129e-01   1.0000000e+00   4.6185309e-03
   1.9325718e+07   1.6064136e+06   1.0000000e-01   4.0023054e-01   2.4502064e-13   5.0023054e-01   1.0000000e+00   4.6126474e-03
   1.9377178e+07   1.3001845e+06   1.0000000e-01   9.2740524e-01   1.8200403e-13   1.0274052e+00   1.0000000e+00   4.6121360e-03
   1.9974836e+07   1.1222784e+06   1.0000000e-01   1.0774385e+00   1.7266343e-13   1.1774385e+00   1.0000000e+00   4.6043839e-03
   1.9996403e+07   1.1617994e+05   4.6774291e+00   4.4417099e+02   3.1206874e-14   4.4884842e+02   1.0000000e+00   4.5968384e-03
   1.9925222e+07   8.5750276e+04   3.8374884e+00   9.4178044e+02   2.5908125e-14   9.4561793e+02   1.0000000e+00   4.5931325e-03
   1.9354619e+07   1.9604082e+06   1.0000003e-01   1.2585858e-01   3.7350893e-13   2.2585861e-01   1.0000000e+00   4.5704831e-03
   2.0000000e+07   7.6373827e+05   2.4901829e-01   4.5613471e+00   1.0683178e-13   4.8103654e+00   1.0000000e+00   4.5657935e-03
   1.9278187e+07   1.6748007e+05   2.1924055e+00   2.4781466e+02   3.6130351e-14   2.5000707e+02   1.0000000e+00   4.5486903e-03
   1.9991592e+07   8.9171421e+04   4.7077517e+00   8.0824854e+02   2.6893232e-14   8.1295629e+02   1.0000000e+00   4.5455605e-03
   1.8987826e+07   8.0958021e+04   1.7994202e+01   1.0000000e+03   2.5498200e-14   1.0179942e+03   1.0000000e+00   4.5428730e-03
   1.9909700e+07   8.3547410e+04   3.9926339e+00   8.8473348e+02   2.6305737e-14   8.8872612e+02   1.0000000e+00   4.5417682e-03
   1.9345055e+07   1.7124112e+06   1.0000646e-01   2.3504234e-01   2.9634601e-13   3.3504880e-01   1.0000000e+00   4.5381871e-03
   1.9993781e+07   9.6460124e+05   1.3385888e-01   1.9375822e+00   1.4129691e-13   2.0714411e+00   1.0000000e+00   4.5355957e-03
   2.0000000e+07   8.3702104e+04   2.5141236e+00   9.4814412e+02   2.5872935e-14   9.5065824e+02   1.0000000e+00   4.5196088e-03
   1.4078915e+07   8.0475882e+04   7.1818817e+01   1.0000000e+03   2.5494500e-14   1.0718188e+03   1.0000000e+00   4.4995740e-03
   1.9994815e+07   2.0088553e+06   1.0019320e-01   1.1340610e-01   3.8825063e-13   2.1359930e-01   1.0000000e+00   4.4930227e-03
   1.9985842e+07   2.9131007e+05   6.5692968e-01   5.9689946e+01   5.1982179e-14   6.0346876e+01   1.0000000e+00   4.4730765e-03
   1.9851892e+07   4.5909606e+05   6.6496913e-01   2.1335854e+01   6.8015760e-14   2.2000823e+01   1.0000000e+00   4.4689183e-03
   1.9991876e+07   1.0763466e+06   1.4151553e-01   1.8237642e+00   1.4388799e-13   1.9652797e+00   1.0000000e+00   4.4669919e-03
   1.9982856e+07   2.6494194e+05   7.1005622e-01   6.7146811e+01   5.0532410e-14   6.7856867e+01   1.0000000e+00   4.4659601e-03
   1.9987991e+07   1.1143273e+05   4.1193532e+00   5.1961830e+02   3.0008449e-14   5.2373765e+02   1.0000000e+00   4.4498608e-03
   1.9958757e+07   7.8308904e+05   2.4458251e-01   7.3472402e+00   9.2978394e-14   7.5918228e+00   1.0000000e+00   4.4337264e-03
   1.9976678e+07   1.0980705e+05   4.0969718e+00   5.0810559e+02   3.0180874e-14   5.1220257e+02   1.0000000e+00   4.4212424e-03
   1.9857050e+07   6.3151455e+05   2.8775613e-01   1.3899420e+01   7.7268996e-14   1.4187176e+01   1.0000000e+00   4.4182329e-03
   1.9851685e+07   1.2506886e+05   2.5493969e+00   4.3461011e+02   3.1395446e-14   4.3715951e+02   1.0000000e+00   4.4147314e-03
   1.9923447e+07   8.3606617e+04   3.8797386e+00   9.5528548e+02   2.5810726e-14   9.5916522e+02   1.0000000e+00   4.4123151e-03
   1.9991523e+07   2.6093565e+05   6.6542573e-01   7.4428979e+01   4.9152321e-14   7.5094405e+01   1.0000000e+00   4.4062361e-03
   1.9316438e+07   1.9170859e+06   1.0000003e-01   1.4343260e-01   3.5574037e-13   2.4343262e-01   1.0000000e+00   4.3971210e-03
   1.9914974e+07   2.3976180e+05   1.9774614e+00   1.1236797e+02   4.4033291e-14   1.1434543e+02   1.0000000e+00   4.3938360e-03
   1.9981118e+07   7.3849444e+05   1.0000000e-01   4.6727840e+00   1.0760879e-13   4.7727840e+00   1.0000000e+00   4.3929252e-03
   1.9859460e+07   9.8073105e+04   3.7362938e+00   6.3090932e+02   2.8608294e-14   6.3464562e+02   1.0000000e+00   4.3663034e-03
   2.0000000e+07   7.6828006e+05   1.0000000e-01   5.7544714e+00   1.0088970e-13   5.8544714e+00   1.0000000e+00   4.3578189e-03
   1.9287570e+07   1.4954481e+06   1.0000000e-01   3.8098880e-01   2.4863636e-13   4.8098880e-01   1.0000000e+00   4.3460135e-03
   1.9490939e+07   1.3128222e+06   1.0000000e-01   7.3644717e-01   1.9667520e-13   8.3644717e-01   1.0000000e+00   4.3377757e-03
   1.9932883e+07   2.6775839e+05   6.9182973e-01   7.7469892e+01   4.8572061e-14   7.8161722e+01   1.0000000e+00   4.3360906e-03
   1.9873507e+07   2.0777656e+05   2.2501619e+00   1.5674225e+02   4.0500532e-14   1.5899242e+02   1.0000000e+00   4.3016719e-03
   2.0000000e+07   8.5052319e+04   6.7500195e+00   8.6785777e+02   2.6418266e-14   8.7460778e+02   1.0000000e+00   4.2837985e-03
   1.4534738e+07   8.0571104e+04   1.2092844e+02   1.0000000e+03   2.5493202e-14   1.1209284e+03   1.0000000e+00   4.2772557e-03
   1.4496340e+07   8.0457999e+04   8.5391553e+01   1.0000000e+03   2.5493894e-14   1.0853916e+03   1.0000000e+00   4.2719513e-03
   1.9975697e+07   1.1033769e+06   1.0000000e-01   1.1344779e+00   1.6969967e-13   1.2344779e+00   1.0000000e+00   4.2679722e-03
   1.9361673e+07   1.6808093e+06   1.0000001e-01   2.9003907e-01   2.7465972e-13   3.9003909e-01   1.0000000e+00   4.2598567e-03
   1.9917637e+07   2.0363055e+06   1.0000000e-01   1.1317173e-01   3.8857756e-13   2.1317173e-01   1.0000000e+00   4.2462348e-03
   1.4818288e+07   8.0473509e+04   1.4210642e+02   1.0000000e+03   2.5492901e-14   1.1421064e+03   1.0000000e+00   4.2461425e-03
   1.9991317e+07   1.1678157e+05   4.7174546e+00   4.4515663e+02   3.1186254e-14   4.4987409e+02   1.0000000e+00   4.2363769e-03
   1.9644267e+07   8.0457554e+04   3.4046009e+01   1.0000000e+03   2.5494696e-14   1.0340460e+03   1.0000000e+00   4.2190593e-03
   1.4823191e+07   8.0473152e+04   1.3984013e+02   1.0000000e+03   2.5492922e-14   1.1398401e+03   1.0000000e+00   4.2182473e-03
   1.9356276e+07   2.0440332e+06   1.0000000e-01   1.2428508e-01   3.7560724e-13   2.2428508e-01   1.0000000e+00   4.2149526e-03
   1.9302294e+07   1.8549799e+06   1.0000486e-01   1.3991011e-01   3.5942237e-13   2.3991497e-01   1.0000000e+00   4.2133452e-03
   1.9252814e+07   1.4897238e+05   2.4253267e+00   2.8585164e+02   3.4844342e-14   2.8827697e+02   1.0000000e+00   4.2088657e-03
   1.9311020e+07   1.5725489e+06   1.0000000e-01   2.4928565e-01   2.9100758e-13   3.4928565e-01   1.0000000e+00   4.1972838e-03
   1.9952893e+07   8.2772466e+04   4.1282608e+00   8.9479118e+02   2.6232448e-14   8.9891944e+02   1.0000000e+00   4.1891611e-03
   1.9822160e+07   8.2524384e+05   4.8996429e-01   6.7928730e+00   9.4933684e-14   7.2828373e+00   1.0000000e+00   4.1782427e-03
   1.9869299e+07   2.1585263e+05   1.7804734e+00   1.0689159e+02   4.4743940e-14   1.0867206e+02   1.0000000e+00   4.1743526e-03
   1.9991523e+07   2.6093566e+05   6.9290332e-01   7.4517375e+01   4.9125899e-14   7.5210278e+01   1.0000000e+00   4.1714891e-03
   1.9339725e+07   1.3894633e+05   2.2930801e+00   3.4636427e+02   3.3224240e-14   3.4865735e+02   1.0000000e+00   4.1550988e-03
   1.9891413e+07   1.0202646e+05   4.0687093e+00   5.9741051e+02   2.8990853e-14   6.0147922e+02   1.0000000e+00   4.1502175e-03
   1.9384722e+07   1.6244135e+06   1.0000000e-01   3.2426862e-01   2.6362876e-13   4.2426862e-01   1.0000000e+00   4.1499811e-03
   1.9840211e+07   9.7159633e+04   3.6656018e+00   7.1218700e+02   2.7759269e-14   7.1585260e+02   1.0000000e+00   4.1303543e-03
   1.9221976e+07   8.0450197e+04   2.7286171e+01   1.0000000e+03   2.5495669e-14   1.0272862e+03   1.0000000e+00   4.1145648e-03
   1.9362945e+07   1.6728786e+06   1.0000000e-01   2.6372738e-01   2.8410705e-13   3.6372739e-01   1.0000000e+00   4.1111647e-03
   1.9378593e+07   1.3042172e+06   1.0007190e-01   8.2171274e-01   1.8945242e-13   9.2178465e-01   1.0000000e+00   4.1092453e-03
   1.9223731e+07   1.4400411e+05   2.5324998e+00   2.8770746e+02   3.4796368e-14   2.9023996e+02   1.0000000e+00   4.1012367e-03
   1.4750419e+07   8.0393041e+04   1.3374676e+02   1.0000000e+03   2.5493009e-14   1.1337468e+03   1.0000000e+00   4.0917110e-03
   1.9431846e+07   1.3212884e+06   1.0000000e-01   6.9608662e-01   2.0059067e-13   7.9608662e-01   1.0000000e+00   4.0857251e-03
   1.9955426e+07   5.9935807e+05   6.8906858e-01   1.1196898e+01   8.1218235e-14   1.1885966e+01   1.0000000e+00   4.0778353e-03
   1.9994290e+07   1.1943484e+05   4.5603407e+00   5.1306625e+02   3.0130110e-14   5.1762660e+02   1.0000000e+00   4.0771206e-03
   1.9837972e+07   6.8644213e+05   4.9033417e-01   6.8517578e+00   9.3933865e-14   7.3420919e+00   1.0000000e+00   4.0744751e-03
   1.9355571e+07   1.8915463e+06   1.0002411e-01   1.2781693e-01   3.7176674e-13   2.2784104e-01   1.0000000e+00   4.0732094e-03
   1.9966540e+07   9.5525176e+05   1.4077147e-01   1.9160500e+00   1.4187183e-13   2.0568215e+00   1.0000000e+00   4.0664643e-03
   1.9925500e+07   9.2902221e+04   4.0166637e+00   8.2402689e+02   2.6784537e-14   8.2804356e+02   1.0000000e+00   4.0470947e-03
   1.9360809e+07   1.9998555e+06   1.0000201e-01   1.1554590e-01   3.8563585e-13   2.1554791e-01   1.0000000e+00   4.0434589e-03
   1.9991803e+07   1.1336187e+06   1.0286476e-01   1.7452816e+00   1.4714365e-13   1.8481464e+00   1.0000000e+00   4.0402932e-03
