   1.1192654e+07   1.0000000e-01   1.0000000e-02   2.0981178e-12   1.1000000e-01   1.0000000e+00             Inf
   7.9026942e+05   1.0000000e+03   1.0000000e+02   7.3122847e-14   1.1000000e+03   1.0000000e+00             Inf
   1.1152189e+07   3.1439215e-01   4.7628337e-02   1.1744330e-12   3.6202048e-01   1.0000000e+00   1.9048330e-02
   1.1343960e+06   4.3746411e+02   7.6462947e+00   9.1000930e-14   4.4511041e+02   1.0000000e+00   1.8439989e-02
   3.1676586e+06   5.2475898e+01   1.6763944e+00   1.6428451e-13   5.4152292e+01   1.0000000e+00   1.6582386e-02
   1.1212893e+07   3.4350540e-01   3.4547439e-02   1.1480785e-12   3.7805284e-01   1.0000000e+00   1.6491778e-02
   3.0919764e+06   4.4020582e+01   2.2825719e+00   1.7261691e-13   4.6303154e+01   1.0000000e+00   1.6139668e-02
   1.1034776e+06   4.2604837e+02   4.9494529e+00   9.1877609e-14   4.3099783e+02   1.0000000e+00   1.5990083e-02
   1.8479893e+06   1.7749713e+02   2.3766071e+00   1.1655032e-13   1.7987374e+02   1.0000000e+00   1.5612698e-02
   9.7806499e+06   2.6499003e+00   2.0099663e-01   4.6350268e-13   2.8508969e+00   1.0000000e+00   1.4769183e-02
   1.0394126e+07   9.0813264e-01   9.2417489e-02   7.2630413e-13   1.0005501e+00   1.0000000e+00   1.4457674e-02
   8.1289617e+05   9.6284760e+02   1.0015805e+01   7.4005339e-14   9.7286340e+02   1.0000000e+00   1.4378937e-02
   1.9687551e+06   1.4430684e+02   4.1822114e+00   1.2276903e-13   1.4848905e+02   1.0000000e+00   1.4371317e-02
   1.0645267e+06   4.9143226e+02   5.0047065e+00   8.8408805e-14   4.9643697e+02   1.0000000e+00   1.3840414e-02
   3.3459890e+06   6.1522438e+01   2.1206755e+00   1.5740404e-13   6.3643113e+01   1.0000000e+00   1.3495663e-02
   9.9387626e+05   7.1061201e+02   7.2894230e+00   8.0237558e-14   7.1790143e+02   1.0000000e+00   1.2674349e-02
   9.1337931e+05   7.1607082e+02   7.7088397e+00   7.9968975e-14   7.2377966e+02   1.0000000e+00   1.2567587e-02
   6.2336826e+06   9.4707426e+00   3.8909483e-01   2.8724647e-13   9.8598374e+00   1.0000000e+00   1.2560859e-02
   1.3122587e+06   3.8066432e+02   5.3845105e+00   9.4552619e-14   3.8604883e+02   1.0000000e+00   1.2537669e-02
   1.4521780e+06   2.4154433e+02   6.2356927e+00   1.0672531e-13   2.4778003e+02   1.0000000e+00   1.1950716e-02
   8.1360399e+05   8.6372408e+02   9.1948121e+00   7.6155573e-14   8.7291889e+02   1.0000000e+00   1.1846427e-02
   1.1221196e+06   4.5897879e+02   7.4736868e+00   8.9849612e-14   4.6645247e+02   1.0000000e+00   1.1701247e-02
   1.5435599e+06   2.6097245e+02   5.7821900e+00   1.0446480e-13   2.6675464e+02   1.0000000e+00   1.1340197e-02
   7.9118916e+05   1.0000000e+03   6.4589798e+01   7.3132556e-14   1.0645898e+03   1.0000000e+00   1.1274707e-02
   1.0818913e+06   5.0160352e+02   5.0866651e+00   8.7900107e-14   5.0669018e+02   1.0000000e+00   1.1260986e-02
   3.1000816e+06   4.8617810e+01   2.2547947e+00   1.6747165e-13   5.0872605e+01   1.0000000e+00   1.1251070e-02
   1.6105626e+06   1.9734267e+02   4.6201200e+00   1.1279716e-13   2.0196279e+02   1.0000000e+00   1.1187765e-02
   1.6981561e+06   1.6242918e+02   4.3385847e+00   1.1912746e-13   1.6676777e+02   1.0000000e+00   1.1126360e-02
   1.0369268e+07   9.4783059e-01   1.2461799e-01   7.0450805e-13   1.0724486e+00   1.0000000e+00   1.1098194e-02
   6.1334630e+06   1.5234330e+01   7.6764997e-01   2.4391690e-13   1.6001980e+01   1.0000000e+00   1.1002082e-02
   9.9318013e+06   1.7210226e+00   1.7785716e-01   5.4668141e-13   1.8988798e+00   1.0000000e+00   1.0966743e-02
   9.0506196e+05   7.8967892e+02   7.5151640e+00   7.7978510e-14   7.9719408e+02   1.0000000e+00   1.0866485e-02
   1.1108056e+07   2.3866718e-01   2.7131253e-02   1.3596031e-12   2.6579844e-01   1.0000000e+00   1.0841937e-02
   1.1750303e+06   4.5284562e+02   7.4161602e+00   9.0168759e-14   4.6026178e+02   1.0000000e+00   1.0833256e-02
   1.1210563e+07   1.1683586e-01   1.4351817e-02   1.9212938e-12   1.3118768e-01   1.0000000e+00   1.0771425e-02
   7.6326656e+05   9.7581429e+02   1.0170610e+01   7.3776894e-14   9.8598490e+02   1.0000000e+00   1.0769699e-02
   1.5014640e+06   2.6795802e+02   5.5655953e+00   1.0372826e-13   2.7352361e+02   1.0000000e+00   1.0641649e-02
   1.1192654e+07   1.2035573e-01   1.7029675e-02   1.8809980e-12   1.3738540e-01   1.0000000e+00   1.0636433e-02
   9.4122902e+05   7.2244835e+02   9.0144469e+00   7.9755941e-14   7.3146280e+02   1.0000000e+00   1.0546935e-02
   1.1488579e+07   1.2675407e-01   1.6126675e-02   1.8421606e-12   1.4288075e-01   1.0000000e+00   1.0439197e-02
   8.6273413e+05   8.0646123e+02   8.1748636e+00   7.7522732e-14   8.1463609e+02   1.0000000e+00   1.0383788e-02
   1.1587691e+06   4.0430326e+02   4.7717059e+00   9.3106033e-14   4.0907497e+02   1.0000000e+00   1.0252662e-02
   1.0382892e+07   1.1557449e+00   1.1035533e-01   6.5362905e-13   1.2661002e+00   1.0000000e+00   1.0167508e-02
   1.1233020e+07   1.0682531e-01   1.4046406e-02   2.0013868e-12   1.2087172e-01   1.0000000e+00   1.0100075e-02
   1.1135079e+07   2.6603782e-01   2.7542653e-02   1.2963942e-12   2.9358047e-01   1.0000000e+00   1.0015572e-02
   1.3987439e+06   3.1603641e+02   6.0632459e+00   9.9238160e-14   3.2209966e+02   1.0000000e+00   9.9340515e-03
   1.1685983e+07   1.4403267e-01   1.9488176e-02   1.7249318e-12   1.6352085e-01   1.0000000e+00   9.8269072e-03
   7.9011295e+05   9.5597350e+02   8.2896331e+00   7.4180921e-14   9.6426313e+02   1.0000000e+00   9.7450745e-03
   2.1616624e+06   1.2464709e+02   2.0583279e+00   1.2852469e-13   1.2670542e+02   1.0000000e+00   9.7384589e-03
   8.0776321e+05   9.8269549e+02   1.0266975e+01   7.3613702e-14   9.9296247e+02   1.0000000e+00   9.7343125e-03
   1.7456077e+06   1.3841063e+02   4.7499263e+00   1.2476085e-13   1.4316055e+02   1.0000000e+00   9.6825640e-03
   1.3268392e+06   3.6366977e+02   5.2409721e+00   9.5690742e-14   3.6891075e+02   1.0000000e+00   9.6792465e-03
   1.1466759e+07   1.0796653e-01   1.4456853e-02   1.9886616e-12   1.2242338e-01   1.0000000e+00   9.6702503e-03
   7.9185525e+05   1.0000000e+03   5.5848903e+01   7.3136898e-14   1.0558489e+03   1.0000000e+00   9.6698187e-03
   1.5854917e+06   2.4904828e+02   5.6850887e+00   1.0579602e-13   2.5473337e+02   1.0000000e+00   9.6663701e-03
   1.1222089e+07   1.2663323e-01   1.4222962e-02   1.8551573e-12   1.4085620e-01   1.0000000e+00   9.6617530e-03
   9.7388993e+06   2.4558158e+00   2.0492744e-01   4.7552637e-13   2.6607433e+00   1.0000000e+00   9.6439025e-03
   9.5577126e+05   7.0215865e+02   7.9044784e+00   8.0381130e-14   7.1006313e+02   1.0000000e+00   9.6147344e-03
   8.0958053e+05   9.9703492e+02   8.2532164e+00   7.3389106e-14   1.0052881e+03   1.0000000e+00   9.5659563e-03
   3.7845885e+06   3.8288346e+01   1.7333387e+00   1.8017689e-13   4.0021685e+01   1.0000000e+00   9.5150441e-03
   8.1140575e+05   1.0000000e+03   1.0228160e+01   7.3294624e-14   1.0102282e+03   1.0000000e+00   9.5073737e-03
   1.1467615e+07   1.1109017e-01   1.4923266e-02   1.9605920e-12   1.2601344e-01   1.0000000e+00   9.5062009e-03
   5.9435290e+06   7.7481669e+00   6.1762993e-01   3.0352163e-13   8.3657968e+00   1.0000000e+00   9.4656924e-03
   1.0263405e+06   6.3661366e+02   8.7527983e+00   8.2470801e-14   6.4536645e+02   1.0000000e+00   9.3819268e-03
   8.5269432e+05   8.7172201e+02   7.4580346e+00   7.5997307e-14   8.7918004e+02   1.0000000e+00   9.3456068e-03
   8.9764429e+05   7.9662568e+02   7.6655979e+00   7.7792589e-14   8.0429128e+02   1.0000000e+00   9.3313115e-03
   1.1141215e+07   2.4923409e-01   2.6975480e-02   1.3347766e-12   2.7620957e-01   1.0000000e+00   9.2934391e-03
   8.5910746e+05   8.5808401e+02   8.2227629e+00   7.6285430e-14   8.6630677e+02   1.0000000e+00   9.2670696e-03
   1.0078273e+07   2.7179677e+00   4.7589242e-01   4.4660036e-13   3.1938601e+00   1.0000000e+00   9.2606504e-03
   1.1324474e+07   1.1861640e-01   1.4169361e-02   1.9095419e-12   1.3278576e-01   1.0000000e+00   9.2152392e-03
   1.1435126e+07   1.5989693e+00   2.3776937e-01   5.6146222e-13   1.8367387e+00   1.0000000e+00   9.2070250e-03
   1.1763002e+06   4.0795425e+02   5.4393598e+00   9.2798684e-14   4.1339361e+02   1.0000000e+00   9.1747495e-03
   1.4191794e+06   3.2415996e+02   5.7452933e+00   9.8640331e-14   3.2990525e+02   1.0000000e+00   9.1654295e-03
   1.7003995e+06   1.8963021e+02   4.6972342e+00   1.1392690e-13   1.9432744e+02   1.0000000e+00   9.1522535e-03
   1.6769720e+06   1.6678114e+02   4.2351665e+00   1.1828770e-13   1.7101631e+02   1.0000000e+00   9.1477344e-03
   1.1429915e+06   4.4560097e+02   5.0300283e+00   9.0683126e-14   4.5063100e+02   1.0000000e+00   9.1391137e-03
   1.9280955e+06   1.5496591e+02   2.0121044e+00   1.2109818e-13   1.5697802e+02   1.0000000e+00   9.1248373e-03
   8.7514818e+05   8.2125475e+02   9.9970266e+00   7.7116675e-14   8.3125178e+02   1.0000000e+00   9.1112299e-03
   1.4008640e+06   2.8132002e+02   5.8194185e+00   1.0239113e-13   2.8713944e+02   1.0000000e+00   9.0836156e-03
   1.0190146e+07   1.0562311e+00   1.4315285e-01   6.7021741e-13   1.1993840e+00   1.0000000e+00   9.0202335e-03
   1.1168784e+06   4.4740857e+02   7.4698310e+00   9.0478008e-14   4.5487840e+02   1.0000000e+00   9.0101457e-03
   9.9791916e+06   3.9095224e+00   3.5699378e-01   3.9750849e-13   4.2665161e+00   1.0000000e+00   9.0054108e-03
   1.1176613e+07   1.8655648e-01   2.2272176e-02   1.5291512e-12   2.0882866e-01   1.0000000e+00   8.9948531e-03
   1.1534911e+07   2.0937588e-01   2.7492182e-02   1.4386660e-12   2.3686807e-01   1.0000000e+00   8.9781666e-03
   1.0410836e+07   1.2883428e+00   1.5675905e-01   6.1637846e-13   1.4451019e+00   1.0000000e+00   8.9442244e-03
   1.5235565e+06   2.7382189e+02   5.7546846e+00   1.0315148e-13   2.7957658e+02   1.0000000e+00   8.9158702e-03
   6.1549015e+06   5.3894174e+00   6.0611315e-01   3.4653262e-13   5.9955305e+00   1.0000000e+00   8.9075077e-03
   8.7149427e+05   7.4825139e+02   5.6782479e+00   7.9168671e-14   7.5392964e+02   1.0000000e+00   8.8856716e-03
   8.6946517e+05   7.4498901e+02   5.6963518e+00   7.9264293e-14   7.5068536e+02   1.0000000e+00   8.8390976e-03
   1.1430374e+06   4.6507889e+02   7.7009148e+00   8.9520589e-14   4.7277981e+02   1.0000000e+00   8.7720415e-03
   9.7168107e+05   6.2878817e+02   7.1472256e+00   8.2744068e-14   6.3593539e+02   1.0000000e+00   8.7261521e-03
   4.4701397e+06   1.5721288e+01   1.4082747e+00   2.3796488e-13   1.7129563e+01   1.0000000e+00   8.7227963e-03
   1.6034477e+06   2.5584197e+02   5.9411898e+00   1.0507688e-13   2.6178316e+02   1.0000000e+00   8.7013113e-03
   5.7586872e+06   6.0174505e+00   5.9895469e-01   3.3440332e-13   6.6164052e+00   1.0000000e+00   8.6366694e-03
   7.9327509e+05   1.0000000e+03   1.5652532e+01   7.3218500e-14   1.0156525e+03   1.0000000e+00   8.5986885e-03
   1.0389616e+06   5.4342507e+02   7.7156908e+00   8.5942499e-14   5.5114076e+02   1.0000000e+00   8.5512290e-03
   8.3824260e+05   8.1817390e+02   7.6761852e+00   7.7266319e-14   8.2585008e+02   1.0000000e+00   8.5239718e-03
   1.0419117e+07   1.0287452e+00   1.1776312e-01   6.8281575e-13   1.1465084e+00   1.0000000e+00   8.5144409e-03
   1.0514605e+06   5.6454095e+02   7.6747000e+00   8.5089020e-14   5.7221565e+02   1.0000000e+00   8.4832348e-03
   1.0246417e+07   3.6824770e+00   3.6494319e-01   4.0651049e-13   4.0474202e+00   1.0000000e+00   8.4652907e-03
   1.1177716e+07   1.8156812e-01   2.0432785e-02   1.5543033e-12   2.0200090e-01   1.0000000e+00   8.4502527e-03
   1.1263649e+07   4.8210736e-01   4.6864275e-02   9.7899260e-13   5.2897163e-01   1.0000000e+00   8.4433517e-03
   1.9197044e+06   1.5765406e+02   1.9073725e+00   1.2061062e-13   1.5956143e+02   1.0000000e+00   8.4369310e-03
   1.9154792e+06   1.1657985e+02   4.1253628e+00   1.3075607e-13   1.2070521e+02   1.0000000e+00   8.4131092e-03
   9.1818152e+05   7.3027996e+02   7.1031422e+00   7.9579602e-14   7.3738311e+02   1.0000000e+00   8.4109825e-03
   8.4620646e+05   9.0950678e+02   1.0383940e+01   7.5107893e-14   9.1989072e+02   1.0000000e+00   8.4104736e-03
   1.1221075e+07   1.1586170e-01   1.0000000e-02   1.9695357e-12   1.2586170e-01   1.0000000e+00   8.4038538e-03
   7.7951873e+05   9.9995572e+02   5.0621559e+01   7.3144133e-14   1.0505773e+03   1.0000000e+00   8.3909082e-03
   4.3826094e+06   2.4935125e+01   1.6605193e+00   2.0479930e-13   2.6595644e+01   1.0000000e+00   8.2987030e-03
   2.9465307e+06   9.6952072e+01   1.4974118e+00   1.4024597e-13   9.8449484e+01   1.0000000e+00   8.2745387e-03
   1.1181805e+07   4.1884019e-01   4.6735384e-02   1.0382782e-12   4.6557557e-01   1.0000000e+00   8.2718523e-03
   1.0396419e+07   9.8533899e-01   1.1699160e-01   6.9509416e-13   1.1023306e+00   1.0000000e+00   8.2653540e-03
   6.6297173e+06   6.8148002e+00   6.2921938e-01   3.1639618e-13   7.4440196e+00   1.0000000e+00   8.2607434e-03
   1.0441018e+07   1.1116945e+00   1.0772491e-01   6.6468405e-13   1.2194194e+00   1.0000000e+00   8.2524624e-03
   1.1127848e+07   1.6147118e-01   2.2021785e-02   1.6309263e-12   1.8349296e-01   1.0000000e+00   8.2485970e-03
   9.7556893e+06   1.3982227e+00   1.6121240e-01   5.9530719e-13   1.5594351e+00   1.0000000e+00   8.2415059e-03
   1.1486988e+07   1.2454865e-01   1.4393789e-02   1.8674980e-12   1.3894244e-01   1.0000000e+00   8.2310985e-03
   1.1437768e+07   1.3658691e-01   1.6942854e-02   1.7779947e-12   1.5352976e-01   1.0000000e+00   8.2091933e-03
   2.0931873e+06   1.2904653e+02   4.2838689e+00   1.2657487e-13   1.3333040e+02   1.0000000e+00   8.2049831e-03
   1.3240368e+06   3.7401862e+02   5.5106690e+00   9.4985263e-14   3.7952929e+02   1.0000000e+00   8.1698782e-03
   9.5716333e+05   6.9211902e+02   7.8671503e+00   8.0679444e-14   6.9998617e+02   1.0000000e+00   8.1602887e-03
   1.1219644e+07   3.7969756e-01   4.8881598e-02   1.0803863e-12   4.2857916e-01   1.0000000e+00   8.1587674e-03
   1.1222809e+07   1.4844337e-01   1.9946875e-02   1.7004862e-12   1.6839024e-01   1.0000000e+00   8.1546369e-03
   1.1230458e+07   1.5964978e-01   1.7387540e-02   1.6583178e-12   1.7703732e-01   1.0000000e+00   8.1438483e-03
   1.6647083e+06   2.3021314e+02   4.1831189e+00   1.0823936e-13   2.3439626e+02   1.0000000e+00   8.1168797e-03
   1.1148487e+07   2.9659801e-01   2.7345647e-02   1.2384885e-12   3.2394366e-01   1.0000000e+00   8.1078952e-03
   1.0261368e+06   5.5518137e+02   7.8012477e+00   8.5461060e-14   5.6298261e+02   1.0000000e+00   8.0975390e-03
   5.7825260e+06   5.6138112e+00   2.4481991e-01   3.5104585e-13   5.8586311e+00   1.0000000e+00   8.0948305e-03
   1.8941827e+06   1.8428176e+02   2.3987246e+00   1.1551120e-13   1.8668048e+02   1.0000000e+00   8.0487639e-03
   8.3596119e+05   9.3072695e+02   1.1047340e+01   7.4649321e-14   9.4177429e+02   1.0000000e+00   8.0093241e-03
   1.1140665e+07   1.0356817e-01   1.3521604e-02   2.0332487e-12   1.1708977e-01   1.0000000e+00   7.9484448e-03
   9.8482568e+05   6.1930284e+02   7.8800431e+00   8.3045281e-14   6.2718288e+02   1.0000000e+00   7.9413985e-03
   8.7178513e+05   8.4072901e+02   7.3190530e+00   7.6721595e-14   8.4804806e+02   1.0000000e+00   7.9276917e-03
   1.0378511e+07   8.2606255e-01   1.4368473e-01   7.4293407e-13   9.6974728e-01   1.0000000e+00   7.8896936e-03
   1.1535421e+07   1.3935655e-01   1.5691012e-02   1.7697640e-12   1.5504756e-01   1.0000000e+00   7.8411444e-03
   7.9207001e+05   1.0000000e+03   7.1851734e+01   7.3129871e-14   1.0718517e+03   1.0000000e+00   7.8347039e-03
   2.7196669e+06   8.1665906e+01   1.7547859e+00   1.4495254e-13   8.3420692e+01   1.0000000e+00   7.8174342e-03
   1.1490514e+07   1.7295478e-01   2.0784848e-02   1.5862845e-12   1.9373963e-01   1.0000000e+00   7.8022213e-03
   9.5942570e+05   6.8706112e+02   7.9118858e+00   8.0831415e-14   6.9497301e+02   1.0000000e+00   7.7936365e-03
   1.2016339e+06   4.2309427e+02   4.9369134e+00   9.1936404e-14   4.2803119e+02   1.0000000e+00   7.7934791e-03
   9.5967696e+05   6.4395096e+02   7.0883805e+00   8.2234014e-14   6.5103934e+02   1.0000000e+00   7.7824697e-03
   7.9894327e+05   9.9998240e+02   2.6657339e+01   7.3174451e-14   1.0266397e+03   1.0000000e+00   7.7487983e-03
   1.1049802e+07   2.3855550e-01   2.3284919e-02   1.3714315e-12   2.6184042e-01   1.0000000e+00   7.7390375e-03
   1.1030712e+07   1.5009059e-01   1.6232893e-02   1.7101664e-12   1.6632348e-01   1.0000000e+00   7.7241476e-03
   6.9189476e+06   4.8679269e+00   3.5874761e-01   3.6150908e-13   5.2266746e+00   1.0000000e+00   7.6992560e-03
   8.7787574e+05   7.7228285e+02   7.9402520e+00   7.8407835e-14   7.8022310e+02   1.0000000e+00   7.6483370e-03
   1.1225176e+07   1.3477509e-01   1.7416262e-02   1.7863823e-12   1.5219136e-01   1.0000000e+00   7.6401723e-03
   1.1715877e+07   2.4053949e-01   2.9675520e-02   1.3494920e-12   2.7021501e-01   1.0000000e+00   7.6033396e-03
   1.2232517e+06   3.8772754e+02   5.0921831e+00   9.4065418e-14   3.9281973e+02   1.0000000e+00   7.5691610e-03
   5.8429152e+06   6.6400692e+00   4.2982551e-01   3.2394925e-13   7.0698947e+00   1.0000000e+00   7.5625013e-03
   5.4480435e+06   1.9936991e+01   6.0878742e-01   2.2552769e-13   2.0545779e+01   1.0000000e+00   7.5605391e-03
   5.8293062e+06   1.3574840e+01   4.8028422e-01   2.5458372e-13   1.4055124e+01   1.0000000e+00   7.5403296e-03
   1.1233648e+07   1.1202951e-01   1.5520866e-02   1.9502888e-12   1.2755037e-01   1.0000000e+00   7.5343023e-03
   8.6559924e+05   7.8435469e+02   8.1470147e+00   7.8091523e-14   7.9250171e+02   1.0000000e+00   7.5289493e-03
   1.1223927e+07   3.6116375e-01   4.1121723e-02   1.1132342e-12   4.0228547e-01   1.0000000e+00   7.4747269e-03
   8.6917877e+05   7.5746228e+02   7.1757957e+00   7.8846727e-14   7.6463807e+02   1.0000000e+00   7.4732072e-03
   8.4988845e+05   8.8461208e+02   1.0304595e+01   7.5643373e-14   8.9491667e+02   1.0000000e+00   7.4380863e-03
   1.1642909e+07   1.5884095e-01   2.0706294e-02   1.6471049e-12   1.7954725e-01   1.0000000e+00   7.4374317e-03
   2.4283476e+06   7.5183732e+01   3.2243643e+00   1.4769003e-13   7.8408096e+01   1.0000000e+00   7.4305140e-03
   7.7370530e+05   9.2824313e+02   8.2559185e+00   7.4794722e-14   9.3649904e+02   1.0000000e+00   7.4077364e-03
   8.1383336e+05   9.1358546e+02   1.1406550e+01   7.4994450e-14   9.2499201e+02   1.0000000e+00   7.3951753e-03
   1.1203083e+07   1.7255193e-01   1.7375409e-02   1.6035071e-12   1.8992734e-01   1.0000000e+00   7.3822283e-03
   1.1831412e+06   4.1317076e+02   5.6455042e+00   9.2461808e-14   4.1881626e+02   1.0000000e+00   7.3546092e-03
   1.1330170e+07   4.6953261e-01   4.4614511e-02   9.9289678e-13   5.1414712e-01   1.0000000e+00   7.3407797e-03
   1.4666632e+06   2.3427508e+02   4.1598643e+00   1.0780291e-13   2.3843495e+02   1.0000000e+00   7.3250762e-03
   8.7203048e+05   8.3460108e+02   9.4425229e+00   7.6807901e-14   8.4404360e+02   1.0000000e+00   7.3208483e-03
   1.1618684e+07   2.0094023e-01   2.2775510e-02   1.4792193e-12   2.2371574e-01   1.0000000e+00   7.3196435e-03
   1.1201458e+07   1.3986959e-01   2.0508242e-02   1.7442606e-12   1.6037783e-01   1.0000000e+00   7.3160848e-03
   1.1109249e+07   2.5724879e-01   2.6728503e-02   1.3173903e-12   2.8397729e-01   1.0000000e+00   7.2843241e-03
   1.6398141e+06   2.1972909e+02   4.6659489e+00   1.0947947e-13   2.2439504e+02   1.0000000e+00   7.2704918e-03
   1.0778289e+06   5.3375984e+02   5.1207726e+00   8.6479216e-14   5.3888061e+02   1.0000000e+00   7.2631849e-03
   8.4848569e+05   8.7726365e+02   5.8176701e+00   7.5940704e-14   8.8308132e+02   1.0000000e+00   7.2403188e-03
   9.4641199e+05   6.8238326e+02   9.1701358e+00   8.0936033e-14   6.9155340e+02   1.0000000e+00   7.2346842e-03
   1.0698308e+06   5.1006015e+02   5.4366709e+00   8.7491857e-14   5.1549682e+02   1.0000000e+00   7.2171969e-03
   1.5089797e+06   2.1627085e+02   4.4155267e+00   1.1015266e-13   2.2068638e+02   1.0000000e+00   7.2095326e-03
   2.5764982e+06   9.0160262e+01   2.2020178e+00   1.4058395e-13   9.2362280e+01   1.0000000e+00   7.1671193e-03
   4.3489735e+06   2.2102481e+01   1.6405514e+00   2.1254425e-13   2.3743032e+01   1.0000000e+00   7.1410447e-03
   5.7661572e+06   7.4344333e+00   5.8437053e-01   3.0896831e-13   8.0188038e+00   1.0000000e+00   7.1256770e-03
   8.4860141e+05   8.8704220e+02   1.0099848e+01   7.5593129e-14   8.9714205e+02   1.0000000e+00   7.1199569e-03
   1.1217307e+07   2.8450033e-01   3.4160949e-02   1.2452032e-12   3.1866128e-01   1.0000000e+00   7.0860108e-03
   1.3425780e+06   3.0990716e+02   5.2773106e+00   9.9818932e-14   3.1518447e+02   1.0000000e+00   7.0831167e-03
   1.1178098e+07   1.7598618e-01   1.9734462e-02   1.5785313e-12   1.9572064e-01   1.0000000e+00   7.0657670e-03
   1.4363252e+06   3.0673371e+02   5.2517664e+00   1.0010813e-13   3.1198548e+02   1.0000000e+00   7.0643221e-03
   1.1611446e+07   1.4900050e-01   1.3661972e-02   1.7347016e-12   1.6266247e-01   1.0000000e+00   7.0151857e-03
   1.1555861e+07   1.4307756e-01   1.5716428e-02   1.7495095e-12   1.5879399e-01   1.0000000e+00   7.0146323e-03
   1.1686156e+07   1.9930465e-01   2.2845770e-02   1.4843988e-12   2.2215042e-01   1.0000000e+00   7.0087055e-03
   1.1304742e+07   5.3250649e-01   5.8282515e-02   9.2815982e-13   5.9078901e-01   1.0000000e+00   7.0031940e-03
   8.3346622e+05   7.8305464e+02   6.0131715e+00   7.8263412e-14   7.8906781e+02   1.0000000e+00   6.9964040e-03
   2.1242075e+06   1.2547263e+02   4.2124301e+00   1.2756844e-13   1.2968506e+02   1.0000000e+00   6.9861878e-03
   9.0200207e+05   7.5335011e+02   6.9350118e+00   7.8944869e-14   7.6028512e+02   1.0000000e+00   6.9630241e-03
   8.3398984e+05   9.4231985e+02   9.2289614e+00   7.4446982e-14   9.5154881e+02   1.0000000e+00   6.9548173e-03
   1.0716773e+06   5.4027688e+02   6.8430551e+00   8.6104340e-14   5.4711993e+02   1.0000000e+00   6.9283109e-03
   2.7320215e+06   8.6374866e+01   2.0396598e+00   1.4262126e-13   8.8414526e+01   1.0000000e+00   6.9128003e-03
   1.1268113e+07   4.0510965e-01   4.8675960e-02   1.0510540e-12   4.5378561e-01   1.0000000e+00   6.8921034e-03
   9.4459098e+05   6.9480278e+02   8.9990605e+00   8.0561535e-14   7.0380184e+02   1.0000000e+00   6.8917077e-03
   8.0865066e+05   9.0051337e+02   8.6219887e+00   7.5333415e-14   9.0913536e+02   1.0000000e+00   6.8868825e-03
   9.5279030e+05   6.7830851e+02   8.8370209e+00   8.1070538e-14   6.8714553e+02   1.0000000e+00   6.8632604e-03
   1.1203851e+07   6.8031875e-01   6.4694939e-02   8.3429951e-13   7.4501369e-01   1.0000000e+00   6.8624190e-03
   1.0655627e+07   1.3203408e+00   1.6468551e-01   6.0977209e-13   1.4850263e+00   1.0000000e+00   6.8264628e-03
   1.1204788e+07   2.9732832e-01   3.6144716e-02   1.2182319e-12   3.3347304e-01   1.0000000e+00   6.8165434e-03
   1.1156499e+07   1.0000000e-01   1.1390559e-02   2.0828209e-12   1.1139056e-01   1.0000000e+00   6.7923782e-03
   1.1232845e+07   1.2163674e-01   1.4110667e-02   1.8890309e-12   1.3574740e-01   1.0000000e+00   6.7880303e-03
   1.1687419e+07   2.3027823e-01   2.6568626e-02   1.3832054e-12   2.5684685e-01   1.0000000e+00   6.7845701e-03
   1.5584887e+06   2.5199670e+02   5.7186338e+00   1.0544273e-13   2.5771533e+02   1.0000000e+00   6.7646733e-03
   9.1566004e+05   7.9926319e+02   8.1301877e+00   7.7739740e-14   8.0739338e+02   1.0000000e+00   6.7517239e-03
   1.1421171e+07   1.0000000e-01   1.3396370e-02   2.0653369e-12   1.1339637e-01   1.0000000e+00   6.7330405e-03
   1.1154270e+07   1.0569792e-01   1.3495580e-02   2.0149882e-12   1.1919351e-01   1.0000000e+00   6.7234053e-03
   1.1233021e+07   1.0566244e-01   1.4365706e-02   2.0091098e-12   1.2002815e-01   1.0000000e+00   6.7182700e-03
   4.3700750e+06   2.0101123e+01   1.7535663e+00   2.1892041e-13   2.1854689e+01   1.0000000e+00   6.7106219e-03
   2.8886179e+06   9.9193929e+01   1.5088915e+00   1.3918373e-13   1.0070282e+02   1.0000000e+00   6.7089886e-03
   1.1212320e+07   3.5563259e-01   4.1177552e-02   1.1205073e-12   3.9681015e-01   1.0000000e+00   6.7054480e-03
   1.1179611e+07   3.1771073e-01   3.4608520e-02   1.1866039e-12   3.5231925e-01   1.0000000e+00   6.6831663e-03
   1.0239540e+07   8.3432115e-01   9.4862140e-02   7.5113566e-13   9.2918329e-01   1.0000000e+00   6.6612310e-03
   8.1393383e+05   9.6998656e+02   9.9222992e+00   7.3868821e-14   9.7990886e+02   1.0000000e+00   6.6571757e-03
   1.0827852e+06   5.2912360e+02   5.4363263e+00   8.6654032e-14   5.3455993e+02   1.0000000e+00   6.6529818e-03
   1.0014509e+07   1.5140944e+00   1.7930042e-01   5.7459398e-13   1.6933948e+00   1.0000000e+00   6.6461609e-03
   8.2020073e+05   9.5375231e+02   8.5101447e+00   7.4221774e-14   9.6226245e+02   1.0000000e+00   6.6214073e-03
   8.1413413e+05   9.3356092e+02   1.1625779e+01   7.4570624e-14   9.4518670e+02   1.0000000e+00   6.6202325e-03
   7.8903152e+05   9.9994900e+02   6.8298203e+01   7.3132035e-14   1.0682472e+03   1.0000000e+00   6.6037459e-03
   1.0423618e+06   5.7372905e+02   9.9961855e+00   8.4668749e-14   5.8372524e+02   1.0000000e+00   6.5904164e-03
   1.1306375e+07   1.3112459e-01   1.3323339e-02   1.8340246e-12   1.4444793e-01   1.0000000e+00   6.5893617e-03
   1.1221019e+07   1.0026573e-01   1.5137963e-02   2.0524517e-12   1.1540369e-01   1.0000000e+00   6.5885770e-03
   8.7349682e+05   8.2999537e+02   1.0100089e+01   7.6904832e-14   8.4009546e+02   1.0000000e+00   6.5834499e-03
   1.4222825e+06   3.1353286e+02   5.9007881e+00   9.9477596e-14   3.1943365e+02   1.0000000e+00   6.5739623e-03
   3.1107103e+06   6.5479690e+01   1.8544430e+00   1.5442227e-13   6.7334133e+01   1.0000000e+00   6.5643064e-03
   1.1614080e+07   2.1158410e-01   2.1653072e-02   1.4511224e-12   2.3323718e-01   1.0000000e+00   6.5606125e-03
   1.0884948e+06   5.0678913e+02   5.4900658e+00   8.7630874e-14   5.1227920e+02   1.0000000e+00   6.5206977e-03
   9.2170816e+05   6.5926364e+02   7.2678101e+00   8.1758403e-14   6.6653145e+02   1.0000000e+00   6.4932637e-03
   1.2155736e+06   3.6827855e+02   5.1586884e+00   9.5390686e-14   3.7343724e+02   1.0000000e+00   6.4868893e-03
   1.1205385e+07   3.9933665e-01   4.5704247e-02   1.0607633e-12   4.4504089e-01   1.0000000e+00   6.4781438e-03
   1.1647065e+07   1.6519676e-01   2.0479312e-02   1.6199173e-12   1.8567607e-01   1.0000000e+00   6.4741767e-03
   1.1211172e+07   2.9344696e-01   3.4077899e-02   1.2288011e-12   3.2752486e-01   1.0000000e+00   6.4550532e-03
   1.1472545e+07   1.2867796e-01   1.6325424e-02   1.8288211e-12   1.4500339e-01   1.0000000e+00   6.4457317e-03
   1.0985911e+07   2.6814687e-01   3.4606347e-02   1.2771634e-12   3.0275322e-01   1.0000000e+00   6.4408526e-03
   1.1402260e+06   4.7566053e+02   7.8422054e+00   8.8990957e-14   4.8350273e+02   1.0000000e+00   6.4397097e-03
   6.2487726e+06   1.0007126e+01   4.0791825e-01   2.8185880e-13   1.0415045e+01   1.0000000e+00   6.4229661e-03
   8.6151493e+05   7.3830611e+02   6.0472802e+00   7.9457363e-14   7.4435339e+02   1.0000000e+00   6.4076370e-03
   1.2286058e+06   3.9734791e+02   5.1240052e+00   9.3452458e-14   4.0247191e+02   1.0000000e+00   6.3927223e-03
   7.9111871e+05   1.0000000e+03   2.0892611e+01   7.3189719e-14   1.0208926e+03   1.0000000e+00   6.3817693e-03
   1.1092765e+07   1.0000000e-01   1.4801017e-02   2.0576102e-12   1.1480102e-01   1.0000000e+00   6.3649293e-03
   1.1134359e+07   2.6034534e-01   2.7505744e-02   1.3085668e-12   2.8785109e-01   1.0000000e+00   6.3465507e-03
   1.0245764e+07   4.4909616e+00   4.0571069e-01   3.8057618e-13   4.8966723e+00   1.0000000e+00   6.3442237e-03
   1.0666368e+06   4.7500138e+02   5.0425202e+00   8.9227866e-14   4.8004390e+02   1.0000000e+00   6.3266686e-03
   1.1198448e+07   3.9121472e-01   4.3574576e-02   1.0727090e-12   4.3478929e-01   1.0000000e+00   6.3238913e-03
   8.6244032e+05   8.5463287e+02   8.2079419e+00   7.6366705e-14   8.6284081e+02   1.0000000e+00   6.3013448e-03
   1.1295482e+07   5.2794210e-01   5.4798614e-02   9.3458428e-13   5.8274072e-01   1.0000000e+00   6.2805372e-03
   7.9436949e+05   9.8091482e+02   1.5671583e+01   7.3583250e-14   9.9658640e+02   1.0000000e+00   6.2711390e-03
   8.6231903e+05   8.7893254e+02   1.0131466e+01   7.5782830e-14   8.8906401e+02   1.0000000e+00   6.2521770e-03
   1.1218034e+07   1.3902528e-01   1.8157022e-02   1.7584593e-12   1.5718231e-01   1.0000000e+00   6.2304426e-03
   8.7360580e+05   8.4517098e+02   9.2353500e+00   7.6567949e-14   8.5440633e+02   1.0000000e+00   6.2236038e-03
   1.1232396e+07   1.0344569e-01   1.5303835e-02   2.0227223e-12   1.1874953e-01   1.0000000e+00   6.2204124e-03
   3.6949861e+06   3.6378954e+01   1.7517501e+00   1.8271937e-13   3.8130704e+01   1.0000000e+00   6.2022161e-03
   1.0114767e+06   5.5073409e+02   6.7789205e+00   8.5700591e-14   5.5751302e+02   1.0000000e+00   6.1885030e-03
   8.1278362e+05   9.0456377e+02   8.6855130e+00   7.5239104e-14   9.1324928e+02   1.0000000e+00   6.1734921e-03
   1.4272990e+06   2.9387280e+02   5.8217123e+00   1.0118203e-13   2.9969451e+02   1.0000000e+00   6.1681677e-03
   1.1230833e+07   1.3126946e-01   1.6440060e-02   1.8124154e-12   1.4770952e-01   1.0000000e+00   6.1580177e-03
   1.1134196e+07   2.7686756e-01   2.8070227e-02   1.2731052e-12   3.0493779e-01   1.0000000e+00   6.1424172e-03
   5.8447715e+06   1.6782606e+01   2.4043051e+00   2.3211702e-13   1.9186911e+01   1.0000000e+00   6.1401596e-03
   1.5739490e+06   2.2540917e+02   4.6090291e+00   1.0874358e-13   2.3001820e+02   1.0000000e+00   6.1391266e-03
   7.8913597e+05   1.0000000e+03   4.4731555e+01   7.3144651e-14   1.0447316e+03   1.0000000e+00   6.1186478e-03
   1.1210639e+07   6.6379133e-01   6.7102563e-02   8.4092716e-13   7.3089389e-01   1.0000000e+00   6.1108453e-03
   1.0454618e+07   1.0114971e+00   1.1870188e-01   6.8733173e-13   1.1301990e+00   1.0000000e+00   6.1035933e-03
   8.3155409e+05   9.0638339e+02   9.4585800e+00   7.5179586e-14   9.1584197e+02   1.0000000e+00   6.1030726e-03
   1.1117570e+07   1.6057377e-01   2.1546570e-02   1.6366141e-12   1.8212034e-01   1.0000000e+00   6.0951439e-03
   1.0694719e+07   7.0530574e-01   9.4588344e-02   8.0588486e-13   7.9989409e-01   1.0000000e+00   6.0919747e-03
   1.1072787e+07   1.1074722e-01   1.2999946e-02   1.9776056e-12   1.2374717e-01   1.0000000e+00   6.0632512e-03
   1.4801427e+06   3.3692451e+02   5.0676686e+00   9.7932231e-14   3.4199217e+02   1.0000000e+00   6.0579790e-03
   2.6950379e+06   1.0270164e+02   1.4576067e+00   1.3717248e-13   1.0415924e+02   1.0000000e+00   6.0410140e-03
   7.8134534e+05   8.9137447e+02   1.1322531e+01   7.5549768e-14   9.0269700e+02   1.0000000e+00   6.0210916e-03
   1.1217941e+07   2.7982011e-01   3.4936569e-02   1.2528208e-12   3.1475668e-01   1.0000000e+00   6.0188050e-03
   1.0001208e+07   1.9814310e+00   1.8874304e-01   5.1715788e-13   2.1701741e+00   1.0000000e+00   6.0036349e-03
   1.0709154e+06   5.1450929e+02   5.5198125e+00   8.7284355e-14   5.2002910e+02   1.0000000e+00   5.9925399e-03
   1.2740914e+06   3.4559372e+02   4.2152591e+00   9.7075692e-14   3.4980898e+02   1.0000000e+00   5.9169123e-03
   1.0268606e+06   5.8641072e+02   8.8375858e+00   8.4210612e-14   5.9524831e+02   1.0000000e+00   5.9149763e-03
   9.5103701e+05   6.2373137e+02   7.4422551e+00   8.2934845e-14   6.3117363e+02   1.0000000e+00   5.9140496e-03
   1.0266321e+06   5.4823461e+02   8.0924844e+00   8.5739337e-14   5.5632709e+02   1.0000000e+00   5.9130003e-03
   1.1199688e+07   3.0096215e-01   3.9689769e-02   1.2064566e-12   3.4065192e-01   1.0000000e+00   5.9093662e-03
   1.1089948e+07   1.2460332e+00   1.4997715e-01   6.2772021e-13   1.3960104e+00   1.0000000e+00   5.8798832e-03
   8.2785320e+05   8.4331947e+02   9.3407594e+00   7.6618338e-14   8.5266023e+02   1.0000000e+00   5.8567025e-03
   9.7809769e+05   6.1292904e+02   8.0531055e+00   8.3271033e-14   6.2098215e+02   1.0000000e+00   5.8564045e-03
   8.6151494e+05   7.3827612e+02   6.0877060e+00   7.9456297e-14   7.4436383e+02   1.0000000e+00   5.8522488e-03
   7.8578132e+05   9.3782373e+02   1.1156322e+01   7.4509817e-14   9.4898005e+02   1.0000000e+00   5.8453740e-03
   1.1174713e+07   1.9217975e-01   2.0813174e-02   1.5148816e-12   2.1299293e-01   1.0000000e+00   5.8268995e-03
   9.1304891e+05   8.1416251e+02   7.8608618e+00   7.7387365e-14   8.2202337e+02   1.0000000e+00   5.8201457e-03
   1.1621413e+07   1.9284020e-01   2.4081122e-02   1.5013762e-12   2.1692132e-01   1.0000000e+00   5.8181135e-03
   7.8986210e+05   1.0000000e+03   8.1833405e+01   7.3126767e-14   1.0818334e+03   1.0000000e+00   5.8145611e-03
   1.1294826e+07   5.4192837e-01   5.9427971e-02   9.2043712e-13   6.0135634e-01   1.0000000e+00   5.8097488e-03
   1.1477057e+07   1.8468851e-01   2.0291920e-02   1.5436883e-12   2.0498043e-01   1.0000000e+00   5.7939365e-03
   1.4023400e+06   2.7187399e+02   5.9797431e+00   1.0334992e-13   2.7785374e+02   1.0000000e+00   5.7880764e-03
   1.0675635e+07   7.6440146e-01   7.3659291e-02   7.8854588e-13   8.3806076e-01   1.0000000e+00   5.7858976e-03
   9.6346741e+05   6.9938881e+02   8.0614182e+00   8.0465768e-14   7.0745023e+02   1.0000000e+00   5.7817399e-03
   1.1134039e+07   2.8409907e-01   2.8781869e-02   1.2573806e-12   3.1288094e-01   1.0000000e+00   5.7777586e-03
   1.0667850e+07   7.4785510e-01   7.5361886e-02   7.9465376e-13   8.2321699e-01   1.0000000e+00   5.7685547e-03
   1.1254961e+07   6.1127046e-01   6.2793735e-02   8.7308775e-13   6.7406420e-01   1.0000000e+00   5.7623068e-03
   3.7863001e+06   3.3033418e+01   1.8172396e+00   1.8794029e-13   3.4850658e+01   1.0000000e+00   5.7347802e-03
   1.1417857e+07   1.0000000e-01   1.2045502e-02   2.0763126e-12   1.1204550e-01   1.0000000e+00   5.7198177e-03
   1.0001208e+07   1.9630845e+00   1.3670704e-01   5.2756917e-13   2.0997916e+00   1.0000000e+00   5.7106122e-03
   1.1600137e+07   2.0571710e-01   2.1407543e-02   1.4695857e-12   2.2712464e-01   1.0000000e+00   5.7059073e-03
   1.1175791e+07   1.8510438e-01   2.1450608e-02   1.5373428e-12   2.0655499e-01   1.0000000e+00   5.6964871e-03
   1.1227778e+06   5.2257824e+02   5.6558703e+00   8.6961653e-14   5.2823412e+02   1.0000000e+00   5.6940039e-03
   2.3991807e+06   8.2722490e+01   2.2620168e+00   1.4396752e-13   8.4984507e+01   1.0000000e+00   5.6915570e-03
   4.7745534e+06   2.8694137e+01   1.7284699e+00   1.9769793e-13   3.0422607e+01   1.0000000e+00   5.6683769e-03
   7.9289775e+05   1.0000000e+03   8.8957196e+01   7.3125249e-14   1.0889572e+03   1.0000000e+00   5.6626944e-03
   1.1241189e+07   2.2409625e-01   2.3972675e-02   1.4065324e-12   2.4806893e-01   1.0000000e+00   5.6577825e-03
   1.1527921e+07   1.5756647e-01   1.8263994e-02   1.6635893e-12   1.7583046e-01   1.0000000e+00   5.6474235e-03
   9.8455981e+05   5.9761060e+02   1.0532562e+01   8.3772193e-14   6.0814317e+02   1.0000000e+00   5.6406377e-03
   7.9268076e+05   9.9995225e+02   9.4261440e+01   7.3124996e-14   1.0942137e+03   1.0000000e+00   5.6380774e-03
   2.1306884e+06   1.3352924e+02   4.0462546e+00   1.2548038e-13   1.3757550e+02   1.0000000e+00   5.6114930e-03
   1.4673694e+06   2.8519247e+02   5.7188283e+00   1.0201141e-13   2.9091130e+02   1.0000000e+00   5.6078294e-03
   1.1605945e+06   4.1735718e+02   5.2752430e+00   9.2257919e-14   4.2263243e+02   1.0000000e+00   5.6035750e-03
   7.8675340e+05   1.0000000e+03   8.3528324e+01   7.3126679e-14   1.0835283e+03   1.0000000e+00   5.5941133e-03
   1.1131861e+07   1.4277465e-01   1.4042683e-02   1.7621225e-12   1.5681733e-01   1.0000000e+00   5.5845234e-03
   6.1332741e+06   6.1177054e+00   6.0421030e-01   3.3038075e-13   6.7219157e+00   1.0000000e+00   5.5748190e-03
   1.0556964e+06   5.6001811e+02   6.9020207e+00   8.5298052e-14   5.6692013e+02   1.0000000e+00   5.5718408e-03
   1.0677431e+07   7.3266477e-01   7.7673363e-02   8.0017614e-13   8.1033814e-01   1.0000000e+00   5.5674426e-03
   6.7920728e+06   4.5932569e+00   3.4736250e-01   3.7000082e-13   4.9406194e+00   1.0000000e+00   5.5620040e-03
   1.9348064e+06   1.0598809e+02   3.9562623e+00   1.3461515e-13   1.0994435e+02   1.0000000e+00   5.5586774e-03
   1.1137205e+07   2.1184657e-01   2.6874754e-02   1.4329518e-12   2.3872132e-01   1.0000000e+00   5.5560695e-03
   9.8981310e+06   1.7432039e+00   2.6340302e-01   5.3648640e-13   2.0066069e+00   1.0000000e+00   5.5494659e-03
   1.3080085e+06   3.5759885e+02   5.5583197e+00   9.6064584e-14   3.6315717e+02   1.0000000e+00   5.5389739e-03
   2.8168593e+06   7.1110752e+01   1.7794679e+00   1.5056998e-13   7.2890220e+01   1.0000000e+00   5.5319512e-03
   1.7840762e+06   2.0114988e+02   4.5497205e+00   1.1220887e-13   2.0569960e+02   1.0000000e+00   5.5203726e-03
   1.1129845e+07   2.6929514e-01   2.8927514e-02   1.2861355e-12   2.9822266e-01   1.0000000e+00   5.5058700e-03
   1.0457661e+06   5.8867322e+02   8.0455908e+00   8.4164009e-14   5.9671881e+02   1.0000000e+00   5.4987591e-03
   8.8198295e+05   7.6780751e+02   7.9531336e+00   7.8524904e-14   7.7576064e+02   1.0000000e+00   5.4900708e-03
   1.1213072e+07   1.1607792e-01   1.3703631e-02   1.9313484e-12   1.2978155e-01   1.0000000e+00   5.4848261e-03
   1.5345535e+06   2.2357737e+02   4.5054944e+00   1.0904754e-13   2.2808286e+02   1.0000000e+00   5.4758829e-03
   9.1123365e+05   7.2824182e+02   6.9613354e+00   7.9643163e-14   7.3520316e+02   1.0000000e+00   5.4697180e-03
   9.8607482e+05   5.9061444e+02   1.0586189e+01   8.4034409e-14   6.0120063e+02   1.0000000e+00   5.4640584e-03
   1.1202947e+07   1.1111854e-01   1.2116024e-02   1.9818089e-12   1.2323457e-01   1.0000000e+00   5.4609636e-03
   1.1198296e+07   3.4489634e-01   4.4251834e-02   1.1314001e-12   3.8914817e-01   1.0000000e+00   5.4571014e-03
   8.7787848e+05   7.6640369e+02   7.8680573e+00   7.8568225e-14   7.7427174e+02   1.0000000e+00   5.4492507e-03
   9.7055733e+05   5.7962430e+02   7.8021906e+00   8.4556892e-14   5.8742649e+02   1.0000000e+00   5.4482509e-03
   1.1131861e+07   1.0626256e-01   1.0000000e-02   2.0436746e-12   1.1626256e-01   1.0000000e+00   5.4438719e-03
   1.1272695e+07   6.0904275e-01   5.9748631e-02   8.7692382e-13   6.6879138e-01   1.0000000e+00   5.4408043e-03
   8.5084441e+05   9.1735028e+02   1.0588070e+01   7.4949096e-14   9.2793835e+02   1.0000000e+00   5.4336608e-03
   1.0904406e+07   4.1852426e-01   5.5836552e-02   1.0298094e-12   4.7436081e-01   1.0000000e+00   5.4308090e-03
   1.1210588e+07   1.0000000e-01   1.2694845e-02   2.0712407e-12   1.1269484e-01   1.0000000e+00   5.4213031e-03
   1.1050004e+07   2.3055939e-01   2.3168150e-02   1.3920075e-12   2.5372754e-01   1.0000000e+00   5.4209668e-03
   8.0797902e+05   9.7098331e+02   1.0256233e+01   7.3839341e-14   9.8123954e+02   1.0000000e+00   5.3854657e-03
   1.0417820e+07   1.4555722e+00   1.7590331e-01   5.8473592e-13   1.6314755e+00   1.0000000e+00   5.3838441e-03
   1.0904153e+07   4.2542710e-01   5.6540775e-02   1.0219905e-12   4.8196787e-01   1.0000000e+00   5.3728276e-03
   1.1224429e+07   1.5119641e-01   1.9914551e-02   1.6867745e-12   1.7111096e-01   1.0000000e+00   5.3627021e-03
   1.1227975e+07   1.2909078e-01   1.7415805e-02   1.8209758e-12   1.4650659e-01   1.0000000e+00   5.3568976e-03
   1.1084113e+07   2.5350658e-01   2.7042791e-02   1.3248422e-12   2.8054937e-01   1.0000000e+00   5.3392024e-03
   1.0488091e+07   1.2183243e+00   1.2564496e-01   6.3640461e-13   1.3439693e+00   1.0000000e+00   5.3368935e-03
   1.1241219e+07   2.2115471e-01   2.4145086e-02   1.4140091e-12   2.4529979e-01   1.0000000e+00   5.3264315e-03
   1.0446101e+07   1.4537127e+00   1.7381648e-01   5.8537498e-13   1.6275292e+00   1.0000000e+00   5.2858881e-03
   8.2756048e+05   9.4657720e+02   1.0484629e+01   7.4330991e-14   9.5706183e+02   1.0000000e+00   5.2635463e-03
   1.1460517e+07   1.9164923e-01   2.0313876e-02   1.5191383e-12   2.1196311e-01   1.0000000e+00   5.2630494e-03
   7.8922875e+05   1.0000000e+03   9.5157661e+01   7.3123776e-14   1.0951577e+03   1.0000000e+00   5.2618660e-03
   1.1196864e+07   6.5322105e-01   6.6776112e-02   8.4662788e-13   7.1999716e-01   1.0000000e+00   5.2588742e-03
   9.8579162e+05   5.8313057e+02   7.2153680e+00   8.4408782e-14   5.9034594e+02   1.0000000e+00   5.2545539e-03
   1.1209488e+07   2.9424871e-01   3.5151168e-02   1.2254271e-12   3.2939987e-01   1.0000000e+00   5.2247554e-03
   1.1590483e+06   5.0292279e+02   5.6094439e+00   8.7873814e-14   5.0853223e+02   1.0000000e+00   5.2143842e-03
   1.1132325e+07   3.7624521e-01   4.4715579e-02   1.0892050e-12   4.2096079e-01   1.0000000e+00   5.2082240e-03
   1.1179628e+07   1.0519253e-01   1.2414866e-02   2.0275815e-12   1.1760739e-01   1.0000000e+00   5.1997779e-03
   1.6423323e+06   2.3801116e+02   4.3706434e+00   1.0725584e-13   2.4238181e+02   1.0000000e+00   5.1830970e-03
   1.1479737e+07   1.6013978e-01   2.0161718e-02   1.6432631e-12   1.8030150e-01   1.0000000e+00   5.1829687e-03
   1.1222859e+07   1.5283533e-01   1.9953956e-02   1.6785709e-12   1.7278929e-01   1.0000000e+00   5.1773864e-03
   1.0121372e+07   2.4453821e+00   1.6997821e-01   4.8259789e-13   2.6153603e+00   1.0000000e+00   5.1700771e-03
   1.1189638e+07   6.8268465e-01   7.3714964e-02   8.2707775e-13   7.5639961e-01   1.0000000e+00   5.1616151e-03
   1.1128519e+07   7.3490035e-01   5.9982509e-02   8.1248390e-13   7.9488286e-01   1.0000000e+00   5.1572172e-03
   9.9908443e+05   5.9747437e+02   7.2119285e+00   8.3851217e-14   6.0468630e+02   1.0000000e+00   5.1162487e-03
   1.1229069e+07   1.3249825e-01   1.6338949e-02   1.8055105e-12   1.4883719e-01   1.0000000e+00   5.1087710e-03
   1.0709885e+07   8.2925360e-01   8.7113290e-02   7.5632475e-13   9.1636689e-01   1.0000000e+00   5.1017685e-03
   2.1561539e+06   1.1530834e+02   2.2191384e+00   1.3117980e-13   1.1752748e+02   1.0000000e+00   5.0813973e-03
   2.2637515e+06   1.0332828e+02   1.9609345e+00   1.3539467e-13   1.0528922e+02   1.0000000e+00   5.0775169e-03
   1.1119212e+07   2.6804290e-01   2.9096609e-02   1.2883024e-12   2.9713951e-01   1.0000000e+00   5.0702901e-03
   8.1549289e+05   9.4649311e+02   1.0039525e+01   7.4331325e-14   9.5653263e+02   1.0000000e+00   5.0696139e-03
   8.0658306e+05   9.8958345e+02   1.0225504e+01   7.3482961e-14   9.9980896e+02   1.0000000e+00   5.0460424e-03
   9.9946269e+06   1.5732602e+00   1.8701141e-01   5.6507040e-13   1.7602716e+00   1.0000000e+00   5.0336776e-03
   8.1497314e+05   8.9638376e+02   9.3793694e+00   7.5402345e-14   9.0576313e+02   1.0000000e+00   5.0112674e-03
   1.1229967e+07   1.0000000e-01   1.0681278e-02   2.0900646e-12   1.1068128e-01   1.0000000e+00   4.9977268e-03
   1.1213956e+07   2.1154739e-01   3.1788954e-02   1.4231088e-12   2.4333634e-01   1.0000000e+00   4.9961889e-03
   1.1132383e+07   3.7131146e-01   4.4702061e-02   1.0954087e-12   4.1601352e-01   1.0000000e+00   4.9906688e-03
   7.9238811e+05   1.0000000e+03   8.7985570e+01   7.3125396e-14   1.0879856e+03   1.0000000e+00   4.9365379e-03
   7.8588562e+05   1.0000000e+03   3.9074205e+01   7.3150770e-14   1.0390742e+03   1.0000000e+00   4.9213858e-03
   2.4067181e+06   7.2429901e+01   3.1194155e+00   1.4949147e-13   7.5549316e+01   1.0000000e+00   4.9176486e-03
   1.1179515e+07   1.9671304e-01   2.2482937e-02   1.4934036e-12   2.1919598e-01   1.0000000e+00   4.8951998e-03
   1.1205853e+07   1.1916685e-01   1.4646677e-02   1.9026378e-12   1.3381352e-01   1.0000000e+00   4.8932636e-03
   1.1428957e+07   1.1654636e-01   1.1693775e-02   1.9453392e-12   1.2824014e-01   1.0000000e+00   4.8922894e-03
   1.1241832e+07   2.1578269e-01   2.4694086e-02   1.4274216e-12   2.4047678e-01   1.0000000e+00   4.8649501e-03
   1.1183147e+07   3.0792288e-01   3.9711725e-02   1.1944713e-12   3.4763460e-01   1.0000000e+00   4.8482325e-03
   1.1253308e+07   5.8383744e-01   5.7930031e-02   8.9371173e-13   6.4176747e-01   1.0000000e+00   4.8390843e-03
   1.0906555e+06   5.1641862e+02   5.5109113e+00   8.7200185e-14   5.2192953e+02   1.0000000e+00   4.8376774e-03
   1.1202433e+06   4.8584332e+02   5.9912666e+00   8.8576410e-14   4.9183459e+02   1.0000000e+00   4.8264919e-03
   1.1024080e+07   1.4799540e-01   1.4736481e-02   1.7300592e-12   1.6273188e-01   1.0000000e+00   4.8253739e-03
   8.7327175e+05   7.6156601e+02   7.9882315e+00   7.8701655e-14   7.6955424e+02   1.0000000e+00   4.8221162e-03
   7.8989956e+05   1.0000000e+03   7.6862407e+01   7.3128160e-14   1.0768624e+03   1.0000000e+00   4.8031586e-03
   7.8738401e+05   1.0000000e+03   5.3957069e+01   7.3138093e-14   1.0539571e+03   1.0000000e+00   4.7964398e-03
   1.1234044e+07   3.4132476e-01   4.1049850e-02   1.1406219e-12   3.8237461e-01   1.0000000e+00   4.7837557e-03
   1.2109420e+06   3.8868307e+02   5.3847800e+00   9.3988836e-14   3.9406785e+02   1.0000000e+00   4.7830991e-03
   1.1014028e+07   1.5037065e-01   1.6147265e-02   1.7092960e-12   1.6651791e-01   1.0000000e+00   4.7822188e-03
   1.3328958e+06   3.4883550e+02   5.3530345e+00   9.6720087e-14   3.5418854e+02   1.0000000e+00   4.7796356e-03
   7.8597095e+05   9.9871667e+02   2.0925337e+01   7.3214059e-14   1.0196420e+03   1.0000000e+00   4.7783976e-03
   9.7683133e+05   6.0916816e+02   8.0634623e+00   8.3408459e-14   6.1723162e+02   1.0000000e+00   4.7764558e-03
   1.3389732e+06   3.3160002e+02   5.3493839e+00   9.8016799e-14   3.3694941e+02   1.0000000e+00   4.7719224e-03
   9.4384536e+06   1.6473048e+00   1.0037845e-01   5.7149143e-13   1.7476833e+00   1.0000000e+00   4.7638204e-03
   6.7212352e+06   4.0549516e+00   3.2586102e-01   3.8888838e-13   4.3808126e+00   1.0000000e+00   4.7596422e-03
   1.9319729e+06   1.0955882e+02   4.1467279e+00   1.3320982e-13   1.1370554e+02   1.0000000e+00   4.7519945e-03
   1.6766332e+06   1.8534135e+02   4.3358642e+00   1.1472941e-13   1.8967722e+02   1.0000000e+00   4.7353622e-03
   9.5587870e+05   6.6286138e+02   7.0140110e+00   8.1615303e-14   6.6987539e+02   1.0000000e+00   4.7326327e-03
   1.0022540e+06   6.6637395e+02   8.4515205e+00   8.1499252e-14   6.7482547e+02   1.0000000e+00   4.7313122e-03
   1.1223473e+07   1.5000523e-01   1.9895501e-02   1.6927891e-12   1.6990073e-01   1.0000000e+00   4.7280698e-03
   1.0433485e+07   1.1746467e+00   1.3142445e-01   6.4425443e-13   1.3060712e+00   1.0000000e+00   4.7186381e-03
   1.1261581e+07   5.9621421e-01   6.0306268e-02   8.8407305e-13   6.5652048e-01   1.0000000e+00   4.6956987e-03
   1.1216224e+07   6.2526073e-01   6.2305202e-02   8.6528974e-13   6.8756593e-01   1.0000000e+00   4.6930791e-03
   1.4888786e+06   2.1267549e+02   4.3671601e+00   1.1076469e-13   2.1704265e+02   1.0000000e+00   4.6770814e-03
   1.0381643e+07   9.4943374e-01   1.2484855e-01   7.0396609e-13   1.0742823e+00   1.0000000e+00   4.6760144e-03
   1.1253775e+07   6.2764549e-01   6.2904375e-02   8.6361464e-13   6.9054987e-01   1.0000000e+00   4.6684406e-03
   1.1425502e+07   2.4669067e-01   2.6074014e-02   1.3436470e-12   2.7276469e-01   1.0000000e+00   4.6661451e-03
   8.6104020e+05   8.7900017e+02   8.0509999e+00   7.5827146e-14   8.8705117e+02   1.0000000e+00   4.6551368e-03
   1.1293036e+07   5.9525905e-01   4.1339534e-02   9.0742571e-13   6.3659859e-01   1.0000000e+00   4.6349014e-03
   1.6930457e+06   1.8815359e+02   4.5063897e+00   1.1420314e-13   1.9265998e+02   1.0000000e+00   4.6242010e-03
   8.7404672e+05   8.5005813e+02   9.3581719e+00   7.6454098e-14   8.5941630e+02   1.0000000e+00   4.6188896e-03
   2.5741540e+06   1.0633522e+02   2.1301166e+00   1.3481843e-13   1.0846534e+02   1.0000000e+00   4.6173091e-03
   1.5380006e+06   2.0790531e+02   4.4194570e+00   1.1132737e-13   2.1232477e+02   1.0000000e+00   4.6130550e-03
   1.0375752e+07   8.8103140e-01   9.2634781e-02   7.3524097e-13   9.7366619e-01   1.0000000e+00   4.6115622e-03
   1.0217797e+06   6.3209509e+02   8.5035552e+00   8.2616714e-14   6.4059864e+02   1.0000000e+00   4.6021892e-03
   1.1452074e+07   1.3438351e-01   1.6453211e-02   1.7934611e-12   1.5083672e-01   1.0000000e+00   4.6001901e-03
   2.8023926e+06   8.9143086e+01   2.1666127e+00   1.4161437e-13   9.1309699e+01   1.0000000e+00   4.5953053e-03
   1.1484042e+07   1.7111624e-01   2.0630228e-02   1.5943234e-12   1.9174647e-01   1.0000000e+00   4.5942648e-03
   8.6998088e+05   7.7703375e+02   7.8799875e+00   7.8289079e-14   7.8491374e+02   1.0000000e+00   4.5794310e-03
   1.1175412e+07   1.8023352e-01   2.0072826e-02   1.5607914e-12   2.0030635e-01   1.0000000e+00   4.5580237e-03
   8.0200357e+05   1.0000000e+03   3.4219075e+01   7.3161288e-14   1.0342191e+03   1.0000000e+00   4.5463512e-03
   1.1483937e+07   1.7080365e-01   2.0633788e-02   1.5955836e-12   1.9143744e-01   1.0000000e+00   4.5368179e-03
   8.4991317e+05   9.2033375e+02   1.0576319e+01   7.4886988e-14   9.3091007e+02   1.0000000e+00   4.5367632e-03
   1.1215299e+07   1.7993885e-01   1.7919567e-02   1.5719839e-12   1.9785841e-01   1.0000000e+00   4.5366263e-03
   1.1466579e+07   1.2600406e-01   1.3888812e-02   1.8617201e-12   1.3989288e-01   1.0000000e+00   4.5329107e-03
   9.3287649e+05   6.6536615e+02   1.4236310e+01   8.1412750e-14   6.7960246e+02   1.0000000e+00   4.5305593e-03
   7.9009130e+05   1.0000000e+03   7.7133706e+01   7.3128078e-14   1.0771337e+03   1.0000000e+00   4.5202292e-03
   9.5337860e+05   5.6743353e+02   8.7017608e+00   8.5085460e-14   5.7613529e+02   1.0000000e+00   4.5190227e-03
   1.2878703e+06   3.2753411e+02   4.2395668e+00   9.8488938e-14   3.3177368e+02   1.0000000e+00   4.5125607e-03
   1.1669428e+07   2.1869045e-01   2.5544024e-02   1.4173113e-12   2.4423447e-01   1.0000000e+00   4.4954731e-03
   5.7103820e+06   1.7189674e+01   2.4238411e+00   2.3010426e-13   1.9613515e+01   1.0000000e+00   4.4894565e-03
   1.0930204e+06   5.3554232e+02   6.8236222e+00   8.6317685e-14   5.4236594e+02   1.0000000e+00   4.4834408e-03
   2.2916486e+06   1.1164019e+02   2.3037206e+00   1.3235594e-13   1.1394391e+02   1.0000000e+00   4.4773116e-03
   1.1051895e+07   5.5020392e-01   6.2448776e-02   9.1174644e-13   6.1265270e-01   1.0000000e+00   4.4709915e-03
   9.8325148e+05   6.0405468e+02   1.0557104e+01   8.3533449e-14   6.1461179e+02   1.0000000e+00   4.4692554e-03
   1.1194217e+07   6.4685379e-01   6.4647428e-02   8.5154065e-13   7.1150122e-01   1.0000000e+00   4.4691176e-03
   1.1231999e+06   4.8526108e+02   5.9743879e+00   8.8605998e-14   4.9123547e+02   1.0000000e+00   4.4669492e-03
   5.6985839e+06   1.2111149e+01   5.1864981e-01   2.6259684e-13   1.2629799e+01   1.0000000e+00   4.4441062e-03
   1.0371300e+07   8.8046041e-01   9.7782537e-02   7.3361132e-13   9.7824294e-01   1.0000000e+00   4.4377076e-03
   1.0193911e+07   2.8369098e+00   4.1428927e-01   4.4183517e-13   3.2511991e+00   1.0000000e+00   4.4360195e-03
   1.0695459e+06   5.3593504e+02   7.7518737e+00   8.6249097e-14   5.4368691e+02   1.0000000e+00   4.4275976e-03
   1.1253136e+07   3.6846466e-01   4.0050467e-02   1.1053926e-12   4.0851513e-01   1.0000000e+00   4.4225391e-03
   7.9073204e+05   1.0000000e+03   3.4562734e+01   7.3156272e-14   1.0345627e+03   1.0000000e+00   4.4193903e-03
   9.9848193e+05   6.3300460e+02   7.9019847e+00   8.2577062e-14   6.4090658e+02   1.0000000e+00   4.4068654e-03
   1.1226992e+07   3.7037281e-01   4.1373032e-02   1.1010081e-12   4.1174584e-01   1.0000000e+00   4.3926929e-03
   1.0034704e+06   6.6658320e+02   8.4311907e+00   8.1495778e-14   6.7501439e+02   1.0000000e+00   4.3858715e-03
   7.9189753e+05   1.0000000e+03   2.9567006e+01   7.3165033e-14   1.0295670e+03   1.0000000e+00   4.3814208e-03
   1.1320490e+07   5.1681524e-01   5.7113016e-02   9.4084683e-13   5.7392826e-01   1.0000000e+00   4.3770913e-03
   2.7980512e+06   6.8820705e+01   1.8303877e+00   1.5186893e-13   7.0651093e+01   1.0000000e+00   4.3721139e-03
   1.1119212e+07   2.5754813e-01   2.9732180e-02   1.3092344e-12   2.8728031e-01   1.0000000e+00   4.3608044e-03
   8.7276957e+05   7.6186750e+02   7.9913549e+00   7.8693887e-14   7.6985885e+02   1.0000000e+00   4.3549596e-03
   1.1589238e+07   1.9548897e-01   2.0304668e-02   1.5067070e-12   2.1579363e-01   1.0000000e+00   4.3482937e-03
   7.8543845e+05   1.0000000e+03   3.9972239e+01   7.3149870e-14   1.0399722e+03   1.0000000e+00   4.3430137e-03
   1.1863520e+06   3.5296324e+02   5.2156402e+00   9.6609127e-14   3.5817888e+02   1.0000000e+00   4.3411809e-03
   1.1140585e+07   1.0242413e-01   1.3394617e-02   2.0442702e-12   1.1581874e-01   1.0000000e+00   4.3351378e-03
   7.9020791e+05   9.9975804e+02   4.4092469e+01   7.3149787e-14   1.0438505e+03   1.0000000e+00   4.3296604e-03
   9.9211560e+05   6.5459268e+02   7.9039517e+00   8.1867034e-14   6.6249663e+02   1.0000000e+00   4.3288418e-03
   1.1236286e+07   1.1482573e-01   1.3729747e-02   1.9403838e-12   1.2855547e-01   1.0000000e+00   4.3272444e-03
   8.3946556e+05   7.7667300e+02   7.4145986e+00   7.8367723e-14   7.8408760e+02   1.0000000e+00   4.3232844e-03
   1.4178813e+06   2.8908636e+02   5.8203010e+00   1.0162541e-13   2.9490666e+02   1.0000000e+00   4.3127551e-03
   9.2418547e+05   6.5299472e+02   8.8632720e+00   8.1920025e-14   6.6185799e+02   1.0000000e+00   4.3107747e-03
   1.4855693e+06   2.9773350e+02   5.4802547e+00   1.0093075e-13   3.0321375e+02   1.0000000e+00   4.3054500e-03
   1.1178392e+07   3.1068245e-01   3.4692964e-02   1.1978660e-12   3.4537542e-01   1.0000000e+00   4.3021620e-03
   1.1295546e+07   5.4762084e-01   5.9464880e-02   9.1642511e-13   6.0708572e-01   1.0000000e+00   4.3019737e-03
   1.1289019e+07   5.9383585e-01   4.7192325e-02   8.9939165e-13   6.4102817e-01   1.0000000e+00   4.2976220e-03
   1.0377429e+06   5.7265061e+02   7.6430816e+00   8.4770332e-14   5.8029369e+02   1.0000000e+00   4.2852181e-03
   1.1268234e+07   2.7790361e-01   3.0778208e-02   1.2647359e-12   3.0868181e-01   1.0000000e+00   4.2481713e-03
   1.1269281e+07   4.1026885e-01   4.7649723e-02   1.0465296e-12   4.5791857e-01   1.0000000e+00   4.2303197e-03
   6.0331932e+06   1.0515196e+01   5.1476379e-01   2.7501473e-13   1.1029960e+01   1.0000000e+00   4.2299679e-03
   1.1470558e+07   1.3043664e-01   1.6311002e-02   1.8179766e-12   1.4674764e-01   1.0000000e+00   4.2284671e-03
   1.1175372e+07   1.7964901e-01   1.9947142e-02   1.5635289e-12   1.9959615e-01   1.0000000e+00   4.2280098e-03
   8.3828216e+05   8.1059291e+02   8.0631775e+00   7.7448256e-14   8.1865608e+02   1.0000000e+00   4.2230010e-03
   8.5364486e+05   8.2847613e+02   7.2560878e+00   7.7010012e-14   8.3573222e+02   1.0000000e+00   4.1977966e-03
   1.0228619e+07   3.4399132e+00   4.0896341e-01   4.1388175e-13   3.8488766e+00   1.0000000e+00   4.1940052e-03
   4.2163621e+06   3.0919818e+01   1.3021001e+00   1.9285837e-13   3.2221919e+01   1.0000000e+00   4.1849634e-03
   1.1216965e+07   1.8042596e-01   1.8075796e-02   1.5693497e-12   1.9850176e-01   1.0000000e+00   4.1769277e-03
   1.3448877e+06   3.2927993e+02   5.3493547e+00   9.8199795e-14   3.3462929e+02   1.0000000e+00   4.1654149e-03
   1.1070727e+07   3.0458864e-01   3.2792398e-02   1.2116384e-12   3.3738104e-01   1.0000000e+00   4.1587395e-03
   1.2761205e+06   3.4884365e+02   4.1984974e+00   9.6830687e-14   3.5304215e+02   1.0000000e+00   4.1574209e-03
   1.1298772e+07   4.7773058e-01   5.9076119e-02   9.7074990e-13   5.3680670e-01   1.0000000e+00   4.1567300e-03
   1.2257103e+06   3.9712262e+02   5.1169802e+00   9.3466756e-14   4.0223960e+02   1.0000000e+00   4.1424451e-03
   1.4424532e+06   3.0244757e+02   5.3223708e+00   1.0047335e-13   3.0776995e+02   1.0000000e+00   4.1272395e-03
   1.1307786e+07   4.5670049e-01   4.2039877e-02   1.0078886e-12   4.9874037e-01   1.0000000e+00   4.1055605e-03
   1.0556933e+07   1.2316768e+00   1.2744716e-01   6.3343791e-13   1.3591240e+00   1.0000000e+00   4.1015435e-03
   9.7603457e+06   2.0834233e+00   2.4471565e-01   5.0171166e-13   2.3281390e+00   1.0000000e+00   4.0923446e-03
   2.2335842e+06   1.3484083e+02   4.3764070e+00   1.2530594e-13   1.3921724e+02   1.0000000e+00   4.0842395e-03
   1.4142399e+06   2.9086265e+02   5.8527993e+00   1.0145730e-13   2.9671544e+02   1.0000000e+00   4.0823574e-03
   1.1282249e+07   4.6971878e-01   6.1583499e-02   9.7583062e-13   5.3130228e-01   1.0000000e+00   4.0776033e-03
   1.1211205e+07   1.1833910e-01   1.7136303e-02   1.8947402e-12   1.3547541e-01   1.0000000e+00   4.0774702e-03
   9.9094682e+06   1.7225239e+00   2.5544323e-01   5.3951463e-13   1.9779671e+00   1.0000000e+00   4.0713654e-03
   1.1306759e+07   4.5375574e-01   4.2037806e-02   1.0105728e-12   4.9579355e-01   1.0000000e+00   4.0545323e-03
   1.1671443e+07   1.5468057e-01   1.9912843e-02   1.6697493e-12   1.7459341e-01   1.0000000e+00   4.0468025e-03
   1.1108257e+06   4.8105688e+02   5.9898554e+00   8.8807089e-14   4.8704673e+02   1.0000000e+00   4.0425581e-03
   1.6636787e+06   1.6627790e+02   4.3362087e+00   1.1842876e-13   1.7061411e+02   1.0000000e+00   4.0406378e-03
   4.5050597e+06   3.0800958e+01   1.2877044e+00   1.9391316e-13   3.2088662e+01   1.0000000e+00   4.0258161e-03
