   5.0000000e+06   1.0000000e-01   2.6637084e-13   1.0000000e-01   1.0000000e+00             Inf
   8.2994007e+04   1.0000000e+03   2.5428656e-14   1.0000000e+03   1.0000000e+00             Inf
   5.0000000e+06   1.0000000e-01   2.6637084e-13   1.0000000e-01   1.0000000e+00             Inf
   9.8128684e+04   7.3106175e+02   2.7476533e-14   7.3106175e+02   1.0000000e+00   2.0943418e-02
   1.1403967e+05   5.4777023e+02   2.9512495e-14   5.4777023e+02   1.0000000e+00   1.9321099e-02
   1.1141720e+05   5.3277872e+02   2.9717281e-14   5.3277872e+02   1.0000000e+00   1.7845592e-02
   9.7896517e+04   7.2110006e+02   2.7569200e-14   7.2110006e+02   1.0000000e+00   1.5676210e-02
   1.2299425e+05   4.3951453e+02   3.1167860e-14   4.3951453e+02   1.0000000e+00   1.5462191e-02
   4.0449147e+06   4.4562510e-01   1.7314044e-13   4.4562510e-01   1.0000000e+00   1.4848795e-02
   4.0461519e+06   4.2209073e-01   1.7544701e-13   4.2209073e-01   1.0000000e+00   1.4811476e-02
   8.1266994e+04   9.6908546e+02   2.5635217e-14   9.6908546e+02   1.0000000e+00   1.4226339e-02
   9.6789059e+04   7.4756351e+02   2.7324932e-14   7.4756351e+02   1.0000000e+00   1.3670817e-02
   1.7390002e+06   2.4791157e+00   1.1311531e-13   2.4791157e+00   1.0000000e+00   1.3469727e-02
   1.4115191e+06   4.0716608e+00   1.0009589e-13   4.0716608e+00   1.0000000e+00   1.3361529e-02
   1.2012405e+05   5.0821035e+02   3.0070674e-14   5.0821035e+02   1.0000000e+00   1.3187269e-02
   1.7213304e+05   2.3273457e+02   3.6491173e-14   2.3273457e+02   1.0000000e+00   1.3109512e-02
   1.1064279e+06   5.3777687e+00   9.3255418e-14   5.3777687e+00   1.0000000e+00   1.2721110e-02
   1.1343151e+05   5.7814118e+02   2.9129203e-14   5.7814118e+02   1.0000000e+00   1.2466222e-02
   1.1097788e+05   5.8758208e+02   2.9006473e-14   5.8758208e+02   1.0000000e+00   1.2422454e-02
   1.5493984e+05   2.9199426e+02   3.4493164e-14   2.9199426e+02   1.0000000e+00   1.2304474e-02
   1.6522893e+05   2.8435994e+02   3.4750304e-14   2.8435994e+02   1.0000000e+00   1.2304099e-02
   4.9942661e+06   1.9446468e-01   2.1408910e-13   1.9446468e-01   1.0000000e+00   1.2177300e-02
   1.5955071e+05   2.4795155e+02   3.5939242e-14   2.4795155e+02   1.0000000e+00   1.2101953e-02
   1.3352608e+05   3.9293396e+02   3.2043534e-14   3.9293396e+02   1.0000000e+00   1.1874853e-02
   4.9222239e+06   1.8974918e-01   2.1593849e-13   1.8974918e-01   1.0000000e+00   1.1720723e-02
   1.2624956e+05   4.3293642e+02   3.1281996e-14   4.3293642e+02   1.0000000e+00   1.1715883e-02
   1.6821103e+05   2.3947219e+02   3.6234144e-14   2.3947219e+02   1.0000000e+00   1.1708642e-02
   3.5318589e+06   5.2672857e-01   1.6611852e-13   5.2672857e-01   1.0000000e+00   1.1677699e-02
   8.4086969e+05   1.0005353e+01   7.9884253e-14   1.0005353e+01   1.0000000e+00   1.1647808e-02
   4.9668498e+06   2.3210966e-01   2.0380359e-13   2.3210966e-01   1.0000000e+00   1.1631155e-02
   5.0000000e+06   1.2832426e-01   2.4399884e-13   1.2832426e-01   1.0000000e+00   1.1600319e-02
   1.0152281e+05   6.8308695e+02   2.7941819e-14   6.8308695e+02   1.0000000e+00   1.1589190e-02
   1.6592719e+06   2.5875009e+00   1.1187626e-13   2.5875009e+00   1.0000000e+00   1.1550855e-02
   9.8489662e+04   7.0553309e+02   2.7718525e-14   7.0553309e+02   1.0000000e+00   1.1459370e-02
   1.2129537e+05   4.7960804e+02   3.0499222e-14   4.7960804e+02   1.0000000e+00   1.1324411e-02
   2.8925090e+06   8.4403095e-01   1.4778056e-13   8.4403095e-01   1.0000000e+00   1.1269620e-02
   3.3807058e+06   5.0027063e-01   1.6860272e-13   5.0027063e-01   1.0000000e+00   1.1247425e-02
   4.0718455e+06   4.7759813e-01   1.7036671e-13   4.7759813e-01   1.0000000e+00   1.0865211e-02
   9.5630660e+04   7.1274918e+02   2.7654087e-14   7.1274918e+02   1.0000000e+00   1.0859363e-02
   9.7646945e+04   7.4126778e+02   2.7382786e-14   7.4126778e+02   1.0000000e+00   1.0672252e-02
   4.3115553e+06   3.5556657e-01   1.8306575e-13   3.5556657e-01   1.0000000e+00   1.0599348e-02
   9.8861893e+04   6.8893546e+02   2.7883126e-14   6.8893546e+02   1.0000000e+00   1.0553483e-02
   8.5605798e+04   9.4279692e+02   2.5801371e-14   9.4279692e+02   1.0000000e+00   1.0462223e-02
   1.0871591e+06   3.8812999e+00   1.0218401e-13   3.8812999e+00   1.0000000e+00   1.0454163e-02
   4.9736111e+06   2.0762015e-01   2.1017532e-13   2.0762015e-01   1.0000000e+00   1.0435756e-02
   9.0592690e+04   9.7915864e+02   2.5598599e-14   9.7915864e+02   1.0000000e+00   1.0390729e-02
   1.9327784e+06   2.3438925e+00   1.1506299e-13   2.3438925e+00   1.0000000e+00   1.0354038e-02
   4.0528565e+06   5.1208139e-01   1.6766504e-13   5.1208139e-01   1.0000000e+00   1.0336791e-02
   1.0397036e+05   6.0918997e+02   2.8747864e-14   6.0918997e+02   1.0000000e+00   1.0323805e-02
   2.4501288e+05   1.2178465e+02   4.2874352e-14   1.2178465e+02   1.0000000e+00   1.0205177e-02
   4.9999999e+06   1.2597262e-01   2.4553608e-13   1.2597262e-01   1.0000000e+00   1.0192359e-02
   2.8637011e+06   7.7797892e-01   1.5085180e-13   7.7797892e-01   1.0000000e+00   1.0096889e-02
   1.0344647e+05   6.4122920e+02   2.8381769e-14   6.4122920e+02   1.0000000e+00   1.0090582e-02
   5.0000000e+06   2.6559520e-01   1.9672474e-13   2.6559520e-01   1.0000000e+00   1.0069994e-02
   1.2695893e+05   4.0018402e+02   3.1906958e-14   4.0018402e+02   1.0000000e+00   1.0049205e-02
   1.4709617e+05   3.2088226e+02   3.3694464e-14   3.2088226e+02   1.0000000e+00   1.0032306e-02
   9.7817405e+04   7.5700202e+02   2.7243984e-14   7.5700202e+02   1.0000000e+00   1.0031245e-02
   1.2090955e+05   4.4736855e+02   3.1034159e-14   4.4736855e+02   1.0000000e+00   9.9124101e-03
   1.6355772e+05   2.7432829e+02   3.5039502e-14   2.7432829e+02   1.0000000e+00   9.8283811e-03
   2.3145457e+06   1.3500960e+00   1.3152716e-13   1.3500960e+00   1.0000000e+00   9.7822154e-03
   2.1024606e+05   1.7550447e+02   3.9175688e-14   1.7550447e+02   1.0000000e+00   9.7613113e-03
   1.4345169e+05   3.2727858e+02   3.3530935e-14   3.2727858e+02   1.0000000e+00   9.7204097e-03
   1.8419677e+05   1.9669870e+02   3.8051224e-14   1.9669870e+02   1.0000000e+00   9.7106807e-03
   1.6778618e+05   2.4285083e+02   3.6107743e-14   2.4285083e+02   1.0000000e+00   9.7041648e-03
   4.3115553e+06   3.4384519e-01   1.8463549e-13   3.4384519e-01   1.0000000e+00   9.6963938e-03
   2.5993397e+06   1.0619305e+00   1.3960227e-13   1.0619305e+00   1.0000000e+00   9.6506767e-03
   2.1444827e+06   1.6037488e+00   1.2603611e-13   1.6037488e+00   1.0000000e+00   9.5621541e-03
   1.0015066e+05   6.5995608e+02   2.8183126e-14   6.5995608e+02   1.0000000e+00   9.5495564e-03
   4.9999999e+06   1.5184238e-01   2.3085007e-13   1.5184238e-01   1.0000000e+00   9.4825516e-03
   3.5365301e+05   5.2726244e+01   5.2803189e-14   5.2726244e+01   1.0000000e+00   9.4573029e-03
   2.8659518e+06   8.8632955e-01   1.4601986e-13   8.8632955e-01   1.0000000e+00   9.3817082e-03
   1.6848354e+05   2.5339382e+02   3.5732376e-14   2.5339382e+02   1.0000000e+00   9.3739538e-03
   2.1875428e+06   1.3993405e+00   1.3035099e-13   1.3993405e+00   1.0000000e+00   9.3585433e-03
   9.5191026e+04   8.2325803e+02   2.6690861e-14   8.2325803e+02   1.0000000e+00   9.3580446e-03
   2.8068171e+06   1.1137521e+00   1.3844672e-13   1.1137521e+00   1.0000000e+00   9.3423422e-03
   1.7762101e+05   2.7018333e+02   3.5261615e-14   2.7018333e+02   1.0000000e+00   9.3288341e-03
   9.8936553e+04   7.6400529e+02   2.7189045e-14   7.6400529e+02   1.0000000e+00   9.3266938e-03
   5.0000000e+06   1.2235394e-01   2.4799690e-13   1.2235394e-01   1.0000000e+00   9.2938780e-03
   1.4350850e+06   3.1088335e+00   1.0691161e-13   3.1088335e+00   1.0000000e+00   9.2408788e-03
   1.5659328e+06   3.2964773e+00   1.0549190e-13   3.2964773e+00   1.0000000e+00   9.2340640e-03
   1.8491241e+06   1.5252427e+00   1.2821040e-13   1.5252427e+00   1.0000000e+00   9.1756844e-03
   5.0000000e+06   1.3030148e-01   2.4274212e-13   1.3030148e-01   1.0000000e+00   9.1165507e-03
   2.1310698e+06   1.5585093e+00   1.2690554e-13   1.5585093e+00   1.0000000e+00   9.1026235e-03
   4.4549307e+05   3.9605853e+01   5.6756868e-14   3.9605853e+01   1.0000000e+00   9.0782069e-03
   5.0000000e+06   2.3963113e-01   2.0201720e-13   2.3963113e-01   1.0000000e+00   9.0343582e-03
   1.7054863e+06   2.0791792e+00   1.1825321e-13   2.0791792e+00   1.0000000e+00   8.9935924e-03
   1.3124356e+05   4.0705969e+02   3.1764184e-14   4.0705969e+02   1.0000000e+00   8.9449672e-03
   1.9474133e+06   1.9912606e+00   1.1946141e-13   1.9912606e+00   1.0000000e+00   8.9270486e-03
   4.9961136e+06   3.1302085e-01   1.8907133e-13   3.1302085e-01   1.0000000e+00   8.9150708e-03
   1.0866637e+05   6.6545896e+02   2.8152175e-14   6.6545896e+02   1.0000000e+00   8.9104792e-03
   1.0450051e+05   6.1584481e+02   2.8668008e-14   6.1584481e+02   1.0000000e+00   8.8834027e-03
   9.8313917e+04   6.9722410e+02   2.7800676e-14   6.9722410e+02   1.0000000e+00   8.8465333e-03
   1.6874777e+05   2.2349022e+02   3.6875303e-14   2.2349022e+02   1.0000000e+00   8.8460026e-03
   5.0000000e+06   1.6999547e-01   2.2283127e-13   1.6999547e-01   1.0000000e+00   8.8143465e-03
   4.9996646e+06   2.7162719e-01   1.9562241e-13   2.7162719e-01   1.0000000e+00   8.7994414e-03
   4.8363265e+05   2.8048093e+01   6.1796162e-14   2.8048093e+01   1.0000000e+00   8.7809305e-03
   9.7777920e+04   7.1597406e+02   2.7617968e-14   7.1597406e+02   1.0000000e+00   8.7040343e-03
   1.6206423e+05   2.6345425e+02   3.5384744e-14   2.6345425e+02   1.0000000e+00   8.7021413e-03
   2.2677748e+05   1.3622972e+02   4.1687424e-14   1.3622972e+02   1.0000000e+00   8.6907195e-03
   5.8472581e+05   2.7143337e+01   6.2634875e-14   2.7143337e+01   1.0000000e+00   8.6847674e-03
   3.3406423e+06   7.4986418e-01   1.5252988e-13   7.4986418e-01   1.0000000e+00   8.6805031e-03
   1.0538935e+05   6.7786401e+02   2.8007606e-14   6.7786401e+02   1.0000000e+00   8.6724807e-03
   2.4204857e+05   1.1677520e+02   4.3315813e-14   1.1677520e+02   1.0000000e+00   8.6681941e-03
   1.4354321e+05   3.1499606e+02   3.3857315e-14   3.1499606e+02   1.0000000e+00   8.6524073e-03
   9.9700623e+04   7.0171358e+02   2.7755924e-14   7.0171358e+02   1.0000000e+00   8.6507803e-03
   9.8069548e+04   6.9322236e+02   2.7841331e-14   6.9322236e+02   1.0000000e+00   8.6316653e-03
   1.4042978e+05   3.1053935e+02   3.3999283e-14   3.1053935e+02   1.0000000e+00   8.6186080e-03
   1.1339776e+06   5.0168735e+00   9.4896585e-14   5.0168735e+00   1.0000000e+00   8.5981734e-03
   4.9503681e+06   1.6125900e-01   2.2680813e-13   1.6125900e-01   1.0000000e+00   8.5401203e-03
   2.8445041e+06   9.7165182e-01   1.4285379e-13   9.7165182e-01   1.0000000e+00   8.5242510e-03
   8.6596720e+04   9.2359581e+02   2.5932903e-14   9.2359581e+02   1.0000000e+00   8.4830263e-03
   1.2191789e+05   5.0131109e+02   3.0176823e-14   5.0131109e+02   1.0000000e+00   8.4343255e-03
   1.7403180e+05   2.5797112e+02   3.5604279e-14   2.5797112e+02   1.0000000e+00   8.4316655e-03
   4.8380365e+06   2.9268956e-01   1.9205003e-13   2.9268956e-01   1.0000000e+00   8.4268886e-03
   8.3268512e+05   1.1231697e+01   7.7683834e-14   1.1231697e+01   1.0000000e+00   8.4172758e-03
   9.2305232e+05   8.0287863e+00   8.4384116e-14   8.0287863e+00   1.0000000e+00   8.4145633e-03
   3.1009707e+06   6.5907871e-01   1.5719468e-13   6.5907871e-01   1.0000000e+00   8.4078374e-03
   1.3746827e+05   3.5366394e+02   3.2892931e-14   3.5366394e+02   1.0000000e+00   8.4047925e-03
   5.0000000e+06   1.0284240e-01   2.6367347e-13   1.0284240e-01   1.0000000e+00   8.3862032e-03
   4.3115553e+06   3.8500597e-01   1.7949476e-13   3.8500597e-01   1.0000000e+00   8.3515299e-03
   7.4799169e+05   9.4716151e+00   8.1332147e-14   9.4716151e+00   1.0000000e+00   8.3306350e-03
   4.9999163e+06   1.0802367e-01   2.5905908e-13   1.0802367e-01   1.0000000e+00   8.3183384e-03
   4.2551105e+06   4.1067140e-01   1.7670073e-13   4.1067140e-01   1.0000000e+00   8.3075740e-03
   1.1354409e+05   5.6684149e+02   2.9267614e-14   5.6684149e+02   1.0000000e+00   8.2769108e-03
   4.9502732e+06   2.5170191e-01   1.9949116e-13   2.5170191e-01   1.0000000e+00   8.2767434e-03
   8.4783496e+04   9.3631545e+02   2.5846243e-14   9.3631545e+02   1.0000000e+00   8.2749398e-03
   4.8573809e+06   2.0383608e-01   2.1170519e-13   2.0383608e-01   1.0000000e+00   8.2496948e-03
   1.1168651e+05   5.2027914e+02   2.9896140e-14   5.2027914e+02   1.0000000e+00   8.2270412e-03
   8.8680870e+04   8.4955954e+02   2.6475488e-14   8.4955954e+02   1.0000000e+00   8.2264935e-03
   1.2777345e+06   4.2198575e+00   9.9046231e-14   4.2198575e+00   1.0000000e+00   8.2185013e-03
   2.1949473e+05   1.4134964e+02   4.1306501e-14   1.4134964e+02   1.0000000e+00   8.1843934e-03
   1.0385619e+05   6.3094450e+02   2.8495838e-14   6.3094450e+02   1.0000000e+00   8.1676973e-03
   2.2772216e+06   1.2200449e+00   1.3492379e-13   1.2200449e+00   1.0000000e+00   8.0678429e-03
   4.8809515e+06   3.2218571e-01   1.8768213e-13   3.2218571e-01   1.0000000e+00   8.0518726e-03
   4.0226402e+06   4.5928890e-01   1.7187827e-13   4.5928890e-01   1.0000000e+00   8.0226992e-03
   3.1030324e+06   6.4174812e-01   1.5828567e-13   6.4174812e-01   1.0000000e+00   8.0125359e-03
   5.0000000e+06   1.9783422e-01   2.1300641e-13   1.9783422e-01   1.0000000e+00   8.0071014e-03
   1.2014132e+05   4.8573193e+02   3.0403008e-14   4.8573193e+02   1.0000000e+00   7.8825284e-03
   5.0000000e+06   1.8327963e-01   2.1782607e-13   1.8327963e-01   1.0000000e+00   7.8382279e-03
   3.1830799e+05   7.2024711e+01   4.8860833e-14   7.2024711e+01   1.0000000e+00   7.8206508e-03
   3.3405467e+06   8.4260855e-01   1.4872465e-13   8.4260855e-01   1.0000000e+00   7.8185817e-03
   1.0435411e+05   6.2481555e+02   2.8564782e-14   6.2481555e+02   1.0000000e+00   7.7755148e-03
   3.6934413e+06   5.4352863e-01   1.6485896e-13   5.4352863e-01   1.0000000e+00   7.7367573e-03
   1.6309334e+05   2.7855016e+02   3.4909667e-14   2.7855016e+02   1.0000000e+00   7.6311463e-03
   4.9996646e+06   3.0772138e-01   1.8982666e-13   3.0772138e-01   1.0000000e+00   7.5875900e-03
   3.1550636e+06   6.8571010e-01   1.5558853e-13   6.8571010e-01   1.0000000e+00   7.5842696e-03
   9.3114957e+04   7.8056023e+02   2.7034739e-14   7.8056023e+02   1.0000000e+00   7.5793011e-03
   1.9262443e+05   1.5592563e+02   4.0387878e-14   1.5592563e+02   1.0000000e+00   7.5703209e-03
   8.8450864e+04   8.2897764e+02   2.6640964e-14   8.2897764e+02   1.0000000e+00   7.5451310e-03
   1.8359598e+06   1.8624995e+00   1.2146985e-13   1.8624995e+00   1.0000000e+00   7.5109806e-03
   2.2324430e+06   1.6928549e+00   1.2463399e-13   1.6928549e+00   1.0000000e+00   7.5058197e-03
   1.3126929e+05   4.0221294e+02   3.1858176e-14   4.0221294e+02   1.0000000e+00   7.4689175e-03
   1.3513197e+06   2.8943639e+00   1.0927672e-13   2.8943639e+00   1.0000000e+00   7.4617088e-03
   1.1403555e+05   5.5106923e+02   2.9469409e-14   5.5106923e+02   1.0000000e+00   7.4522621e-03
   2.9605137e+05   6.4578158e+01   5.0319417e-14   6.4578158e+01   1.0000000e+00   7.4490407e-03
   1.1915663e+05   4.7276580e+02   3.0608397e-14   4.7276580e+02   1.0000000e+00   7.3647342e-03
   5.6009994e+05   2.2930695e+01   6.4973930e-14   2.2930695e+01   1.0000000e+00   7.3604614e-03
   9.0558284e+04   8.3733961e+02   2.6568927e-14   8.3733961e+02   1.0000000e+00   7.3534742e-03
   2.2605119e+06   1.1785017e+00   1.3618388e-13   1.1785017e+00   1.0000000e+00   7.3486861e-03
   1.2987407e+05   4.1819416e+02   3.1552823e-14   4.1819416e+02   1.0000000e+00   7.3084002e-03
   2.3717894e+06   1.3037951e+00   1.3268492e-13   1.3037951e+00   1.0000000e+00   7.3012907e-03
   8.3997133e+04   9.5512599e+02   2.5719451e-14   9.5512599e+02   1.0000000e+00   7.2933455e-03
   3.5494662e+05   4.3905444e+01   5.5427893e-14   4.3905444e+01   1.0000000e+00   7.2849294e-03
   9.2655673e+05   8.4233237e+00   8.3392744e-14   8.4233237e+00   1.0000000e+00   7.2809762e-03
   1.9206027e+05   1.6517163e+02   3.9775181e-14   1.6517163e+02   1.0000000e+00   7.2603882e-03
   1.1047687e+05   5.7044281e+02   2.9215811e-14   5.7044281e+02   1.0000000e+00   7.2471961e-03
   9.1123593e+04   8.4433743e+02   2.6514787e-14   8.4433743e+02   1.0000000e+00   7.2394634e-03
   8.6231049e+04   9.2755663e+02   2.5905457e-14   9.2755663e+02   1.0000000e+00   7.2320018e-03
   1.4437168e+05   3.4193455e+02   3.3169480e-14   3.4193455e+02   1.0000000e+00   7.2179140e-03
   1.4020557e+06   2.7675324e+00   1.1040172e-13   2.7675324e+00   1.0000000e+00   7.1874810e-03
   2.1648555e+05   1.5142416e+02   4.0606939e-14   1.5142416e+02   1.0000000e+00   7.1624420e-03
   1.4356938e+05   3.5055800e+02   3.2967384e-14   3.5055800e+02   1.0000000e+00   7.1575897e-03
   2.4090283e+06   1.0322386e+00   1.4075233e-13   1.0322386e+00   1.0000000e+00   7.1574124e-03
   9.3450800e+04   7.8395472e+02   2.7005266e-14   7.8395472e+02   1.0000000e+00   7.1554130e-03
   2.8793868e+05   1.0243226e+02   4.4871546e-14   1.0243226e+02   1.0000000e+00   7.1458084e-03
   4.9901314e+06   1.0567465e-01   2.6122222e-13   1.0567465e-01   1.0000000e+00   7.1359434e-03
   4.9633208e+05   2.9416032e+01   6.1066822e-14   2.9416032e+01   1.0000000e+00   7.1305256e-03
   5.6680516e+05   2.1564585e+01   6.5968932e-14   2.1564585e+01   1.0000000e+00   7.1150482e-03
   3.3456100e+05   6.7830117e+01   4.9614834e-14   6.7830117e+01   1.0000000e+00   7.1085658e-03
   9.5394887e+04   7.7031833e+02   2.7123107e-14   7.7031833e+02   1.0000000e+00   7.0901799e-03
   1.5035777e+05   2.9521425e+02   3.4401159e-14   2.9521425e+02   1.0000000e+00   7.0894480e-03
   8.6760769e+04   8.9239412e+02   2.6155064e-14   8.9239412e+02   1.0000000e+00   7.0864798e-03
   2.2105913e+05   1.4659425e+02   4.0937153e-14   1.4659425e+02   1.0000000e+00   7.0825419e-03
   8.6019575e+04   9.5094362e+02   2.5747278e-14   9.5094362e+02   1.0000000e+00   7.0745672e-03
   3.3406422e+06   7.1132582e-01   1.5436831e-13   7.1132582e-01   1.0000000e+00   7.0095817e-03
   4.1284759e+05   3.3945568e+01   5.9031254e-14   3.3945568e+01   1.0000000e+00   6.9918887e-03
   6.7227619e+05   1.5898703e+01   7.1182174e-14   1.5898703e+01   1.0000000e+00   6.9775854e-03
   9.8724369e+04   7.5980534e+02   2.7223609e-14   7.5980534e+02   1.0000000e+00   6.9761627e-03
   4.9998149e+06   1.4637126e-01   2.3359322e-13   1.4637126e-01   1.0000000e+00   6.9736583e-03
   1.0496503e+05   6.4783418e+02   2.8311945e-14   6.4783418e+02   1.0000000e+00   6.9617102e-03
   9.2333920e+04   8.0554795e+02   2.6824389e-14   8.0554795e+02   1.0000000e+00   6.9354356e-03
   5.0000000e+06   1.3181214e-01   2.4180312e-13   1.3181214e-01   1.0000000e+00   6.9349744e-03
   1.2230893e+05   4.6705214e+02   3.0699706e-14   4.6705214e+02   1.0000000e+00   6.9299802e-03
   4.9987221e+06   1.0925136e-01   2.5803196e-13   1.0925136e-01   1.0000000e+00   6.9280196e-03
   8.6065519e+04   8.7585927e+02   2.6281069e-14   8.7585927e+02   1.0000000e+00   6.9262137e-03
   2.4081422e+06   1.2428995e+00   1.3425552e-13   1.2428995e+00   1.0000000e+00   6.9260905e-03
   1.1574591e+06   4.7890219e+00   9.6006047e-14   4.7890219e+00   1.0000000e+00   6.9234401e-03
   2.9020168e+05   8.1328591e+01   4.7396075e-14   8.1328591e+01   1.0000000e+00   6.9096465e-03
   1.4019221e+06   2.9548736e+00   1.0843518e-13   2.9548736e+00   1.0000000e+00   6.8696923e-03
   1.9292579e+05   2.0174912e+02   3.7826599e-14   2.0174912e+02   1.0000000e+00   6.8652418e-03
   1.1291919e+05   5.6259447e+02   2.9318882e-14   5.6259447e+02   1.0000000e+00   6.8486470e-03
   2.8956213e+05   1.0632054e+02   4.4519572e-14   1.0632054e+02   1.0000000e+00   6.8233077e-03
   1.8457346e+05   1.9360415e+02   3.8203648e-14   1.9360415e+02   1.0000000e+00   6.8144289e-03
   5.0000000e+06   1.7461697e-01   2.2101674e-13   1.7461697e-01   1.0000000e+00   6.7986021e-03
   4.9603538e+06   1.5855161e-01   2.2795960e-13   1.5855161e-01   1.0000000e+00   6.7882624e-03
   2.1992802e+05   1.4248885e+02   4.1223698e-14   1.4248885e+02   1.0000000e+00   6.7780690e-03
   1.7928831e+05   2.0940955e+02   3.7462595e-14   2.0940955e+02   1.0000000e+00   6.7553528e-03
   8.8896676e+04   8.6113397e+02   2.6385778e-14   8.6113397e+02   1.0000000e+00   6.7488980e-03
   5.0000000e+06   1.3935137e-01   2.3737207e-13   1.3935137e-01   1.0000000e+00   6.7462992e-03
   2.4921996e+06   1.1328875e+00   1.3736840e-13   1.1328875e+00   1.0000000e+00   6.7201310e-03
   1.1762075e+05   4.9708593e+02   3.0228946e-14   4.9708593e+02   1.0000000e+00   6.7133329e-03
   5.0000000e+06   1.7793679e-01   2.1976278e-13   1.7793679e-01   1.0000000e+00   6.6972411e-03
   8.9198791e+05   7.3016564e+00   8.6563045e-14   7.3016564e+00   1.0000000e+00   6.6969951e-03
   5.0000000e+06   1.0435101e-01   2.6229088e-13   1.0435101e-01   1.0000000e+00   6.6686328e-03
   1.1432277e+05   4.9083099e+02   3.0333737e-14   4.9083099e+02   1.0000000e+00   6.6652895e-03
   4.9679179e+06   1.4847923e-01   2.3274701e-13   1.4847923e-01   1.0000000e+00   6.6485863e-03
   1.9247405e+05   1.6813600e+02   3.9587376e-14   1.6813600e+02   1.0000000e+00   6.6403251e-03
   2.8417124e+06   9.4392752e-01   1.4381971e-13   9.4392752e-01   1.0000000e+00   6.6386318e-03
   8.7767413e+04   7.8757698e+02   2.7001500e-14   7.8757698e+02   1.0000000e+00   6.6305250e-03
   4.0084377e+05   4.0912009e+01   5.6248485e-14   4.0912009e+01   1.0000000e+00   6.6260913e-03
   1.3370517e+05   4.2868139e+02   3.1380289e-14   4.2868139e+02   1.0000000e+00   6.6194223e-03
   5.0000000e+06   2.1081673e-01   2.0919246e-13   2.1081673e-01   1.0000000e+00   6.6167377e-03
   4.9963049e+06   1.1903229e-01   2.5040182e-13   1.1903229e-01   1.0000000e+00   6.6160414e-03
   1.3597725e+05   3.6302758e+02   3.2679884e-14   3.6302758e+02   1.0000000e+00   6.5958699e-03
   1.7054863e+06   2.1419277e+00   1.1733078e-13   2.1419277e+00   1.0000000e+00   6.5888753e-03
   1.4387520e+05   3.4714445e+02   3.3046519e-14   3.4714445e+02   1.0000000e+00   6.5884585e-03
   9.5431224e+04   7.6876977e+02   2.7136539e-14   7.6876977e+02   1.0000000e+00   6.5873399e-03
   8.8374703e+04   8.8607891e+02   2.6199992e-14   8.8607891e+02   1.0000000e+00   6.5804010e-03
   2.3625610e+06   1.2801167e+00   1.3326948e-13   1.2801167e+00   1.0000000e+00   6.5794866e-03
   1.6601231e+05   2.1814974e+02   3.7126109e-14   2.1814974e+02   1.0000000e+00   6.5703403e-03
   1.4131932e+05   3.1826780e+02   3.3776847e-14   3.1826780e+02   1.0000000e+00   6.5626764e-03
   5.0000000e+06   1.7918474e-01   2.1930163e-13   1.7918474e-01   1.0000000e+00   6.5538956e-03
   9.5358103e+04   7.7561462e+02   2.7077594e-14   7.7561462e+02   1.0000000e+00   6.5475326e-03
   1.3765491e+06   3.4735555e+00   1.0397801e-13   3.4735555e+00   1.0000000e+00   6.5427433e-03
   4.9999999e+06   1.5514108e-01   2.2927577e-13   1.5514108e-01   1.0000000e+00   6.5377558e-03
   8.6527022e+04   9.1472330e+02   2.5994845e-14   9.1472330e+02   1.0000000e+00   6.5298260e-03
   1.0480769e+05   6.4870642e+02   2.8302323e-14   6.4870642e+02   1.0000000e+00   6.5249424e-03
   1.1651219e+05   4.8340411e+02   3.0443342e-14   4.8340411e+02   1.0000000e+00   6.5238346e-03
   5.0000000e+06   1.2047862e-01   2.4932019e-13   1.2047862e-01   1.0000000e+00   6.5071246e-03
   8.7296096e+04   8.8810112e+02   2.6185728e-14   8.8810112e+02   1.0000000e+00   6.5023057e-03
   2.8813205e+05   7.5798377e+01   4.8259535e-14   7.5798377e+01   1.0000000e+00   6.4978292e-03
   2.2457497e+05   1.3472053e+02   4.1803069e-14   1.3472053e+02   1.0000000e+00   6.4791364e-03
   1.5491318e+06   3.0214120e+00   1.0765214e-13   3.0214120e+00   1.0000000e+00   6.4773615e-03
   1.6176833e+05   2.8108551e+02   3.4829100e-14   2.8108551e+02   1.0000000e+00   6.4717820e-03
   1.5795271e+06   3.4058124e+00   1.0475829e-13   3.4058124e+00   1.0000000e+00   6.4603223e-03
   1.0752514e+05   6.3820569e+02   2.8423051e-14   6.3820569e+02   1.0000000e+00   6.4408745e-03
   4.0680505e+06   3.6847018e-01   1.8161710e-13   3.6847018e-01   1.0000000e+00   6.4258093e-03
   4.9974138e+06   1.2463909e-01   2.4645372e-13   1.2463909e-01   1.0000000e+00   6.4170702e-03
   1.3949743e+05   3.2970814e+02   3.3479147e-14   3.2970814e+02   1.0000000e+00   6.4116414e-03
   2.7305921e+06   8.9790481e-01   1.4553309e-13   8.9790481e-01   1.0000000e+00   6.4074197e-03
   5.0000000e+06   1.2367944e-01   2.4708167e-13   1.2367944e-01   1.0000000e+00   6.4070635e-03
   4.0039903e+05   4.2241111e+01   5.5795371e-14   4.2241111e+01   1.0000000e+00   6.3994960e-03
   9.7132585e+04   7.4381025e+02   2.7359087e-14   7.4381025e+02   1.0000000e+00   6.3853568e-03
   1.6799417e+05   2.2003796e+02   3.7028660e-14   2.2003796e+02   1.0000000e+00   6.3819460e-03
   4.9328984e+06   3.3312176e-01   1.8631091e-13   3.3312176e-01   1.0000000e+00   6.3717326e-03
   1.0000472e+06   6.5889530e+00   8.8654148e-14   6.5889530e+00   1.0000000e+00   6.3711233e-03
   1.1134768e+05   5.9427466e+02   2.8928942e-14   5.9427466e+02   1.0000000e+00   6.3686740e-03
   3.2903739e+06   6.2640838e-01   1.5911736e-13   6.2640838e-01   1.0000000e+00   6.3642528e-03
   1.1977570e+05   5.6048567e+02   2.9386204e-14   5.6048567e+02   1.0000000e+00   6.3632761e-03
   4.9819979e+06   2.5873551e-01   1.9804559e-13   2.5873551e-01   1.0000000e+00   6.3581979e-03
   1.0500551e+06   6.0067675e+00   9.0718232e-14   6.0067675e+00   1.0000000e+00   6.3240238e-03
   4.1157746e+06   4.6817871e-01   1.7121287e-13   4.6817871e-01   1.0000000e+00   6.2918622e-03
   4.2693926e+05   3.2823684e+01   5.9488036e-14   3.2823684e+01   1.0000000e+00   6.2670567e-03
   1.3194822e+06   3.5836280e+00   1.0322472e-13   3.5836280e+00   1.0000000e+00   6.2562564e-03
   8.8883803e+04   8.7092163e+02   2.6311925e-14   8.7092163e+02   1.0000000e+00   6.2505166e-03
   6.5376304e+05   1.3271879e+01   7.4629306e-14   1.3271879e+01   1.0000000e+00   6.2369749e-03
   9.2040155e+04   8.1368697e+02   2.6757780e-14   8.1368697e+02   1.0000000e+00   6.2180440e-03
   1.1914807e+06   5.7129411e+00   9.1999262e-14   5.7129411e+00   1.0000000e+00   6.1932724e-03
   5.0000000e+06   2.8496390e-01   1.9333080e-13   2.8496390e-01   1.0000000e+00   6.1916848e-03
   2.0593182e+05   1.7066825e+02   3.9420612e-14   1.7066825e+02   1.0000000e+00   6.1816608e-03
   4.2710359e+06   3.9517639e-01   1.7834820e-13   3.9517639e-01   1.0000000e+00   6.1727155e-03
   1.1651233e+05   5.1369681e+02   2.9983995e-14   5.1369681e+02   1.0000000e+00   6.1513704e-03
   5.0000000e+06   2.4456098e-01   2.0093729e-13   2.4456098e-01   1.0000000e+00   6.1395600e-03
   4.9581181e+06   3.0024628e-01   1.9089642e-13   3.0024628e-01   1.0000000e+00   6.1393526e-03
   8.8701930e+04   8.5519367e+02   2.6431633e-14   8.5519367e+02   1.0000000e+00   6.1391172e-03
   8.5139074e+04   9.9036647e+02   2.5492191e-14   9.9036647e+02   1.0000000e+00   6.1372040e-03
   4.9820294e+06   1.8612634e-01   2.1691110e-13   1.8612634e-01   1.0000000e+00   6.1306485e-03
   2.1387229e+05   1.6037085e+02   4.0038889e-14   1.6037085e+02   1.0000000e+00   6.1143646e-03
   5.7048756e+05   1.7137550e+01   7.0053747e-14   1.7137550e+01   1.0000000e+00   6.1066165e-03
   8.9582584e+04   8.0248142e+02   2.6857298e-14   8.0248142e+02   1.0000000e+00   6.1028226e-03
   1.3156438e+05   4.2345084e+02   3.1461493e-14   4.2345084e+02   1.0000000e+00   6.1012598e-03
   8.5922270e+04   9.5930192e+02   2.5692178e-14   9.5930192e+02   1.0000000e+00   6.0955048e-03
   1.1915660e+05   4.7270145e+02   3.0609443e-14   4.7270145e+02   1.0000000e+00   6.0932009e-03
   1.6497971e+05   2.1458844e+02   3.7298583e-14   2.1458844e+02   1.0000000e+00   6.0875367e-03
   1.7672520e+05   2.2818510e+02   3.6672970e-14   2.2818510e+02   1.0000000e+00   6.0826552e-03
   5.0000000e+06   2.2762173e-01   2.0481674e-13   2.2762173e-01   1.0000000e+00   6.0704154e-03
   4.8809513e+06   2.7753910e-01   1.9460746e-13   2.7753910e-01   1.0000000e+00   6.0590475e-03
   9.8702376e+04   6.5623194e+02   2.8229665e-14   6.5623194e+02   1.0000000e+00   6.0590004e-03
   8.9244498e+04   8.8158227e+02   2.6233495e-14   8.8158227e+02   1.0000000e+00   6.0583703e-03
   8.6991420e+04   9.1033243e+02   2.6025711e-14   9.1033243e+02   1.0000000e+00   6.0465998e-03
   4.3065368e+06   3.6324923e-01   1.8208633e-13   3.6324923e-01   1.0000000e+00   6.0253418e-03
   1.2279594e+05   5.1745855e+02   2.9957902e-14   5.1745855e+02   1.0000000e+00   6.0234695e-03
   8.4771795e+04   9.6428624e+02   2.5658159e-14   9.6428624e+02   1.0000000e+00   6.0207517e-03
   2.2300096e+05   1.1283589e+02   4.3803059e-14   1.1283589e+02   1.0000000e+00   6.0072748e-03
   1.3335865e+05   3.8741636e+02   3.2155621e-14   3.8741636e+02   1.0000000e+00   5.9982100e-03
   1.3322397e+05   3.8919114e+02   3.2119197e-14   3.8919114e+02   1.0000000e+00   5.9833565e-03
   5.0000000e+06   1.6262907e-01   2.2590291e-13   1.6262907e-01   1.0000000e+00   5.9674432e-03
   2.4870652e+05   1.1546670e+02   4.3440473e-14   1.1546670e+02   1.0000000e+00   5.9619595e-03
   8.6024841e+04   9.8539350e+02   2.5526320e-14   9.8539350e+02   1.0000000e+00   5.9462900e-03
   5.0000000e+06   1.7326717e-01   2.2153822e-13   1.7326717e-01   1.0000000e+00   5.9446980e-03
   4.9189068e+05   3.0302865e+01   6.0621442e-14   3.0302865e+01   1.0000000e+00   5.9255356e-03
   2.9833316e+05   6.0765003e+01   5.1151605e-14   6.0765003e+01   1.0000000e+00   5.9207637e-03
   1.8822741e+05   1.6250322e+02   3.9979401e-14   1.6250322e+02   1.0000000e+00   5.8957535e-03
   2.1774910e+05   1.5742844e+02   4.0229758e-14   1.5742844e+02   1.0000000e+00   5.8940956e-03
   1.8405036e+06   1.9291148e+00   1.2036796e-13   1.9291148e+00   1.0000000e+00   5.8890582e-03
   4.7162331e+05   2.0828004e+01   6.7200983e-14   2.0828004e+01   1.0000000e+00   5.8715633e-03
   9.5760982e+05   7.6660593e+00   8.5363124e-14   7.6660593e+00   1.0000000e+00   5.8651484e-03
   1.6706406e+05   2.1300920e+02   3.7354156e-14   2.1300920e+02   1.0000000e+00   5.8601266e-03
   4.9998911e+06   1.1388135e-01   2.5426075e-13   1.1388135e-01   1.0000000e+00   5.8560910e-03
   9.2541669e+04   8.3462539e+02   2.6592423e-14   8.3462539e+02   1.0000000e+00   5.8482506e-03
   1.0329112e+05   6.3507259e+02   2.8450113e-14   6.3507259e+02   1.0000000e+00   5.8120209e-03
   9.3785551e+04   8.5295109e+02   2.6459637e-14   8.5295109e+02   1.0000000e+00   5.8087942e-03
   4.1439570e+05   3.7307286e+01   5.7567191e-14   3.7307286e+01   1.0000000e+00   5.8071772e-03
   2.4323226e+05   1.0881838e+02   4.4095980e-14   1.0881838e+02   1.0000000e+00   5.8062969e-03
   2.8002455e+06   8.0379744e-01   1.4965469e-13   8.0379744e-01   1.0000000e+00   5.7889860e-03
   1.1072014e+05   5.5654694e+02   2.9394813e-14   5.5654694e+02   1.0000000e+00   5.7885991e-03
   1.0761127e+05   5.5486179e+02   2.9425756e-14   5.5486179e+02   1.0000000e+00   5.7878548e-03
   2.8068171e+06   1.0019154e+00   1.4177983e-13   1.0019154e+00   1.0000000e+00   5.7846043e-03
   1.3467540e+05   3.5824002e+02   3.2793424e-14   3.5824002e+02   1.0000000e+00   5.7758101e-03
   8.4123551e+05   1.0588635e+01   7.8794862e-14   1.0588635e+01   1.0000000e+00   5.7572665e-03
   8.7811851e+04   8.9947091e+02   2.6103088e-14   8.9947091e+02   1.0000000e+00   5.7503466e-03
   3.3120765e+06   5.6164501e-01   1.6360775e-13   5.6164501e-01   1.0000000e+00   5.7451080e-03
   1.3386895e+05   3.4463525e+02   3.3127639e-14   3.4463525e+02   1.0000000e+00   5.7207570e-03
   4.9999993e+06   1.6466312e-01   2.2503156e-13   1.6466312e-01   1.0000000e+00   5.7137547e-03
   5.0000000e+06   1.6794546e-01   2.2366317e-13   1.6794546e-01   1.0000000e+00   5.6929385e-03
   4.9989834e+06   1.0217226e-01   2.6431095e-13   1.0217226e-01   1.0000000e+00   5.6911944e-03
   1.0558338e+05   6.5415680e+02   2.8247381e-14   6.5415680e+02   1.0000000e+00   5.6864981e-03
   5.0000000e+06   1.1267297e-01   2.5521578e-13   1.1267297e-01   1.0000000e+00   5.6862509e-03
   6.1878409e+05   2.6132498e+01   6.3427095e-14   2.6132498e+01   1.0000000e+00   5.6796637e-03
   4.9999999e+06   1.4178028e-01   2.3602870e-13   1.4178028e-01   1.0000000e+00   5.6588081e-03
   8.5860424e+04   9.4648810e+02   2.5776718e-14   9.4648810e+02   1.0000000e+00   5.5957353e-03
   1.0534346e+05   5.9969909e+02   2.8858307e-14   5.9969909e+02   1.0000000e+00   5.5884812e-03
   1.8620195e+05   2.0627741e+02   3.7604769e-14   2.0627741e+02   1.0000000e+00   5.5846341e-03
   9.1325516e+04   8.6434355e+02   2.6364578e-14   8.6434355e+02   1.0000000e+00   5.5840363e-03
   9.4740402e+05   6.9560429e+00   8.7507905e-14   6.9560429e+00   1.0000000e+00   5.5715008e-03
   5.0000000e+06   1.1215556e-01   2.5563039e-13   1.1215556e-01   1.0000000e+00   5.5653976e-03
   1.0877102e+05   5.7370314e+02   2.9174884e-14   5.7370314e+02   1.0000000e+00   5.5435888e-03
   1.9550905e+05   2.2795138e+02   3.6804153e-14   2.2795138e+02   1.0000000e+00   5.5351068e-03
   4.1917686e+05   3.5280781e+01   5.8395473e-14   3.5280781e+01   1.0000000e+00   5.5108878e-03
   3.9252209e+05   5.5790407e+01   5.2215803e-14   5.5790407e+01   1.0000000e+00   5.5029052e-03
   2.8545925e+05   8.4253647e+01   4.6980960e-14   8.4253647e+01   1.0000000e+00   5.4958979e-03
   5.6449003e+05   2.1870756e+01   6.5737936e-14   2.1870756e+01   1.0000000e+00   5.4958778e-03
   8.1421420e+04   9.8316227e+02   2.5540357e-14   9.8316227e+02   1.0000000e+00   5.4887460e-03
   5.0000000e+06   1.5693583e-01   2.2844267e-13   1.5693583e-01   1.0000000e+00   5.4654535e-03
   1.3999974e+05   3.7013151e+02   3.2526829e-14   3.7013151e+02   1.0000000e+00   5.4585756e-03
   1.1392216e+05   5.2511721e+02   2.9821139e-14   5.2511721e+02   1.0000000e+00   5.4546150e-03
   1.7948922e+05   2.0245533e+02   3.7784251e-14   2.0245533e+02   1.0000000e+00   5.4494234e-03
   4.2766547e+06   4.0365183e-01   1.7744421e-13   4.0365183e-01   1.0000000e+00   5.4492111e-03
   5.0000000e+06   2.0059057e-01   2.1216132e-13   2.0059057e-01   1.0000000e+00   5.4065374e-03
   1.8324420e+05   1.9106964e+02   3.8336695e-14   1.9106964e+02   1.0000000e+00   5.3964895e-03
   1.0476077e+05   6.7029346e+02   2.8079389e-14   6.7029346e+02   1.0000000e+00   5.3830542e-03
   1.3804177e+05   3.8160463e+02   3.2281980e-14   3.8160463e+02   1.0000000e+00   5.3710584e-03
   8.8285944e+04   8.4494661e+02   2.6512937e-14   8.4494661e+02   1.0000000e+00   5.3694998e-03
   1.2636103e+06   4.6297423e+00   9.6814981e-14   4.6297423e+00   1.0000000e+00   5.3446867e-03
   4.4302886e+05   3.5788603e+01   5.8147558e-14   3.5788603e+01   1.0000000e+00   5.3191490e-03
   5.0000000e+06   1.1446303e-01   2.5380523e-13   1.1446303e-01   1.0000000e+00   5.3124566e-03
   8.9172630e+04   7.9168868e+02   2.6953352e-14   7.9168868e+02   1.0000000e+00   5.3065092e-03
   3.5934411e+05   4.8781203e+01   5.3856863e-14   4.8781203e+01   1.0000000e+00   5.3052332e-03
   5.0000000e+06   1.1767329e-01   2.5136462e-13   1.1767329e-01   1.0000000e+00   5.2892616e-03
   1.8076937e+05   1.7880076e+02   3.9028362e-14   1.7880076e+02   1.0000000e+00   5.2820660e-03
   5.0000000e+06   1.4393129e-01   2.3487077e-13   1.4393129e-01   1.0000000e+00   5.2786913e-03
   1.3600074e+05   3.5894234e+02   3.2773211e-14   3.5894234e+02   1.0000000e+00   5.2592640e-03
   8.3464175e+05   1.0660663e+01   7.8654992e-14   1.0660663e+01   1.0000000e+00   5.2543081e-03
   4.9750506e+06   2.1535275e-01   2.0802046e-13   2.1535275e-01   1.0000000e+00   5.2436831e-03
   4.2306472e+06   3.7600338e-01   1.8054116e-13   3.7600338e-01   1.0000000e+00   5.2423272e-03
   9.2454379e+04   7.9548754e+02   2.6908153e-14   7.9548754e+02   1.0000000e+00   5.2407555e-03
   2.5008712e+05   1.1116002e+02   4.3850114e-14   1.1116002e+02   1.0000000e+00   5.2336461e-03
   1.4621735e+05   3.3758853e+02   3.3276949e-14   3.3758853e+02   1.0000000e+00   5.2277499e-03
   8.1770750e+05   1.1714179e+01   7.6880777e-14   1.1714179e+01   1.0000000e+00   5.1934523e-03
   1.0578622e+05   5.9908594e+02   2.8864783e-14   5.9908594e+02   1.0000000e+00   5.1706588e-03
   1.2580638e+06   4.3700291e+00   9.8187599e-14   4.3700291e+00   1.0000000e+00   5.1641032e-03
   2.5025097e+05   1.0091635e+02   4.4939072e-14   1.0091635e+02   1.0000000e+00   5.1600515e-03
   1.0233129e+05   6.0454574e+02   2.8811596e-14   6.0454574e+02   1.0000000e+00   5.1479701e-03
   8.7557041e+04   9.3063331e+02   2.5886207e-14   9.3063331e+02   1.0000000e+00   5.1420097e-03
   4.9818207e+06   2.5421117e-01   1.9894540e-13   2.5421117e-01   1.0000000e+00   5.1373461e-03
   1.0441798e+05   6.6850424e+02   2.8096034e-14   6.6850424e+02   1.0000000e+00   5.1370726e-03
   5.0000000e+06   1.1101409e-01   2.5655632e-13   1.1101409e-01   1.0000000e+00   5.1357781e-03
   4.9999999e+06   1.3421861e-01   2.4034372e-13   1.3421861e-01   1.0000000e+00   5.1316371e-03
   9.5130372e+04   7.7663866e+02   2.7068515e-14   7.7663866e+02   1.0000000e+00   5.1239704e-03
   1.6495870e+05   2.5606524e+02   3.5635785e-14   2.5606524e+02   1.0000000e+00   5.1094125e-03
   4.9999154e+06   1.0138262e-01   2.6504437e-13   1.0138262e-01   1.0000000e+00   5.0926626e-03
   2.1977411e+06   1.8133767e+00   1.2264718e-13   1.8133767e+00   1.0000000e+00   5.0797043e-03
   1.0422472e+06   6.2762046e+00   8.9723522e-14   6.2762046e+00   1.0000000e+00   5.0705609e-03
   3.0873174e+05   8.9903227e+01   4.6363350e-14   8.9903227e+01   1.0000000e+00   5.0422068e-03
   1.4955285e+05   2.9832979e+02   3.4311667e-14   2.9832979e+02   1.0000000e+00   5.0130064e-03
   2.2094715e+05   1.3118149e+02   4.2094667e-14   1.3118149e+02   1.0000000e+00   5.0128561e-03
   2.7094251e+06   7.9781742e-01   1.5010867e-13   7.9781742e-01   1.0000000e+00   4.9942932e-03
   9.3249142e+04   8.1990440e+02   2.6709365e-14   8.1990440e+02   1.0000000e+00   4.9780733e-03
   1.6130967e+05   2.6607297e+02   3.5297958e-14   2.6607297e+02   1.0000000e+00   4.9334733e-03
   5.0000000e+06   1.4952256e-01   2.3199205e-13   1.4952256e-01   1.0000000e+00   4.9310473e-03
   8.2827021e+04   9.9549950e+02   2.5457118e-14   9.9549950e+02   1.0000000e+00   4.9265992e-03
   5.6738695e+05   1.9439130e+01   6.7737091e-14   1.9439130e+01   1.0000000e+00   4.9051062e-03
   8.3697218e+04   9.6515919e+02   2.5652929e-14   9.6515919e+02   1.0000000e+00   4.8949194e-03
   5.0000000e+06   1.1587885e-01   2.5271510e-13   1.1587885e-01   1.0000000e+00   4.8753718e-03
   9.4248202e+04   8.1563167e+02   2.6746114e-14   8.1563167e+02   1.0000000e+00   4.8716892e-03
   4.9747520e+06   2.1328774e-01   2.0858243e-13   2.1328774e-01   1.0000000e+00   4.8687672e-03
   2.1962936e+06   1.4456018e+00   1.2929530e-13   1.4456018e+00   1.0000000e+00   4.8616427e-03
   1.4587280e+05   3.3324391e+02   3.3381395e-14   3.3324391e+02   1.0000000e+00   4.8540555e-03
   1.8322548e+05   1.8917130e+02   3.8435723e-14   1.8917130e+02   1.0000000e+00   4.8352922e-03
   4.9751571e+06   1.1034209e-01   2.5739038e-13   1.1034209e-01   1.0000000e+00   4.8345242e-03
   1.1028058e+06   4.9638569e+00   9.5227342e-14   4.9638569e+00   1.0000000e+00   4.8325565e-03
   4.9750506e+06   2.1797878e-01   2.0732014e-13   2.1797878e-01   1.0000000e+00   4.8130705e-03
   4.9889108e+06   1.4197379e-01   2.3600926e-13   1.4197379e-01   1.0000000e+00   4.8079977e-03
   1.0431804e+05   6.0600729e+02   2.8784936e-14   6.0600729e+02   1.0000000e+00   4.8022344e-03
   1.3513198e+06   2.8100200e+00   1.1019811e-13   2.8100200e+00   1.0000000e+00   4.7960192e-03
   5.0000000e+06   2.9775406e-01   1.9130349e-13   2.9775406e-01   1.0000000e+00   4.7954583e-03
   1.4778727e+05   3.3801627e+02   3.3271787e-14   3.3801627e+02   1.0000000e+00   4.7924837e-03
   1.1922976e+05   4.9392213e+02   3.0277403e-14   4.9392213e+02   1.0000000e+00   4.7902787e-03
   2.2435390e+05   1.2762301e+02   4.2382404e-14   1.2762301e+02   1.0000000e+00   4.7699729e-03
   3.2042213e+05   6.9845159e+01   4.9230984e-14   6.9845159e+01   1.0000000e+00   4.7583809e-03
   4.9933685e+06   1.4486546e-01   2.3442638e-13   1.4486546e-01   1.0000000e+00   4.7531785e-03
   2.2301991e+05   1.3135563e+02   4.2074031e-14   1.3135563e+02   1.0000000e+00   4.7496292e-03
   4.9999999e+06   1.5039446e-01   2.3155937e-13   1.5039446e-01   1.0000000e+00   4.7419905e-03
   1.3248026e+05   3.8367129e+02   3.2234321e-14   3.8367129e+02   1.0000000e+00   4.7365705e-03
   8.6989584e+04   9.1909728e+02   2.5964304e-14   9.1909728e+02   1.0000000e+00   4.7225901e-03
   3.3517227e+06   5.8199950e-01   1.6206944e-13   5.8199950e-01   1.0000000e+00   4.6964419e-03
   1.0031326e+05   6.7364564e+02   2.8037934e-14   6.7364564e+02   1.0000000e+00   4.6932618e-03
   4.9973675e+06   1.3304623e-01   2.4107185e-13   1.3304623e-01   1.0000000e+00   4.6920670e-03
   9.1238359e+04   8.0960428e+02   2.6791903e-14   8.0960428e+02   1.0000000e+00   4.6842695e-03
   1.9294841e+06   2.2969588e+00   1.1556614e-13   2.2969588e+00   1.0000000e+00   4.6690494e-03
   4.9999165e+06   1.0653402e-01   2.6034826e-13   1.0653402e-01   1.0000000e+00   4.6630723e-03
   3.2830075e+06   5.7395563e-01   1.6272226e-13   5.7395563e-01   1.0000000e+00   4.6590521e-03
   1.7849813e+06   1.9042772e+00   1.2085937e-13   1.9042772e+00   1.0000000e+00   4.6399067e-03
   1.4870322e+05   2.9969813e+02   3.4273778e-14   2.9969813e+02   1.0000000e+00   4.6385238e-03
   8.9387484e+04   8.8171644e+02   2.6232731e-14   8.8171644e+02   1.0000000e+00   4.6361396e-03
   8.6244309e+04   9.1931225e+02   2.5962757e-14   9.1931225e+02   1.0000000e+00   4.6293136e-03
   1.1241898e+05   5.7573012e+02   2.9154190e-14   5.7573012e+02   1.0000000e+00   4.6280809e-03
   8.6421633e+04   8.9682777e+02   2.6123300e-14   8.9682777e+02   1.0000000e+00   4.6274346e-03
   8.2883836e+04   9.9846865e+02   2.5438311e-14   9.9846865e+02   1.0000000e+00   4.6190822e-03
   1.3520731e+06   3.6750174e+00   1.0251916e-13   3.6750174e+00   1.0000000e+00   4.6170457e-03
   8.4913236e+04   9.4824025e+02   2.5764782e-14   9.4824025e+02   1.0000000e+00   4.5781473e-03
   9.0576697e+04   8.9500401e+02   2.6141659e-14   8.9500401e+02   1.0000000e+00   4.5659276e-03
   2.8417124e+06   9.2570249e-01   1.4448553e-13   9.2570249e-01   1.0000000e+00   4.5552107e-03
   1.0681600e+05   6.2352262e+02   2.8580865e-14   6.2352262e+02   1.0000000e+00   4.5279585e-03
   4.9943588e+06   1.1560863e-01   2.5298117e-13   1.1560863e-01   1.0000000e+00   4.5258884e-03
   8.5563113e+04   9.1275819e+02   2.6010108e-14   9.1275819e+02   1.0000000e+00   4.5194137e-03
   1.5015151e+05   3.0342227e+02   3.4165631e-14   3.0342227e+02   1.0000000e+00   4.5094043e-03
   1.1817715e+06   4.5518687e+00   9.7236662e-14   4.5518687e+00   1.0000000e+00   4.5063464e-03
   8.7670005e+04   9.0672430e+02   2.6051471e-14   9.0672430e+02   1.0000000e+00   4.4650468e-03
   1.4031421e+05   3.6804313e+02   3.2572274e-14   3.6804313e+02   1.0000000e+00   4.4605203e-03
   2.1573195e+05   1.4797191e+02   4.0838447e-14   1.4797191e+02   1.0000000e+00   4.4495668e-03
   8.5907150e+04   9.0254941e+02   2.6082835e-14   9.0254941e+02   1.0000000e+00   4.4452943e-03
   1.2501321e+05   5.0035275e+02   3.0209441e-14   5.0035275e+02   1.0000000e+00   4.4419143e-03
   4.8809516e+06   2.8006321e-01   1.9416456e-13   2.8006321e-01   1.0000000e+00   4.4377893e-03
   4.9983941e+06   1.0462000e-01   2.6206715e-13   1.0462000e-01   1.0000000e+00   4.4366889e-03
   9.4660399e+05   7.7071679e+00   8.5247597e-14   7.7071679e+00   1.0000000e+00   4.4260128e-03
   9.4277467e+04   8.1841905e+02   2.6724257e-14   8.1841905e+02   1.0000000e+00   4.4256718e-03
   3.0775342e+05   9.3283703e+01   4.5979812e-14   9.3283703e+01   1.0000000e+00   4.4186605e-03
   2.1669536e+05   1.5005133e+02   4.0698104e-14   1.5005133e+02   1.0000000e+00   4.4134502e-03
   3.4921617e+05   4.5687455e+01   5.4870577e-14   4.5687455e+01   1.0000000e+00   4.4062401e-03
   1.0227007e+06   6.2598316e+00   8.9796553e-14   6.2598316e+00   1.0000000e+00   4.3978824e-03
   1.1938397e+05   4.5412096e+02   3.0921460e-14   4.5412096e+02   1.0000000e+00   4.3843189e-03
   8.4193514e+04   8.6723107e+02   2.6360716e-14   8.6723107e+02   1.0000000e+00   4.3797882e-03
   2.2263981e+05   1.2433532e+02   4.2678688e-14   1.2433532e+02   1.0000000e+00   4.3674702e-03
   3.5607689e+05   5.0754311e+01   5.3316180e-14   5.0754311e+01   1.0000000e+00   4.3636147e-03
   1.4738021e+05   3.0722876e+02   3.4062244e-14   3.0722876e+02   1.0000000e+00   4.3593668e-03
   4.9975604e+06   2.4139839e-01   2.0162907e-13   2.4139839e-01   1.0000000e+00   4.3565310e-03
   4.0924781e+06   3.7822618e-01   1.8035635e-13   3.7822618e-01   1.0000000e+00   4.3519567e-03
   1.8516377e+05   1.8325868e+02   3.8744800e-14   1.8325868e+02   1.0000000e+00   4.3510666e-03
   1.0503191e+05   6.7480509e+02   2.8035734e-14   6.7480509e+02   1.0000000e+00   4.3446620e-03
   1.0349717e+05   6.3261967e+02   2.8477370e-14   6.3261967e+02   1.0000000e+00   4.3182804e-03
   5.0000000e+06   1.1708066e-01   2.5180685e-13   1.1708066e-01   1.0000000e+00   4.3148384e-03
   8.9397976e+04   7.9040967e+02   2.6963117e-14   7.9040967e+02   1.0000000e+00   4.3119352e-03
   1.2034707e+05   4.5675795e+02   3.0872727e-14   4.5675795e+02   1.0000000e+00   4.3113278e-03
   1.1947260e+05   4.6070309e+02   3.0808010e-14   4.6070309e+02   1.0000000e+00   4.3039606e-03
   1.3869000e+05   3.7813791e+02   3.2355180e-14   3.7813791e+02   1.0000000e+00   4.2917793e-03
   2.1977410e+06   1.7541526e+00   1.2355006e-13   1.7541526e+00   1.0000000e+00   4.2906911e-03
   1.9089917e+05   1.8703092e+02   3.8528526e-14   1.8703092e+02   1.0000000e+00   4.2827726e-03
   3.5841932e+05   4.5702192e+01   5.4799199e-14   4.5702192e+01   1.0000000e+00   4.2692909e-03
   9.2013410e+05   7.1779951e+00   8.6859106e-14   7.1779951e+00   1.0000000e+00   4.2671733e-03
   1.8500622e+05   1.8171915e+02   3.8830946e-14   1.8171915e+02   1.0000000e+00   4.2612694e-03
   8.3142921e+04   9.9366821e+02   2.5468593e-14   9.9366821e+02   1.0000000e+00   4.2570215e-03
   4.9908358e+06   1.0701463e-01   2.6003566e-13   1.0701463e-01   1.0000000e+00   4.2531453e-03
   8.5312095e+04   9.7917537e+02   2.5562982e-14   9.7917537e+02   1.0000000e+00   4.2457610e-03
   8.7498840e+04   9.3256361e+02   2.5873042e-14   9.3256361e+02   1.0000000e+00   4.2419937e-03
   1.0187702e+05   5.9001702e+02   2.8997787e-14   5.9001702e+02   1.0000000e+00   4.2392276e-03
   1.5024519e+05   3.0651394e+02   3.4079649e-14   3.0651394e+02   1.0000000e+00   4.2359623e-03
   1.4212397e+05   3.7771559e+02   3.2378923e-14   3.7771559e+02   1.0000000e+00   4.1995870e-03
   3.1483887e+06   6.7392973e-01   1.5626762e-13   6.7392973e-01   1.0000000e+00   4.1984669e-03
   8.9952379e+04   8.0917400e+02   2.6798945e-14   8.0917400e+02   1.0000000e+00   4.1915559e-03
   1.3153474e+05   4.1049718e+02   3.1699180e-14   4.1049718e+02   1.0000000e+00   4.1744392e-03
   1.4948293e+05   3.0247493e+02   3.4192890e-14   3.0247493e+02   1.0000000e+00   4.1733695e-03
   3.2796453e+06   5.9288573e-01   1.6136114e-13   5.9288573e-01   1.0000000e+00   4.1649214e-03
   3.8375951e+05   4.7326422e+01   5.4236860e-14   4.7326422e+01   1.0000000e+00   4.1644952e-03
   2.2201348e+06   1.4553198e+00   1.2909149e-13   1.4553198e+00   1.0000000e+00   4.1485118e-03
   1.3953417e+05   3.7428219e+02   3.2437940e-14   3.7428219e+02   1.0000000e+00   4.1432308e-03
   6.0885996e+05   1.8443026e+01   6.8590382e-14   1.8443026e+01   1.0000000e+00   4.1316965e-03
   1.0546573e+06   4.5357682e+00   9.7878105e-14   4.5357682e+00   1.0000000e+00   4.1286010e-03
   2.8379849e+05   8.7032266e+01   4.6603729e-14   8.7032266e+01   1.0000000e+00   4.1038431e-03
   3.7278662e+05   5.0795854e+01   5.3290947e-14   5.0795854e+01   1.0000000e+00   4.1012343e-03
   4.9879510e+05   2.4169529e+01   6.4196283e-14   2.4169529e+01   1.0000000e+00   4.0971181e-03
   1.1963006e+05   4.5114709e+02   3.0972464e-14   4.5114709e+02   1.0000000e+00   4.0761302e-03
   3.1932333e+06   6.1116285e-01   1.6019427e-13   6.1116285e-01   1.0000000e+00   4.0615691e-03
   1.3943104e+05   3.7304966e+02   3.2463476e-14   3.7304966e+02   1.0000000e+00   4.0554716e-03
   5.9260670e+05   1.7719881e+01   6.9323199e-14   1.7719881e+01   1.0000000e+00   4.0374674e-03
   4.9989833e+06   1.3694806e-01   2.3874868e-13   1.3694806e-01   1.0000000e+00   4.0374442e-03
   4.9639080e+05   3.1682575e+01   5.9995947e-14   3.1682575e+01   1.0000000e+00   4.0350078e-03
   1.2076421e+05   4.4877064e+02   3.1009952e-14   4.4877064e+02   1.0000000e+00   4.0349717e-03
   5.0000000e+06   1.3744597e-01   2.3845359e-13   1.3744597e-01   1.0000000e+00   4.0117634e-03
   1.0455876e+05   6.2049259e+02   2.8614073e-14   6.2049259e+02   1.0000000e+00   4.0074682e-03
