   1.0000601e+03   3.1250491e+05   6.3870969e+01   1.0000000e+03   1.0719897e-14   1.0638710e+03   1.0000000e+00             Inf
   6.3388587e+06   2.1022865e+06   1.0000000e-01   1.0000000e-01   4.0266330e-13   2.0000000e-01   1.0000000e+00             Inf
   1.0000000e+03   8.2770068e+05   1.0000000e-01   1.6705908e+00   1.4374310e-13   1.7705908e+00   1.0000000e+00   2.1309168e-02
   1.0000000e+03   3.1233565e+05   2.0489927e+01   9.7932927e+02   1.0862611e-14   9.9981920e+02   1.0000000e+00   1.9748577e-02
   1.0000002e+03   3.9138415e+05   1.2153278e+01   3.1148103e+02   1.6667291e-14   3.2363431e+02   1.0000000e+00   1.6931818e-02
   1.0000000e+03   3.7838623e+05   1.2160238e+01   3.2452395e+02   1.6424187e-14   3.3668418e+02   1.0000000e+00   1.6828255e-02
   1.0301954e+07   1.0898805e+06   1.0000000e-01   1.5583045e+00   1.4951495e-13   1.6583045e+00   1.0000000e+00   1.5382847e-02
   1.0000000e+03   3.5394969e+05   1.5135046e+01   4.5242426e+02   1.4468693e-14   4.6755930e+02   1.0000000e+00   1.5143134e-02
   1.5722593e+07   1.6300956e+06   1.0000135e-01   2.6619827e-01   2.8025093e-13   3.6619962e-01   1.0000000e+00   1.5109519e-02
   8.0335013e+06   1.9984694e+06   1.0000000e-01   1.3376177e-01   3.6141731e-13   2.3376177e-01   1.0000000e+00   1.4309268e-02
   1.0000000e+03   4.9969507e+05   3.4316497e+00   1.2229596e+02   2.4196557e-14   1.2572761e+02   1.0000000e+00   1.4222785e-02
   1.0465451e+05   9.1152011e+05   1.7051563e-01   2.2141869e+00   1.2301489e-13   2.3847026e+00   1.0000000e+00   1.3998805e-02
   1.0000000e+03   3.3734682e+05   2.0615546e+01   7.4409603e+02   1.2003549e-14   7.6471158e+02   1.0000000e+00   1.3890361e-02
   1.0000000e+03   3.9215139e+05   1.4349947e+01   3.8657342e+02   1.5365041e-14   4.0092337e+02   1.0000000e+00   1.3744549e-02
   1.0000000e+03   3.5697491e+05   1.4204872e+01   5.5480036e+02   1.3411479e-14   5.6900524e+02   1.0000000e+00   1.3531233e-02
   1.0000000e+03   3.5616074e+05   1.4112670e+01   5.2531813e+02   1.3681951e-14   5.3943080e+02   1.0000000e+00   1.3449140e-02
   1.4561846e+07   2.0079274e+06   1.0011789e-01   1.3083013e-01   3.6492019e-13   2.3094802e-01   1.0000000e+00   1.3183655e-02
   1.0000000e+03   3.2842096e+05   1.8363421e+01   8.5253611e+02   1.1435311e-14   8.7089953e+02   1.0000000e+00   1.3090564e-02
   1.0000000e+03   8.0615997e+05   1.5404986e-01   3.6944265e+00   1.0097667e-13   3.8484764e+00   1.0000000e+00   1.3029480e-02
   1.0000312e+03   8.7943516e+05   1.3999195e-01   3.0261956e+00   1.0816649e-13   3.1661876e+00   1.0000000e+00   1.3016714e-02
   1.0000000e+03   3.4257778e+05   1.3148340e+01   5.6574283e+02   1.3322734e-14   5.7889117e+02   1.0000000e+00   1.2977287e-02
   1.0000000e+03   7.9540953e+05   1.0000000e-01   3.0372573e+00   1.1188627e-13   3.1372573e+00   1.0000000e+00   1.2850505e-02
   1.0000000e+03   3.6776868e+05   1.3106460e+01   3.5858236e+02   1.5815325e-14   3.7168882e+02   1.0000000e+00   1.2600723e-02
   1.0000000e+03   3.0872784e+05   2.0722978e+01   9.6799924e+02   1.0908422e-14   9.8872222e+02   1.0000000e+00   1.2580515e-02
   1.0000000e+03   3.1990348e+05   1.7926944e+01   8.6148908e+02   1.1388691e-14   8.7941603e+02   1.0000000e+00   1.2568366e-02
   2.8202161e+05   8.8664263e+05   1.8397889e-01   2.5308711e+00   1.1880745e-13   2.7148500e+00   1.0000000e+00   1.2377342e-02
   1.0000115e+03   3.8089476e+05   1.4417712e+01   3.9442674e+02   1.5228855e-14   4.0884445e+02   1.0000000e+00   1.2195551e-02
   1.6299404e+07   1.5939549e+06   1.0000000e-01   3.1401914e-01   2.6365984e-13   4.1401914e-01   1.0000000e+00   1.1941921e-02
   9.7454165e+06   1.3290701e+06   1.0040322e-01   6.5578090e-01   2.0195781e-13   7.5618412e-01   1.0000000e+00   1.1873787e-02
   1.0256954e+07   1.3369529e+06   1.0000000e-01   7.3458795e-01   1.9401356e-13   8.3458795e-01   1.0000000e+00   1.1809031e-02
   9.3228347e+06   1.2810977e+06   1.0000000e-01   9.9153248e-01   1.7484365e-13   1.0915325e+00   1.0000000e+00   1.1780892e-02
   1.9715519e+04   8.6653897e+05   1.0000000e-01   1.6858856e+00   1.4120998e-13   1.7858856e+00   1.0000000e+00   1.1768219e-02
   1.6480884e+07   1.9484355e+06   1.0000000e-01   1.5604620e-01   3.4187059e-13   2.5604620e-01   1.0000000e+00   1.1761007e-02
   1.9715454e+04   8.6653891e+05   1.0000000e-01   1.7794022e+00   1.3788952e-13   1.8794022e+00   1.0000000e+00   1.1590322e-02
   1.6334229e+07   1.5900860e+06   1.0000000e-01   3.0491123e-01   2.6656372e-13   4.0491123e-01   1.0000000e+00   1.1279351e-02
   1.0000000e+03   5.7523882e+05   1.2477877e+00   5.3640994e+01   3.3735079e-14   5.4888782e+01   1.0000000e+00   1.1215554e-02
   1.5726154e+07   1.6245714e+06   1.0000000e-01   2.7728190e-01   2.7602316e-13   3.7728190e-01   1.0000000e+00   1.1146593e-02
   1.0000000e+03   3.5884336e+05   1.4739951e+01   5.1587334e+02   1.3770193e-14   5.3061329e+02   1.0000000e+00   1.1103711e-02
   1.0000000e+03   7.9819791e+05   1.2107369e-01   2.5119540e+00   1.2058033e-13   2.6330277e+00   1.0000000e+00   1.1045215e-02
   1.0000511e+03   7.3739579e+05   4.4556658e-01   1.0516822e+01   6.4471997e-14   1.0962388e+01   1.0000000e+00   1.0994510e-02
   1.0001573e+03   4.8397974e+05   3.8562774e+00   1.1500728e+02   2.4668367e-14   1.1886355e+02   1.0000000e+00   1.0964498e-02
   1.0000016e+03   4.0550254e+05   1.1913362e+01   2.9060327e+02   1.7117492e-14   3.0251663e+02   1.0000000e+00   1.0905134e-02
   1.3956410e+07   1.8624581e+06   1.0000000e-01   1.7964174e-01   3.2411826e-13   2.7964174e-01   1.0000000e+00   1.0860523e-02
   1.0001546e+03   9.1244142e+05   1.0000000e-01   4.7067836e+00   9.2555787e-14   4.8067836e+00   1.0000000e+00   1.0809809e-02
   1.0000000e+03   5.7074060e+05   1.4462498e+00   4.8936668e+01   3.4786784e-14   5.0382917e+01   1.0000000e+00   1.0768631e-02
   9.6730588e+06   1.2751651e+06   1.0000000e-01   7.7101871e-01   1.9071488e-13   8.7101871e-01   1.0000000e+00   1.0578234e-02
   1.5642797e+07   1.5923362e+06   1.0000001e-01   2.5693124e-01   2.8445878e-13   3.5693125e-01   1.0000000e+00   1.0559948e-02
   1.0000103e+03   3.6434433e+05   1.6025784e+01   4.4544342e+02   1.4535462e-14   4.6146920e+02   1.0000000e+00   1.0550323e-02
   1.4039998e+07   1.8933558e+06   1.0000000e-01   1.8465017e-01   3.2120811e-13   2.8465017e-01   1.0000000e+00   1.0537335e-02
   9.9672566e+04   9.1134865e+05   1.8431023e-01   2.5476777e+00   1.1576558e-13   2.7319879e+00   1.0000000e+00   1.0512151e-02
   1.0000040e+03   7.7494268e+05   3.0090183e-01   7.8494058e+00   7.2918567e-14   8.1503076e+00   1.0000000e+00   1.0486953e-02
   1.0001137e+03   3.0611629e+05   2.0515182e+01   9.8899165e+02   1.0826848e-14   1.0095068e+03   1.0000000e+00   1.0471717e-02
   1.4643851e+07   1.7124980e+06   1.0000000e-01   2.3634962e-01   2.9268292e-13   3.3634962e-01   1.0000000e+00   1.0430061e-02
   1.0000000e+03   3.2484369e+05   2.1412203e+01   8.1021109e+02   1.1628334e-14   8.3162330e+02   1.0000000e+00   1.0314523e-02
   9.9466037e+06   1.3606587e+06   1.0000000e-01   6.1749474e-01   2.0630674e-13   7.1749474e-01   1.0000000e+00   1.0291187e-02
   1.0000800e+03   3.3320415e+05   1.9522485e+01   7.1159830e+02   1.2200645e-14   7.3112079e+02   1.0000000e+00   1.0274229e-02
   1.0000000e+03   8.0331201e+05   5.4882546e-01   8.1510059e+00   7.0584731e-14   8.6998314e+00   1.0000000e+00   1.0235542e-02
   1.0000000e+03   4.2950818e+05   6.8210972e+00   2.4235645e+02   1.8455523e-14   2.4917755e+02   1.0000000e+00   1.0191199e-02
   9.9110942e+06   1.3609699e+06   1.0000000e-01   5.9669449e-01   2.0887192e-13   6.9669449e-01   1.0000000e+00   1.0159710e-02
   1.4918071e+07   1.5293162e+06   1.0000000e-01   4.0606513e-01   2.4005539e-13   5.0606513e-01   1.0000000e+00   1.0116711e-02
   9.8989982e+06   1.2895065e+06   1.0000000e-01   8.1914018e-01   1.8665634e-13   9.1914018e-01   1.0000000e+00   1.0077555e-02
   1.0000117e+03   3.2870415e+05   1.9324528e+01   7.5850888e+02   1.1920087e-14   7.7783341e+02   1.0000000e+00   9.7648359e-03
   1.0000000e+03   3.6100917e+05   1.6710779e+01   4.6037168e+02   1.4353410e-14   4.7708246e+02   1.0000000e+00   9.7627382e-03
   1.5661102e+07   2.0431445e+06   1.0000000e-01   1.4295216e-01   3.5401090e-13   2.4295216e-01   1.0000000e+00   9.6202942e-03
   1.0000122e+03   3.1455624e+05   5.1911038e+01   1.0000000e+03   1.0727530e-14   1.0519110e+03   1.0000000e+00   9.6171775e-03
   1.0000140e+03   3.4163373e+05   2.0163254e+01   6.8066598e+02   1.2401446e-14   7.0082924e+02   1.0000000e+00   9.5144481e-03
   1.0000208e+03   7.3858993e+05   5.7007886e-01   1.4904079e+01   5.5962946e-14   1.5474158e+01   1.0000000e+00   9.4086739e-03
   1.0000000e+03   4.4454016e+05   5.3845064e+00   1.2622002e+02   2.3788658e-14   1.3160453e+02   1.0000000e+00   9.4069045e-03
   1.0000000e+03   3.3103793e+05   1.7983554e+01   7.6737954e+02   1.1877661e-14   7.8536309e+02   1.0000000e+00   9.3783059e-03
   1.0000000e+03   4.3278276e+05   8.4966444e+00   2.4613320e+02   1.8320336e-14   2.5462985e+02   1.0000000e+00   9.3671213e-03
   1.4352614e+07   1.6137552e+06   1.0000350e-01   3.1977142e-01   2.6188864e-13   4.1977492e-01   1.0000000e+00   9.3532649e-03
   7.8026051e+06   2.0507918e+06   1.0000000e-01   1.1362393e-01   3.8408353e-13   2.1362393e-01   1.0000000e+00   9.3494611e-03
   1.0000000e+03   3.9586937e+05   9.8230221e+00   2.5388659e+02   1.8063743e-14   2.6370961e+02   1.0000000e+00   9.3078602e-03
   1.0000000e+03   7.5891720e+05   1.3502662e+00   1.7702377e+01   5.1787402e-14   1.9052643e+01   1.0000000e+00   9.2847804e-03
   1.0000042e+03   3.4011093e+05   1.5415334e+01   6.4126743e+02   1.2699788e-14   6.5668276e+02   1.0000000e+00   9.2820229e-03
   1.7636612e+04   7.3598107e+05   3.7703052e-01   7.5797518e+00   7.4421223e-14   7.9567823e+00   1.0000000e+00   9.2599714e-03
   1.0000000e+03   4.3654959e+05   6.0376580e+00   1.9728400e+02   1.9960632e-14   2.0332166e+02   1.0000000e+00   9.2412520e-03
   1.0249697e+07   1.3551589e+06   1.0012737e-01   6.9932856e-01   1.9743041e-13   7.9945593e-01   1.0000000e+00   9.2394706e-03
   9.5676670e+06   1.2820161e+06   1.0789640e-01   9.4747699e-01   1.7750962e-13   1.0553734e+00   1.0000000e+00   9.1998851e-03
   1.0000000e+03   3.4479952e+05   2.1746941e+01   6.4313987e+02   1.2655778e-14   6.6488681e+02   1.0000000e+00   9.1986804e-03
   1.0000000e+03   4.1688702e+05   1.0195149e+01   2.4823847e+02   1.8194833e-14   2.5843362e+02   1.0000000e+00   9.1909205e-03
   1.0000000e+03   5.8562677e+05   1.1885701e+00   4.1079730e+01   3.7351640e-14   4.2268300e+01   1.0000000e+00   9.1638179e-03
   1.0000000e+03   7.4073104e+05   1.4266915e+00   2.0020448e+01   4.9347289e-14   2.1447140e+01   1.0000000e+00   9.0869796e-03
   1.0000000e+03   8.6740564e+05   4.4401471e-01   4.6802454e+00   8.8016572e-14   5.1242601e+00   1.0000000e+00   9.0482063e-03
   1.0000000e+03   3.7963631e+05   1.1998498e+01   3.5265757e+02   1.5905743e-14   3.6465606e+02   1.0000000e+00   9.0472643e-03
   1.4612970e+07   2.0397123e+06   1.0000000e-01   1.1231741e-01   3.8626459e-13   2.1231741e-01   1.0000000e+00   9.0375837e-03
   1.0000000e+03   7.1227046e+05   1.3735250e+00   2.2026655e+01   4.7465066e-14   2.3400180e+01   1.0000000e+00   9.0207885e-03
   1.0000014e+03   3.4483808e+05   1.5653382e+01   6.1280257e+02   1.2912465e-14   6.2845595e+02   1.0000000e+00   8.9442896e-03
   1.0000603e+03   4.4141490e+05   6.7182770e+00   1.9025792e+02   2.0216751e-14   1.9697620e+02   1.0000000e+00   8.9320200e-03
   1.0000209e+03   3.4348822e+05   1.5171522e+01   6.0562096e+02   1.2971835e-14   6.2079248e+02   1.0000000e+00   8.9274646e-03
   1.0000000e+03   3.2573321e+05   1.9946023e+01   7.5225093e+02   1.1954427e-14   7.7219695e+02   1.0000000e+00   8.8600003e-03
   1.0000165e+03   4.1148158e+05   9.4656499e+00   2.6408865e+02   1.7782273e-14   2.7355430e+02   1.0000000e+00   8.8599686e-03
   7.1257125e+06   2.0871849e+06   1.0000022e-01   1.0404029e-01   3.9688466e-13   2.0404050e-01   1.0000000e+00   8.8197428e-03
   1.0000021e+03   3.6588454e+05   7.6876564e+00   3.8710592e+02   1.5438448e-14   3.9479358e+02   1.0000000e+00   8.8166517e-03
   1.0000039e+03   7.5360741e+05   1.2546559e+00   1.1421442e+01   6.1194576e-14   1.2676098e+01   1.0000000e+00   8.8072267e-03
   1.4071688e+07   1.8468314e+06   1.0000000e-01   1.6859861e-01   3.3176751e-13   2.6859861e-01   1.0000000e+00   8.8065594e-03
   8.6664987e+06   2.0971435e+06   1.0000000e-01   1.0559022e-01   3.9498559e-13   2.0559022e-01   1.0000000e+00   8.8005692e-03
   9.3484148e+06   1.5182835e+06   1.0012055e-01   4.5963420e-01   2.2951338e-13   5.5975475e-01   1.0000000e+00   8.7992653e-03
   1.0000000e+03   3.1208540e+05   2.0121096e+01   8.7101800e+02   1.1337662e-14   8.9113910e+02   1.0000000e+00   8.7940833e-03
   1.0000000e+03   6.3673076e+05   1.0530037e+00   3.8405617e+01   3.8570184e-14   3.9458621e+01   1.0000000e+00   8.7262039e-03
   1.0000000e+03   5.3654503e+05   2.6874743e+00   6.8502082e+01   3.0250763e-14   7.1189557e+01   1.0000000e+00   8.6733226e-03
   1.0000000e+03   3.1847133e+05   2.0508962e+01   8.9495133e+02   1.1220418e-14   9.1546029e+02   1.0000000e+00   8.6620696e-03
   1.0000010e+03   3.9101123e+05   1.3896238e+01   2.9702502e+02   1.6958876e-14   3.1092125e+02   1.0000000e+00   8.6202491e-03
   1.0016657e+07   1.4768298e+06   1.0000000e-01   4.8790820e-01   2.2453891e-13   5.8790820e-01   1.0000000e+00   8.5823042e-03
   1.0000000e+03   8.4617626e+05   1.0000000e-01   1.7670038e+00   1.3916616e-13   1.8670038e+00   1.0000000e+00   8.5596971e-03
   1.0000004e+03   3.5700884e+05   1.4174811e+01   5.3903679e+02   1.3553202e-14   5.5321160e+02   1.0000000e+00   8.5563780e-03
   1.5352083e+07   1.9687550e+06   1.0000000e-01   1.5433904e-01   3.4340907e-13   2.5433904e-01   1.0000000e+00   8.5504251e-03
   1.0000000e+03   9.1645571e+05   1.0000001e-01   1.8096008e+00   1.3463910e-13   1.9096008e+00   1.0000000e+00   8.4747390e-03
   1.0270818e+07   1.3336474e+06   1.0000000e-01   7.4763266e-01   1.9281969e-13   8.4763266e-01   1.0000000e+00   8.4504631e-03
   1.0000000e+03   4.6918569e+05   4.3811368e+00   1.0400850e+02   2.5649012e-14   1.0838964e+02   1.0000000e+00   8.4467056e-03
   1.4656813e+07   1.7129118e+06   1.0000000e-01   2.2988568e-01   2.9571076e-13   3.2988568e-01   1.0000000e+00   8.4436870e-03
   1.6299404e+07   1.5939549e+06   1.0000000e-01   3.6505847e-01   2.4969520e-13   4.6505847e-01   1.0000000e+00   8.4303040e-03
   1.0000005e+03   5.4818072e+05   3.9660022e+00   6.2427793e+01   3.1217740e-14   6.6393796e+01   1.0000000e+00   8.3586587e-03
   1.4082071e+07   1.8698965e+06   1.0000000e-01   1.5937810e-01   3.3880128e-13   2.5937810e-01   1.0000000e+00   8.3491096e-03
   1.0000050e+03   4.6945507e+05   3.1324211e+00   1.0097773e+02   2.6061272e-14   1.0411015e+02   1.0000000e+00   8.3074382e-03
   1.0000796e+03   3.4757119e+05   1.8588774e+01   6.5141878e+02   1.2614954e-14   6.7000756e+02   1.0000000e+00   8.3066051e-03
   1.0000005e+03   3.8338093e+05   1.2121198e+01   2.9448434e+02   1.7047838e-14   3.0660554e+02   1.0000000e+00   8.3062168e-03
   9.3577184e+06   1.2113292e+06   1.1069723e-01   1.0765697e+00   1.6963988e-13   1.1872669e+00   1.0000000e+00   8.3060294e-03
   1.0000000e+03   7.6055920e+05   1.3909638e+00   1.3260368e+01   5.7643791e-14   1.4651332e+01   1.0000000e+00   8.3054969e-03
   1.0000638e+03   7.2827079e+05   4.1209922e-01   6.5876543e+00   7.8687943e-14   6.9997535e+00   1.0000000e+00   8.2981047e-03
   1.0000003e+03   3.3438729e+05   1.9467768e+01   7.2426590e+02   1.2123024e-14   7.4373367e+02   1.0000000e+00   8.2945591e-03
   7.7949286e+06   2.0506323e+06   1.0000000e-01   1.1912852e-01   3.7741384e-13   2.1912852e-01   1.0000000e+00   8.2915817e-03
   1.0000031e+03   9.4366491e+05   4.1270098e-01   3.5239535e+00   9.8097514e-14   3.9366545e+00   1.0000000e+00   8.2861735e-03
   1.3774423e+03   5.6669718e+05   4.3150844e+00   5.8734643e+01   3.2012357e-14   6.3049727e+01   1.0000000e+00   8.2586317e-03
   1.0000136e+03   3.1390526e+05   4.0118342e+01   1.0000000e+03   1.0737846e-14   1.0401183e+03   1.0000000e+00   8.2507128e-03
   1.0000000e+03   3.2456102e+05   1.9815332e+01   7.2864714e+02   1.2098406e-14   7.4846247e+02   1.0000000e+00   8.2254683e-03
   1.4109656e+07   1.8284071e+06   1.0000017e-01   1.8869213e-01   3.1819015e-13   2.8869231e-01   1.0000000e+00   8.2248629e-03
   1.4385425e+07   1.7030766e+06   1.0000000e-01   2.4943962e-01   2.8691632e-13   3.4943962e-01   1.0000000e+00   8.2205848e-03
   1.0000000e+03   4.1155221e+05   8.6802030e+00   2.2579288e+02   1.8894770e-14   2.3447309e+02   1.0000000e+00   8.1995107e-03
   1.0000000e+03   6.2101087e+05   1.4742416e+00   3.6160257e+01   3.9064347e-14   3.7634499e+01   1.0000000e+00   8.1736182e-03
   1.0000047e+03   3.2172488e+05   2.0013389e+01   8.1871195e+02   1.1590433e-14   8.3872534e+02   1.0000000e+00   8.1722756e-03
   1.0000000e+03   3.1770346e+05   1.9560761e+01   9.0346577e+02   1.1186456e-14   9.2302653e+02   1.0000000e+00   8.1468108e-03
   1.0000003e+03   7.4870842e+05   4.9539709e-01   1.7758324e+01   5.2817902e-14   1.8253721e+01   1.0000000e+00   8.1433758e-03
   1.0001988e+03   4.8826292e+05   3.6930143e+00   1.0743138e+02   2.5335262e-14   1.1112439e+02   1.0000000e+00   8.1129190e-03
   1.0000000e+03   7.6299906e+05   3.4013575e-01   5.2201916e+00   8.6402940e-14   5.5603273e+00   1.0000000e+00   8.0933868e-03
   1.0001466e+03   8.7943511e+05   1.4465143e-01   3.1103040e+00   1.0682782e-13   3.2549554e+00   1.0000000e+00   8.0892001e-03
   1.4124440e+07   1.8753581e+06   1.0000000e-01   1.5161162e-01   3.4522024e-13   2.5161162e-01   1.0000000e+00   8.0854224e-03
   1.5225460e+07   1.9440742e+06   1.0000000e-01   1.4440533e-01   3.5160365e-13   2.4440533e-01   1.0000000e+00   8.0574342e-03
   1.0000000e+03   3.2631717e+05   1.9708118e+01   7.3263733e+02   1.2072388e-14   7.5234545e+02   1.0000000e+00   8.0234599e-03
   1.0000000e+03   3.1410572e+05   2.0901463e+01   9.1435140e+02   1.1132664e-14   9.3525287e+02   1.0000000e+00   8.0186485e-03
   1.0000000e+03   3.5508146e+05   1.4159484e+01   5.5067382e+02   1.3446145e-14   5.6483330e+02   1.0000000e+00   8.0162899e-03
   1.0000000e+03   4.1964845e+05   8.2664616e+00   2.1631669e+02   1.9208984e-14   2.2458315e+02   1.0000000e+00   8.0138865e-03
   1.4076703e+07   1.8666369e+06   1.0000000e-01   1.6390706e-01   3.3527430e-13   2.6390706e-01   1.0000000e+00   7.9980359e-03
   1.0333770e+07   1.1160882e+06   1.0000513e-01   1.3029778e+00   1.5895747e-13   1.4029829e+00   1.0000000e+00   7.9877621e-03
   1.0000002e+03   3.9087675e+05   1.2137583e+01   3.0308151e+02   1.6843126e-14   3.1521909e+02   1.0000000e+00   7.9809209e-03
   1.0000009e+03   3.6652816e+05   1.4220360e+01   4.7342140e+02   1.4223081e-14   4.8764176e+02   1.0000000e+00   7.9712654e-03
   1.4352436e+07   1.6005560e+06   1.0000000e-01   3.2612104e-01   2.5999835e-13   4.2612104e-01   1.0000000e+00   7.9618159e-03
   1.0000000e+03   3.4533599e+05   1.3988178e+01   6.0149233e+02   1.3014266e-14   6.1548050e+02   1.0000000e+00   7.9357229e-03
   1.0000010e+03   3.4117638e+05   1.9463185e+01   6.3125411e+02   1.2750234e-14   6.5071730e+02   1.0000000e+00   7.9200883e-03
   1.0001511e+03   8.7938183e+05   1.7905277e-01   3.1855441e+00   1.0506909e-13   3.3645969e+00   1.0000000e+00   7.9115531e-03
   9.7956375e+06   1.2926258e+06   1.0000012e-01   8.5319744e-01   1.8404337e-13   9.5319756e-01   1.0000000e+00   7.9045959e-03
   1.0000000e+03   3.4689765e+05   1.5211609e+01   5.7395639e+02   1.3231371e-14   5.8916800e+02   1.0000000e+00   7.8819305e-03
   1.0000000e+03   5.8510857e+05   8.6231848e-01   3.4540295e+01   4.0279215e-14   3.5402614e+01   1.0000000e+00   7.8672198e-03
   1.0000388e+03   4.1904657e+05   5.7641902e+00   2.1277316e+02   1.9405902e-14   2.1853735e+02   1.0000000e+00   7.8514654e-03
   1.0000785e+03   3.5082255e+05   1.8544203e+01   6.7701287e+02   1.2451364e-14   6.9555707e+02   1.0000000e+00   7.8435872e-03
   1.4061409e+07   1.8358953e+06   1.0000000e-01   1.7077853e-01   3.3019024e-13   2.7077853e-01   1.0000000e+00   7.8386096e-03
   1.0000042e+03   3.4841590e+05   1.5987409e+01   6.4441470e+02   1.2680883e-14   6.6040211e+02   1.0000000e+00   7.8252486e-03
   8.4635584e+06   2.0481421e+06   1.0000000e-01   1.2912288e-01   3.6658284e-13   2.2912288e-01   1.0000000e+00   7.8135654e-03
   1.0000000e+03   8.5856759e+05   1.1047925e-01   2.1158492e+00   1.2762574e-13   2.2263284e+00   1.0000000e+00   7.7626779e-03
   1.5490910e+07   1.9566551e+06   1.0003626e-01   1.0985514e-01   3.9011339e-13   2.0989141e-01   1.0000000e+00   7.7610979e-03
   1.0000000e+03   3.3447131e+05   2.2002405e+01   7.1521837e+02   1.2168087e-14   7.3722077e+02   1.0000000e+00   7.7067381e-03
   1.4790671e+07   1.8402967e+06   1.0012145e-01   1.8591952e-01   3.1999058e-13   2.8604097e-01   1.0000000e+00   7.7037791e-03
   1.0000043e+03   3.0816745e+05   2.0034382e+01   9.4565352e+02   1.1005265e-14   9.6568791e+02   1.0000000e+00   7.6770740e-03
   1.0000000e+03   8.2429463e+05   6.5613961e-01   1.2925736e+01   5.9387396e-14   1.3581876e+01   1.0000000e+00   7.6729957e-03
   9.2203867e+04   8.7241323e+05   1.7321084e-01   2.1427535e+00   1.2595024e-13   2.3159644e+00   1.0000000e+00   7.6042205e-03
   1.0000004e+03   3.2472143e+05   1.9840274e+01   8.0323946e+02   1.1671549e-14   8.2307973e+02   1.0000000e+00   7.5813622e-03
   1.0000333e+03   8.0561812e+05   1.0000000e-01   3.6630396e+00   1.0314036e-13   3.7630396e+00   1.0000000e+00   7.5750190e-03
   1.0000151e+03   3.5596523e+05   1.5417242e+01   4.3134170e+02   1.4731283e-14   4.4675894e+02   1.0000000e+00   7.5662829e-03
   1.0000968e+03   3.2663183e+05   1.9857477e+01   7.9535701e+02   1.1713606e-14   8.1521448e+02   1.0000000e+00   7.5620564e-03
   9.2689371e+06   1.4307692e+06   1.0000000e-01   4.9865024e-01   2.2269647e-13   5.9865024e-01   1.0000000e+00   7.5608105e-03
   1.0000010e+03   3.4107198e+05   1.9415110e+01   6.2902372e+02   1.2767125e-14   6.4843883e+02   1.0000000e+00   7.5461258e-03
   1.0000015e+03   3.4007235e+05   1.8898133e+01   6.2167477e+02   1.2825478e-14   6.4057290e+02   1.0000000e+00   7.5450798e-03
   1.0000790e+03   7.7234274e+05   1.0596428e-01   2.9977954e+00   1.1318016e-13   3.1037597e+00   1.0000000e+00   7.5435836e-03
   1.0000000e+03   3.4444678e+05   1.4745038e+01   5.9010868e+02   1.3099969e-14   6.0485372e+02   1.0000000e+00   7.5387934e-03
   1.0000000e+03   3.5691058e+05   1.4820259e+01   5.2973064e+02   1.3634647e-14   5.4455090e+02   1.0000000e+00   7.5373656e-03
   1.0000389e+03   8.1852839e+05   7.6316376e-01   8.5624670e+00   6.8821158e-14   9.3256308e+00   1.0000000e+00   7.5273784e-03
   1.4504108e+07   1.7744655e+06   1.0000000e-01   2.2768410e-01   2.9691652e-13   3.2768410e-01   1.0000000e+00   7.5139770e-03
   1.0114318e+07   1.1129632e+06   1.0632242e-01   1.1945065e+00   1.6394387e-13   1.3008289e+00   1.0000000e+00   7.4974499e-03
   1.0000000e+03   8.4736351e+05   1.0000000e-01   2.0494571e+00   1.3030240e-13   2.1494571e+00   1.0000000e+00   7.4954833e-03
   1.0000000e+03   3.2424372e+05   1.9903801e+01   7.3775744e+02   1.2042518e-14   7.5766124e+02   1.0000000e+00   7.4949981e-03
   9.6063635e+06   1.3675142e+06   1.0000000e-01   6.8247696e-01   1.9913738e-13   7.8247696e-01   1.0000000e+00   7.4805884e-03
   1.0000000e+03   3.6228935e+05   1.4099277e+01   4.4255676e+02   1.4586167e-14   4.5665604e+02   1.0000000e+00   7.4724974e-03
   1.0000640e+03   3.2818805e+05   2.0517895e+01   7.8680133e+02   1.1757140e-14   8.0731923e+02   1.0000000e+00   7.4624675e-03
   9.9474504e+06   1.3676183e+06   1.0000000e-01   6.3923759e-01   2.0377529e-13   7.3923759e-01   1.0000000e+00   7.4053339e-03
   1.0000013e+03   3.4684084e+05   1.1462652e+01   5.9859654e+02   1.3064864e-14   6.1005920e+02   1.0000000e+00   7.3758670e-03
   1.0000000e+03   8.5469658e+05   4.4314628e-01   4.4874446e+00   8.9734602e-14   4.9305908e+00   1.0000000e+00   7.3585356e-03
   1.0000000e+03   3.4677774e+05   1.8506312e+01   6.8696996e+02   1.2377284e-14   7.0547627e+02   1.0000000e+00   7.3583272e-03
   1.0000000e+03   3.4214311e+05   1.5110981e+01   6.0966548e+02   1.2940597e-14   6.2477646e+02   1.0000000e+00   7.3562149e-03
   1.0000362e+03   3.1996665e+05   2.0748121e+01   8.8426708e+02   1.1268341e-14   9.0501520e+02   1.0000000e+00   7.3211319e-03
   1.0000666e+03   3.1321479e+05   2.0658859e+01   7.9141085e+02   1.1746589e-14   8.1206971e+02   1.0000000e+00   7.3161967e-03
   1.4482840e+07   1.7975780e+06   1.0000000e-01   1.9093017e-01   3.1676870e-13   2.9093017e-01   1.0000000e+00   7.2909003e-03
   1.0457101e+07   1.3617613e+06   1.0000000e-01   5.3037691e-01   2.1814942e-13   6.3037691e-01   1.0000000e+00   7.2516230e-03
   1.0000064e+03   3.9260012e+05   1.2266439e+01   2.8337678e+02   1.7282616e-14   2.9564322e+02   1.0000000e+00   7.2516223e-03
   1.0000003e+03   3.3095399e+05   1.9477073e+01   7.7024464e+02   1.1853991e-14   7.8972172e+02   1.0000000e+00   7.2287359e-03
   1.0000057e+03   3.1188015e+05   2.0413999e+01   9.6004468e+02   1.0940843e-14   9.8045868e+02   1.0000000e+00   7.2271457e-03
   9.2702164e+06   1.4199875e+06   1.0000000e-01   4.6749086e-01   2.2809103e-13   5.6749086e-01   1.0000000e+00   7.2155462e-03
   1.0000797e+03   3.4995449e+05   1.8768601e+01   6.6201084e+02   1.2546622e-14   6.8077944e+02   1.0000000e+00   7.2023894e-03
   1.0000044e+03   3.6317143e+05   1.5086800e+01   4.1894920e+02   1.4885376e-14   4.3403600e+02   1.0000000e+00   7.1492919e-03
   1.0621737e+07   1.3395708e+06   1.0000000e-01   8.7665523e-01   1.8280607e-13   9.7665523e-01   1.0000000e+00   7.1480682e-03
   1.0000003e+03   3.0921171e+05   2.1261020e+01   9.5474877e+02   1.0960632e-14   9.7600979e+02   1.0000000e+00   7.1458654e-03
   1.0000567e+03   4.3918355e+05   6.1718964e+00   1.8585682e+02   2.0412773e-14   1.9202872e+02   1.0000000e+00   7.1405990e-03
   1.0000000e+03   8.5150647e+05   1.1009626e-01   1.9748431e+00   1.3186520e-13   2.0849393e+00   1.0000000e+00   7.1346938e-03
   8.9974271e+06   1.2188039e+06   1.0000000e-01   8.9807354e-01   1.8078563e-13   9.9807354e-01   1.0000000e+00   7.1004700e-03
   1.5024707e+05   9.3956128e+05   1.0000650e-01   1.8816181e+00   1.3303696e-13   1.9816246e+00   1.0000000e+00   7.0888857e-03
   1.0000644e+03   4.2848361e+05   6.4698464e+00   1.5321755e+02   2.2035784e-14   1.5968739e+02   1.0000000e+00   7.0859894e-03
   1.0000000e+03   4.8253429e+05   4.9436023e+00   8.7050684e+01   2.7464825e-14   9.1994286e+01   1.0000000e+00   7.0296176e-03
   1.0000000e+03   3.6183362e+05   1.3700808e+01   4.8840551e+02   1.4061421e-14   5.0210632e+02   1.0000000e+00   7.0271180e-03
   1.0621737e+07   1.3395707e+06   1.0000000e-01   7.9701818e-01   1.8869182e-13   8.9701818e-01   1.0000000e+00   7.0213185e-03
   1.0000000e+03   6.7496549e+05   1.3295736e+00   2.8584257e+01   4.2948379e-14   2.9913831e+01   1.0000000e+00   6.9790442e-03
   1.4966963e+07   2.0139070e+06   1.0000000e-01   1.3659845e-01   3.5931385e-13   2.3659845e-01   1.0000000e+00   6.9724427e-03
   1.0000000e+03   7.6060070e+05   1.0000013e-01   2.9457324e+00   1.1480920e-13   3.0457326e+00   1.0000000e+00   6.9459380e-03
   1.0000000e+03   8.0208984e+05   4.7642605e-01   9.5307550e+00   6.6640731e-14   1.0007181e+01   1.0000000e+00   6.9376936e-03
   1.4622272e+07   1.7116551e+06   1.0023319e-01   1.9416916e-01   3.1533464e-13   2.9440235e-01   1.0000000e+00   6.9198756e-03
   1.0000000e+03   4.3588680e+05   5.3179837e+00   1.2890839e+02   2.3641223e-14   1.3422637e+02   1.0000000e+00   6.9095403e-03
   1.0000000e+03   4.1390051e+05   8.3720808e+00   2.3610921e+02   1.8575152e-14   2.4448129e+02   1.0000000e+00   6.9082790e-03
   1.0000000e+03   3.1494322e+05   2.0522516e+01   9.5224961e+02   1.0972491e-14   9.7277213e+02   1.0000000e+00   6.9051028e-03
   9.7729751e+04   8.5420003e+05   1.0000000e-01   2.1217200e+00   1.2897779e-13   2.2217200e+00   1.0000000e+00   6.9014896e-03
   1.0000000e+03   3.4136094e+05   1.3791895e+01   4.3784673e+02   1.4712166e-14   4.5163862e+02   1.0000000e+00   6.8568256e-03
   1.0000000e+03   4.5832739e+05   4.3448796e+00   1.3324476e+02   2.3285913e-14   1.3758964e+02   1.0000000e+00   6.8528310e-03
   9.2542870e+06   1.4220660e+06   1.0000000e-01   5.0570239e-01   2.2158206e-13   6.0570239e-01   1.0000000e+00   6.8365621e-03
   1.0000000e+03   8.2118928e+05   4.3191489e-01   4.1145701e+00   9.3829899e-14   4.5464850e+00   1.0000000e+00   6.8335469e-03
   1.0000003e+03   3.1415493e+05   2.2124879e+01   9.3904627e+02   1.1021046e-14   9.6117115e+02   1.0000000e+00   6.8042470e-03
   1.0000153e+03   3.1114274e+05   5.7561176e+01   1.0000000e+03   1.0722991e-14   1.0575612e+03   1.0000000e+00   6.7711667e-03
   1.5686275e+07   1.5682755e+06   1.0000000e-01   3.8881544e-01   2.4399994e-13   4.8881544e-01   1.0000000e+00   6.7410124e-03
   1.0000000e+03   5.6733783e+05   1.2672393e+00   5.9603613e+01   3.2419552e-14   6.0870852e+01   1.0000000e+00   6.7386546e-03
   1.0000804e+03   3.1100449e+05   2.7676585e+01   9.9790028e+02   1.0766190e-14   1.0255769e+03   1.0000000e+00   6.7172173e-03
   1.0000000e+03   3.1244416e+05   1.8825873e+01   8.6640631e+02   1.1365490e-14   8.8523218e+02   1.0000000e+00   6.7088076e-03
   1.0492518e+07   1.0530500e+06   1.0000000e-01   1.0705366e+00   1.7187457e-13   1.1705366e+00   1.0000000e+00   6.7008163e-03
   9.8974538e+06   1.2508831e+06   1.0000639e-01   1.0212916e+00   1.7291647e-13   1.1212980e+00   1.0000000e+00   6.6660270e-03
   8.4896427e+06   2.1014512e+06   1.0000000e-01   1.0313671e-01   3.9844153e-13   2.0313672e-01   1.0000000e+00   6.6505628e-03
   1.0000495e+03   7.3698860e+05   4.2957041e-01   1.1318447e+01   6.2685355e-14   1.1748017e+01   1.0000000e+00   6.6282529e-03
   1.0000000e+03   3.1600205e+05   2.1480582e+01   8.7990060e+02   1.1286027e-14   9.0138118e+02   1.0000000e+00   6.6089740e-03
   1.5097082e+07   1.7152109e+06   1.0167625e-01   2.1688649e-01   3.0223304e-13   3.1856274e-01   1.0000000e+00   6.6013594e-03
   1.0414264e+07   1.3562726e+06   1.0000000e-01   5.3921539e-01   2.1685897e-13   6.3921539e-01   1.0000000e+00   6.5609351e-03
   1.4837915e+07   1.7124575e+06   1.0023569e-01   1.9620283e-01   3.1405853e-13   2.9643853e-01   1.0000000e+00   6.5566213e-03
   1.4752909e+07   1.7080656e+06   1.0000000e-01   2.4173713e-01   2.9025902e-13   3.4173713e-01   1.0000000e+00   6.5524460e-03
   1.0000023e+03   3.6038712e+05   1.4710477e+01   5.4357443e+02   1.3512292e-14   5.5828490e+02   1.0000000e+00   6.5445419e-03
   1.0000000e+03   3.3982142e+05   2.0360450e+01   6.9525034e+02   1.2304062e-14   7.1561079e+02   1.0000000e+00   6.5146167e-03
   9.9475053e+06   1.3514468e+06   1.0000000e-01   6.2993440e-01   2.0485061e-13   7.2993440e-01   1.0000000e+00   6.4791441e-03
   1.6122205e+07   1.6152259e+06   1.0056432e-01   2.6230364e-01   2.8193993e-13   3.6286796e-01   1.0000000e+00   6.4618102e-03
   1.0000000e+03   3.3388019e+05   1.5566374e+01   5.6924562e+02   1.3289319e-14   5.8481199e+02   1.0000000e+00   6.4380691e-03
   1.0000220e+03   8.1966177e+05   5.5575179e-01   5.4137338e+00   8.3206460e-14   5.9694856e+00   1.0000000e+00   6.4343797e-03
   1.4471098e+07   1.7058401e+06   1.0000000e-01   2.5960300e-01   2.8278117e-13   3.5960300e-01   1.0000000e+00   6.4321428e-03
   1.0000000e+03   8.0509824e+05   4.6394365e-01   9.6444313e+00   6.6390402e-14   1.0108375e+01   1.0000000e+00   6.4313136e-03
   1.0000000e+03   7.8509090e+05   6.9585309e-01   6.7177364e+00   7.6276484e-14   7.4135895e+00   1.0000000e+00   6.4086848e-03
   7.5481818e+06   1.9763342e+06   1.0000000e-01   1.1757754e-01   3.7925532e-13   2.1757754e-01   1.0000000e+00   6.3929851e-03
   1.0000000e+03   3.6996603e+05   1.1897728e+01   3.4561744e+02   1.6050153e-14   3.5751517e+02   1.0000000e+00   6.3898287e-03
   1.0000048e+03   3.1453074e+05   2.0823752e+01   9.1051598e+02   1.1149813e-14   9.3133974e+02   1.0000000e+00   6.3886803e-03
   1.5235246e+07   1.7038505e+06   1.0000000e-01   2.0810358e-01   3.0711762e-13   3.0810358e-01   1.0000000e+00   6.3628079e-03
   8.2469092e+06   1.1176838e+06   1.0108231e-01   1.4417958e+00   1.5342642e-13   1.5428781e+00   1.0000000e+00   6.3624141e-03
   1.4364076e+07   2.0475121e+06   1.0000000e-01   1.1072268e-01   3.8833670e-13   2.1072268e-01   1.0000000e+00   6.3504395e-03
   1.5207558e+07   1.6979544e+06   1.0000000e-01   2.0635748e-01   3.0817610e-13   3.0635748e-01   1.0000000e+00   6.3441335e-03
   1.0000022e+03   3.7702555e+05   7.6031349e+00   3.8423943e+02   1.5474557e-14   3.9184256e+02   1.0000000e+00   6.3314054e-03
   1.4952302e+07   1.5040714e+06   1.0000000e-01   4.4886220e-01   2.3153298e-13   5.4886220e-01   1.0000000e+00   6.3152217e-03
   9.5635080e+06   1.4884099e+06   1.0000000e-01   4.1358155e-01   2.3830475e-13   5.1358155e-01   1.0000000e+00   6.3067366e-03
   1.6008922e+07   1.6112695e+06   1.0000000e-01   2.8872779e-01   2.7194555e-13   3.8872779e-01   1.0000000e+00   6.3019119e-03
   1.0000000e+03   5.6433207e+05   7.5458722e-01   4.3951113e+01   3.6911939e-14   4.4705700e+01   1.0000000e+00   6.2996980e-03
   1.4413985e+07   1.8351919e+06   1.0000000e-01   2.0358667e-01   3.0960250e-13   3.0358667e-01   1.0000000e+00   6.2946610e-03
   1.0000000e+03   7.4519296e+05   6.7500994e-01   1.6124575e+01   5.4148934e-14   1.6799585e+01   1.0000000e+00   6.2907963e-03
   7.9679280e+06   2.0182878e+06   1.0000000e-01   1.2392270e-01   3.7182783e-13   2.2392270e-01   1.0000000e+00   6.2853050e-03
   1.0000000e+03   4.1626513e+05   8.8176039e+00   2.3081198e+02   1.8727560e-14   2.3962958e+02   1.0000000e+00   6.2821398e-03
   1.0000000e+03   3.5972411e+05   1.8922499e+01   6.1526273e+02   1.2901900e-14   6.3418523e+02   1.0000000e+00   6.2689935e-03
   1.0000005e+03   4.7186192e+05   4.1413081e+00   9.2105238e+01   2.6945829e-14   9.6246546e+01   1.0000000e+00   6.2647814e-03
   6.6996307e+06   2.0587486e+06   1.0000000e-01   1.1535752e-01   3.8174997e-13   2.1535752e-01   1.0000000e+00   6.2577789e-03
   1.4865866e+07   1.5935965e+06   1.0000000e-01   3.9790194e-01   2.4226416e-13   4.9790194e-01   1.0000000e+00   6.2423316e-03
   1.0000000e+03   4.2306106e+05   6.5850884e+00   1.5950427e+02   2.1704769e-14   1.6608936e+02   1.0000000e+00   6.2152143e-03
   1.0000594e+03   4.4231730e+05   6.4898578e+00   2.0620208e+02   1.9630239e-14   2.1269194e+02   1.0000000e+00   6.2141788e-03
   1.4977837e+07   1.7003247e+06   1.0000000e-01   2.3870809e-01   2.9162601e-13   3.3870809e-01   1.0000000e+00   6.1893705e-03
   1.0000000e+03   4.4599850e+05   6.3431543e+00   1.6342372e+02   2.1436107e-14   1.6976688e+02   1.0000000e+00   6.1844447e-03
   1.0000000e+03   4.1042976e+05   9.1792536e+00   2.7028058e+02   1.7632257e-14   2.7945983e+02   1.0000000e+00   6.1330882e-03
   1.0132337e+07   1.0593564e+06   1.0000000e-01   1.5079223e+00   1.5133454e-13   1.6079223e+00   1.0000000e+00   6.1249962e-03
   1.0001476e+03   3.2164336e+05   1.7530674e+01   8.4814278e+02   1.1455563e-14   8.6567346e+02   1.0000000e+00   6.1087990e-03
   9.4349535e+06   1.2578883e+06   1.0000366e-01   1.1024507e+00   1.6863083e-13   1.2024544e+00   1.0000000e+00   6.0961930e-03
   1.4321272e+07   2.0183785e+06   1.0000000e-01   1.0850063e-01   3.9137779e-13   2.0850063e-01   1.0000000e+00   6.0920634e-03
   1.0000116e+03   3.2730512e+05   2.1872719e+01   6.9891175e+02   1.2276386e-14   7.2078447e+02   1.0000000e+00   6.0752687e-03
   1.0000034e+03   4.3016240e+05   6.7217576e+00   2.1019189e+02   1.9460241e-14   2.1691365e+02   1.0000000e+00   6.0678811e-03
   1.4352022e+07   1.5404817e+06   1.0000000e-01   3.3091202e-01   2.5877216e-13   4.3091202e-01   1.0000000e+00   6.0608647e-03
   1.4911547e+07   1.5637475e+06   1.0000000e-01   3.7337620e-01   2.4750937e-13   4.7337620e-01   1.0000000e+00   6.0600546e-03
   1.0000000e+03   3.2161528e+05   2.1636703e+01   8.1864974e+02   1.1584079e-14   8.4028644e+02   1.0000000e+00   6.0557644e-03
   1.0000001e+03   3.5939359e+05   1.5885130e+01   4.7572307e+02   1.4183101e-14   4.9160820e+02   1.0000000e+00   6.0432900e-03
   1.0000000e+03   4.1132827e+05   9.0712788e+00   2.7567516e+02   1.7505929e-14   2.8474644e+02   1.0000000e+00   6.0317458e-03
   1.0000000e+03   7.4084886e+05   1.3262421e+00   1.9299310e+01   5.0052770e-14   2.0625552e+01   1.0000000e+00   6.0282743e-03
   1.0000356e+03   3.2895296e+05   1.9007956e+01   6.8950455e+02   1.2348543e-14   7.0851250e+02   1.0000000e+00   6.0164589e-03
   1.0000000e+03   3.2195073e+05   2.1533861e+01   8.2501534e+02   1.1551672e-14   8.4654920e+02   1.0000000e+00   6.0141103e-03
   1.0000000e+03   3.0500597e+05   4.5791459e+01   1.0000000e+03   1.0735184e-14   1.0457915e+03   1.0000000e+00   5.9882539e-03
   7.8441902e+06   1.9985814e+06   1.0000048e-01   1.5020333e-01   3.4657657e-13   2.5020380e-01   1.0000000e+00   5.9773209e-03
   1.0000000e+03   3.1567761e+05   2.1078510e+01   8.4340304e+02   1.1464705e-14   8.6448155e+02   1.0000000e+00   5.9672139e-03
   1.0000000e+03   3.8074060e+05   1.3636742e+01   3.6386913e+02   1.5701896e-14   3.7750588e+02   1.0000000e+00   5.9643955e-03
   8.4844193e+06   2.0158264e+06   1.0000000e-01   1.1486871e-01   3.8260107e-13   2.1486871e-01   1.0000000e+00   5.9554418e-03
   1.0000166e+03   4.1001812e+05   9.3561343e+00   2.6926744e+02   1.7653589e-14   2.7862358e+02   1.0000000e+00   5.9347810e-03
   1.0000000e+03   4.5377005e+05   6.0796296e+00   1.7364216e+02   2.0964503e-14   1.7972179e+02   1.0000000e+00   5.9193276e-03
   1.0000000e+03   7.4478214e+05   6.7418261e-01   1.5755017e+01   5.4611235e-14   1.6429200e+01   1.0000000e+00   5.8743373e-03
   1.0000792e+03   3.3374069e+05   1.9510104e+01   7.0695039e+02   1.2230036e-14   7.2646049e+02   1.0000000e+00   5.8392497e-03
   1.0000039e+03   3.7905516e+05   1.2043847e+01   4.0760005e+02   1.5064947e-14   4.1964389e+02   1.0000000e+00   5.8273326e-03
   1.0000005e+03   4.1053447e+05   8.7239587e+00   2.0231867e+02   1.9732482e-14   2.1104262e+02   1.0000000e+00   5.8164253e-03
   1.0000000e+03   3.6067388e+05   1.5823557e+01   4.0792161e+02   1.5039348e-14   4.2374516e+02   1.0000000e+00   5.8083040e-03
   1.0000000e+03   8.1268787e+05   2.4402165e-01   6.1821757e+00   8.0341812e-14   6.4261974e+00   1.0000000e+00   5.7914179e-03
   1.0000014e+03   3.1039607e+05   4.6468801e+01   1.0000000e+03   1.0730818e-14   1.0464688e+03   1.0000000e+00   5.7727940e-03
   1.0000094e+03   3.5696727e+05   1.5724939e+01   4.8243726e+02   1.4110831e-14   4.9816220e+02   1.0000000e+00   5.7607089e-03
   1.4012828e+07   1.8360079e+06   1.0000000e-01   1.7532171e-01   3.2696485e-13   2.7532171e-01   1.0000000e+00   5.7572297e-03
   1.0000000e+03   5.4105924e+05   4.0699069e+00   7.1193373e+01   2.9668020e-14   7.5263280e+01   1.0000000e+00   5.7445625e-03
   1.5133332e+07   1.6409841e+06   1.0000000e-01   2.9279290e-01   2.7049553e-13   3.9279290e-01   1.0000000e+00   5.6952820e-03
   1.0000000e+03   4.3388526e+05   5.4352486e+00   1.8033869e+02   2.0681187e-14   1.8577394e+02   1.0000000e+00   5.6926338e-03
   1.0000000e+03   4.7112015e+05   6.4977061e+00   1.4744257e+02   2.2310295e-14   1.5394028e+02   1.0000000e+00   5.6852152e-03
   1.0000000e+03   4.9637884e+05   5.6410823e+00   1.0968717e+02   2.5025960e-14   1.1532825e+02   1.0000000e+00   5.6698548e-03
   1.0000000e+03   3.1971774e+05   2.1361331e+01   9.3618664e+02   1.1038526e-14   9.5754797e+02   1.0000000e+00   5.6671360e-03
   1.0000000e+03   3.3377579e+05   1.5518298e+01   5.6701522e+02   1.3310042e-14   5.8253352e+02   1.0000000e+00   5.6516602e-03
   1.3859525e+07   1.9179427e+06   1.0000000e-01   1.2167363e-01   3.7528904e-13   2.2167363e-01   1.0000000e+00   5.6444486e-03
   1.0000010e+03   3.6066328e+05   1.4966285e+01   4.6262412e+02   1.4338530e-14   4.7759040e+02   1.0000000e+00   5.6433133e-03
   1.0000675e+03   3.7525395e+05   1.4823113e+01   4.2888421e+02   1.4755180e-14   4.4370732e+02   1.0000000e+00   5.6425113e-03
   1.0000431e+03   4.8230750e+05   6.3660471e+00   1.3385637e+02   2.3164734e-14   1.4022242e+02   1.0000000e+00   5.6373711e-03
   7.5796103e+06   2.0745067e+06   1.0000000e-01   1.0230101e-01   3.9949066e-13   2.0230101e-01   1.0000000e+00   5.6304502e-03
   1.0000000e+03   6.7014693e+05   3.2013933e+00   2.2792317e+01   4.6324618e-14   2.5993711e+01   1.0000000e+00   5.6237073e-03
   1.0000010e+03   3.6156179e+05   1.4858310e+01   4.6801870e+02   1.4276740e-14   4.8287701e+02   1.0000000e+00   5.6039870e-03
   8.4218835e+06   1.1685696e+06   1.0000001e-01   1.2615486e+00   1.6061289e-13   1.3615486e+00   1.0000000e+00   5.6018941e-03
   1.4394927e+07   1.8432569e+06   1.0000000e-01   1.6195469e-01   3.3684255e-13   2.6195469e-01   1.0000000e+00   5.5993866e-03
   1.0011567e+03   4.5747493e+05   6.4147562e+00   1.6949662e+02   2.1150782e-14   1.7591138e+02   1.0000000e+00   5.5803000e-03
   1.0000004e+03   3.6270780e+05   1.4791803e+01   5.0460437e+02   1.3885486e-14   5.1939617e+02   1.0000000e+00   5.5533869e-03
   1.4670949e+07   1.7068358e+06   1.0000000e-01   2.8069741e-01   2.7499166e-13   3.8069741e-01   1.0000000e+00   5.5428432e-03
   1.0000000e+03   3.1999629e+05   1.7713761e+01   8.6636823e+02   1.1366718e-14   8.8408199e+02   1.0000000e+00   5.5271923e-03
   1.0000000e+03   3.9646309e+05   9.8897768e+00   2.5778878e+02   1.7953272e-14   2.6767856e+02   1.0000000e+00   5.5147548e-03
   1.0000000e+03   3.8236343e+05   1.3735752e+01   3.7457504e+02   1.5531210e-14   3.8831079e+02   1.0000000e+00   5.5106098e-03
   1.0000791e+03   3.0868498e+05   2.8393194e+01   1.0000000e+03   1.0756830e-14   1.0283932e+03   1.0000000e+00   5.5098224e-03
   1.0000000e+03   3.2147928e+05   2.0768468e+01   8.9315913e+02   1.1228708e-14   9.1392760e+02   1.0000000e+00   5.5061281e-03
   9.0633467e+06   1.4077063e+06   1.0000000e-01   4.7937333e-01   2.2605315e-13   5.7937333e-01   1.0000000e+00   5.5027268e-03
   1.0000020e+03   3.1424063e+05   2.1063455e+01   9.1870500e+02   1.1112787e-14   9.3976846e+02   1.0000000e+00   5.4977631e-03
   1.0000001e+03   3.6008924e+05   1.5231077e+01   5.1270589e+02   1.3798711e-14   5.2793697e+02   1.0000000e+00   5.4748793e-03
   1.0000921e+03   3.2761530e+05   1.9097013e+01   7.0592430e+02   1.2241754e-14   7.2502131e+02   1.0000000e+00   5.4545136e-03
   1.0000000e+03   7.7512597e+05   3.0777287e-01   1.3964336e+01   5.8775297e-14   1.4272109e+01   1.0000000e+00   5.4540537e-03
   1.3701241e+07   1.8071741e+06   1.0000182e-01   2.1444391e-01   3.0361512e-13   3.1444573e-01   1.0000000e+00   5.4490998e-03
   1.5451065e+07   1.9620867e+06   1.0000000e-01   1.2078123e-01   3.7600667e-13   2.2078123e-01   1.0000000e+00   5.4235714e-03
   1.0000005e+03   4.7737403e+05   4.3304096e+00   9.3084341e+01   2.6786732e-14   9.7414750e+01   1.0000000e+00   5.4126525e-03
   1.4571901e+07   1.6998790e+06   1.0000000e-01   2.4764964e-01   2.8767736e-13   3.4764964e-01   1.0000000e+00   5.4086314e-03
   1.5200609e+07   1.9473268e+06   1.0000000e-01   1.4031479e-01   3.5537276e-13   2.4031479e-01   1.0000000e+00   5.4028320e-03
   1.0038378e+07   1.3557636e+06   1.0039668e-01   5.8601595e-01   2.1027732e-13   6.8641264e-01   1.0000000e+00   5.3925142e-03
   1.4766302e+07   1.5792230e+06   1.0000002e-01   2.2701483e-01   2.9893398e-13   3.2701485e-01   1.0000000e+00   5.3807614e-03
   1.0000000e+03   3.2824274e+05   1.8385825e+01   7.7684488e+02   1.1821652e-14   7.9523070e+02   1.0000000e+00   5.3613356e-03
   1.0000047e+03   3.2608467e+05   1.8254941e+01   8.4115863e+02   1.1487720e-14   8.5941357e+02   1.0000000e+00   5.3545110e-03
   1.0000139e+03   3.3053889e+05   2.1089312e+01   6.5247060e+02   1.2595937e-14   6.7355991e+02   1.0000000e+00   5.3513051e-03
   1.0000000e+03   7.5185936e+05   1.3130951e+00   2.3351379e+01   4.6997180e-14   2.4664475e+01   1.0000000e+00   5.3480107e-03
   1.0000391e+03   3.3869874e+05   1.5160345e+01   6.2041041e+02   1.2858182e-14   6.3557075e+02   1.0000000e+00   5.3434538e-03
   1.0000047e+03   3.8091439e+05   1.5332688e+01   4.1372595e+02   1.4956508e-14   4.2905864e+02   1.0000000e+00   5.3412182e-03
   1.0000000e+03   5.6204469e+05   8.0944296e-01   5.7517444e+01   3.3318130e-14   5.8326887e+01   1.0000000e+00   5.3291130e-03
   1.0000153e+03   3.1129141e+05   5.6678432e+01   1.0000000e+03   1.0723492e-14   1.0566784e+03   1.0000000e+00   5.3235021e-03
   1.0000000e+03   8.7943506e+05   2.2600297e-01   3.2322957e+00   1.0380187e-13   3.4582986e+00   1.0000000e+00   5.2955380e-03
   1.0000499e+03   3.1011381e+05   3.7031516e+01   1.0000000e+03   1.0741117e-14   1.0370315e+03   1.0000000e+00   5.2939945e-03
   1.4346125e+07   2.0183549e+06   1.0000000e-01   1.1128359e-01   3.8762489e-13   2.1128359e-01   1.0000000e+00   5.2882531e-03
   1.0000000e+03   4.1373083e+05   5.5215285e+00   2.2083751e+02   1.9147061e-14   2.2635903e+02   1.0000000e+00   5.2659312e-03
   1.0000722e+03   3.5087521e+05   1.9465363e+01   6.6958600e+02   1.2495226e-14   6.8905136e+02   1.0000000e+00   5.2568790e-03
   1.0000000e+03   3.3866609e+05   1.6615997e+01   5.9592974e+02   1.3043414e-14   6.1254573e+02   1.0000000e+00   5.2258853e-03
   1.0582186e+07   1.0547080e+06   1.0000000e-01   1.3938711e+00   1.5569029e-13   1.4938711e+00   1.0000000e+00   5.2192990e-03
   9.8022875e+06   1.2865846e+06   1.0000000e-01   8.0279654e-01   1.8797463e-13   9.0279654e-01   1.0000000e+00   5.2140917e-03
   9.5034002e+06   1.4157413e+06   1.0000000e-01   4.7554462e-01   2.2669111e-13   5.7554462e-01   1.0000000e+00   5.2106076e-03
   1.5978808e+07   1.6346570e+06   1.0000000e-01   3.5531578e-01   2.5246575e-13   4.5531578e-01   1.0000000e+00   5.1919608e-03
   1.0000000e+03   4.8970280e+05   6.0216257e+00   1.3683812e+02   2.3018321e-14   1.4285974e+02   1.0000000e+00   5.1902877e-03
   1.4896781e+07   1.7021740e+06   1.0022535e-01   2.0107519e-01   3.1121987e-13   3.0130055e-01   1.0000000e+00   5.1874924e-03
   1.5607795e+07   1.6237323e+06   1.0000000e-01   2.8359725e-01   2.7371603e-13   3.8359725e-01   1.0000000e+00   5.1808422e-03
   1.0240495e+07   1.1040422e+06   1.0000527e-01   1.3387905e+00   1.5751061e-13   1.4387958e+00   1.0000000e+00   5.1754831e-03
   1.0000000e+03   5.4189382e+05   4.2308436e+00   7.8656232e+01   2.8568740e-14   8.2887076e+01   1.0000000e+00   5.1561364e-03
   1.0000006e+03   4.1190666e+05   9.1085645e+00   1.8591126e+02   2.0402402e-14   1.9501982e+02   1.0000000e+00   5.1514513e-03
   1.4942273e+07   1.4762707e+06   1.0000000e-01   4.3945608e-01   2.3325353e-13   5.3945608e-01   1.0000000e+00   5.1420032e-03
   1.0000000e+03   3.8742066e+05   1.3766102e+01   3.6855184e+02   1.5629883e-14   3.8231794e+02   1.0000000e+00   5.1208320e-03
   1.0000000e+03   3.1266605e+05   2.1307321e+01   1.0000000e+03   1.0778584e-14   1.0213073e+03   1.0000000e+00   5.1187908e-03
   1.0000213e+03   8.1852841e+05   5.5526925e-01   8.5431444e+00   6.9256173e-14   9.0984137e+00   1.0000000e+00   5.0879006e-03
   1.0000000e+03   3.2106540e+05   1.9963826e+01   7.3690794e+02   1.2052338e-14   7.5687177e+02   1.0000000e+00   5.0738052e-03
   1.0000000e+03   3.7489240e+05   1.3406672e+01   3.3931840e+02   1.6138269e-14   3.5272507e+02   1.0000000e+00   5.0624352e-03
   1.4065829e+07   1.8307406e+06   1.0000026e-01   1.7286949e-01   3.2869680e-13   2.7286975e-01   1.0000000e+00   5.0570117e-03
   1.0000000e+03   3.9478110e+05   9.8352550e+00   2.8167979e+02   1.7349025e-14   2.9151504e+02   1.0000000e+00   5.0447594e-03
   1.0000109e+03   3.6306115e+05   1.6247107e+01   4.3754022e+02   1.4633626e-14   4.5378733e+02   1.0000000e+00   5.0385485e-03
   1.5724425e+07   1.8531961e+06   1.0000000e-01   1.4553883e-01   3.5085380e-13   2.4553883e-01   1.0000000e+00   5.0327477e-03
   1.4410194e+07   2.0195034e+06   1.0000000e-01   1.0768846e-01   3.9250032e-13   2.0768846e-01   1.0000000e+00   5.0301139e-03
   1.0000000e+03   4.4748708e+05   5.8393978e+00   1.6814534e+02   2.1221607e-14   1.7398474e+02   1.0000000e+00   4.9819610e-03
   1.0000000e+03   7.7441087e+05   2.5376035e-01   5.5303931e+00   8.4601219e-14   5.7841534e+00   1.0000000e+00   4.9737112e-03
   1.4413851e+07   1.5829558e+06   1.0000000e-01   3.3437442e-01   2.5762587e-13   4.3437442e-01   1.0000000e+00   4.9724868e-03
   1.4046913e+07   1.8443699e+06   1.0000000e-01   1.6609047e-01   3.3364018e-13   2.6609047e-01   1.0000000e+00   4.9565960e-03
   1.0000789e+03   3.5000281e+05   1.8790103e+01   6.5760333e+02   1.2576366e-14   6.7639343e+02   1.0000000e+00   4.9501226e-03
   1.0000917e+03   3.2823454e+05   1.9386893e+01   6.9928400e+02   1.2282903e-14   7.1867090e+02   1.0000000e+00   4.9345936e-03
   1.0853352e+03   4.9106390e+05   4.2742488e+00   9.7040013e+01   2.6322173e-14   1.0131426e+02   1.0000000e+00   4.9132611e-03
   1.0000772e+03   3.5208747e+05   1.8694779e+01   6.6571626e+02   1.2527955e-14   6.8441104e+02   1.0000000e+00   4.9048621e-03
   7.4802301e+06   2.1102046e+06   1.0003513e-01   1.0106730e-01   4.0132758e-13   2.0110242e-01   1.0000000e+00   4.9032071e-03
   1.0000000e+03   8.2067143e+05   4.9180203e-01   3.9744666e+00   9.5108677e-14   4.4662686e+00   1.0000000e+00   4.8943089e-03
   1.0000000e+03   3.7639736e+05   1.2917069e+01   3.2777811e+02   1.6358189e-14   3.4069518e+02   1.0000000e+00   4.8797034e-03
   1.0000007e+03   3.7468805e+05   1.2110118e+01   3.4836655e+02   1.5986555e-14   3.6047667e+02   1.0000000e+00   4.8770944e-03
   7.3507782e+06   2.0318060e+06   1.0000000e-01   1.3778545e-01   3.5776402e-13   2.3778545e-01   1.0000000e+00   4.8731376e-03
   1.0582186e+07   1.0547080e+06   1.0000000e-01   1.4130875e+00   1.5492387e-13   1.5130875e+00   1.0000000e+00   4.8580183e-03
   1.0283543e+07   1.3786393e+06   1.0000000e-01   5.1732765e-01   2.2002381e-13   6.1732765e-01   1.0000000e+00   4.8303193e-03
   1.0000000e+03   3.5569389e+05   1.3781858e+01   4.9612746e+02   1.3978603e-14   5.0990932e+02   1.0000000e+00   4.8259799e-03
   1.0000794e+03   3.0934829e+05   2.8309908e+01   9.8814012e+02   1.0803273e-14   1.0164500e+03   1.0000000e+00   4.8169105e-03
   1.0000000e+03   7.8306264e+05   2.7453536e-01   5.4065800e+00   8.5049614e-14   5.6811154e+00   1.0000000e+00   4.8073176e-03
   9.3333594e+06   1.5186038e+06   1.0000000e-01   5.2227027e-01   2.1969495e-13   6.2227027e-01   1.0000000e+00   4.7945734e-03
   1.0000000e+03   3.4007235e+05   1.8909311e+01   6.2166250e+02   1.2825517e-14   6.4057181e+02   1.0000000e+00   4.7861611e-03
   1.0000000e+03   6.2603199e+05   1.7384829e+00   3.2135302e+01   4.0762097e-14   3.3873785e+01   1.0000000e+00   4.7690432e-03
   1.0000000e+03   3.7635647e+05   1.1576269e+01   3.3421639e+02   1.6247969e-14   3.4579265e+02   1.0000000e+00   4.7571033e-03
   1.0000016e+03   6.6518219e+05   2.0623840e+00   2.4228202e+01   4.5392197e-14   2.6290586e+01   1.0000000e+00   4.7513874e-03
   1.0000000e+03   3.1433130e+05   2.1211349e+01   9.3114681e+02   1.1058237e-14   9.5235816e+02   1.0000000e+00   4.7450431e-03
   1.0000000e+03   3.5938073e+05   1.3507735e+01   5.0111020e+02   1.3929136e-14   5.1461794e+02   1.0000000e+00   4.7423357e-03
   1.0000357e+03   3.8058008e+05   1.4981812e+01   4.1066200e+02   1.4999280e-14   4.2564381e+02   1.0000000e+00   4.7264562e-03
   1.0000296e+03   3.1133321e+05   2.2486918e+01   9.2500842e+02   1.1081428e-14   9.4749534e+02   1.0000000e+00   4.7202042e-03
   1.0000000e+03   3.9291525e+05   1.3289610e+01   3.0630367e+02   1.6762816e-14   3.1959328e+02   1.0000000e+00   4.7150803e-03
   1.0000000e+03   3.8074069e+05   1.3623891e+01   3.6409170e+02   1.5698375e-14   3.7771559e+02   1.0000000e+00   4.7077502e-03
   1.0000000e+03   4.7480443e+05   6.4575610e+00   1.4947791e+02   2.2209550e-14   1.5593547e+02   1.0000000e+00   4.7040125e-03
   1.4769156e+07   1.5906746e+06   1.0000000e-01   3.8155830e-01   2.4578648e-13   4.8155830e-01   1.0000000e+00   4.6964850e-03
   8.5251828e+06   1.1629957e+06   1.0000000e-01   1.3511276e+00   1.5694671e-13   1.4511276e+00   1.0000000e+00   4.6961085e-03
   1.0000000e+03   8.1092807e+05   3.7010744e-01   3.9809130e+00   9.5676166e-14   4.3510205e+00   1.0000000e+00   4.6869062e-03
   1.0000000e+03   5.5084032e+05   2.9136710e+00   7.5505057e+01   2.9174727e-14   7.8418728e+01   1.0000000e+00   4.6862083e-03
   1.0000000e+03   5.6785689e+05   1.2582441e+00   5.7125118e+01   3.2934058e-14   5.8383362e+01   1.0000000e+00   4.6843055e-03
   1.0000005e+03   7.5975692e+05   1.2649386e+00   1.0900723e+01   6.2317481e-14   1.2165661e+01   1.0000000e+00   4.6760812e-03
   8.0253378e+06   2.0650568e+06   1.0000000e-01   1.1691837e-01   3.8014913e-13   2.1691837e-01   1.0000000e+00   4.6737293e-03
   1.0000804e+03   3.0935832e+05   2.8362390e+01   9.8676128e+02   1.0808612e-14   1.0151237e+03   1.0000000e+00   4.6664496e-03
   1.0000000e+03   3.4446664e+05   1.4660505e+01   5.1031384e+02   1.3838186e-14   5.2497435e+02   1.0000000e+00   4.6637719e-03
   1.4606105e+07   1.7548344e+06   1.0000000e-01   2.1262795e-01   3.0436659e-13   3.1262795e-01   1.0000000e+00   4.6584077e-03
   1.0000367e+03   3.4489583e+05   1.5018471e+01   5.4566406e+02   1.3486645e-14   5.6068253e+02   1.0000000e+00   4.6546357e-03
   1.0000000e+03   3.1246817e+05   2.2039416e+01   9.9813766e+02   1.0782744e-14   1.0201771e+03   1.0000000e+00   4.6295276e-03
   1.0000370e+03   3.1943011e+05   2.0760502e+01   8.8891499e+02   1.1246915e-14   9.0967549e+02   1.0000000e+00   4.6205037e-03
   1.0000011e+03   3.6121397e+05   1.4852095e+01   4.6851631e+02   1.4271172e-14   4.8336840e+02   1.0000000e+00   4.6164383e-03
   8.8042254e+06   2.0255389e+06   1.0000000e-01   1.2293454e-01   3.7307444e-13   2.2293454e-01   1.0000000e+00   4.6156133e-03
   1.0000000e+03   6.2268853e+05   1.3166000e+00   2.6968409e+01   4.3855655e-14   2.8285009e+01   1.0000000e+00   4.6144491e-03
   1.0000100e+03   3.5628733e+05   1.6008256e+01   4.9934363e+02   1.3928031e-14   5.1535188e+02   1.0000000e+00   4.6035749e-03
   1.0000000e+03   3.4386692e+05   1.3779523e+01   5.7917257e+02   1.3199529e-14   5.9295209e+02   1.0000000e+00   4.5753983e-03
   1.0000000e+03   3.5411356e+05   1.4702717e+01   5.3468498e+02   1.3587449e-14   5.4938769e+02   1.0000000e+00   4.5734290e-03
   1.0000000e+03   8.5324651e+05   4.5708839e-01   4.4865838e+00   8.9722099e-14   4.9436722e+00   1.0000000e+00   4.5654369e-03
   1.5686415e+07   1.5735377e+06   1.0000000e-01   3.8235711e-01   2.4548562e-13   4.8235711e-01   1.0000000e+00   4.5650018e-03
   1.0000000e+03   3.5998917e+05   1.3705309e+01   4.9672424e+02   1.3972967e-14   5.1042955e+02   1.0000000e+00   4.5529751e-03
   1.0000001e+03   4.4546176e+05   6.5260708e+00   1.7591059e+02   2.0834893e-14   1.8243666e+02   1.0000000e+00   4.5509853e-03
   1.5606254e+07   1.6377222e+06   1.0000000e-01   2.8564858e-01   2.7296289e-13   3.8564858e-01   1.0000000e+00   4.5219969e-03
   1.0150640e+07   1.1798969e+06   1.0000000e-01   1.1263154e+00   1.6705458e-13   1.2263154e+00   1.0000000e+00   4.5207124e-03
   7.8602903e+06   1.9810143e+06   1.0000000e-01   1.6161514e-01   3.3746810e-13   2.6161514e-01   1.0000000e+00   4.4849318e-03
   1.0000000e+03   5.4247829e+05   3.5262252e+00   8.2227642e+01   2.8166502e-14   8.5753867e+01   1.0000000e+00   4.4758616e-03
   1.0000000e+03   6.4438252e+05   1.9783611e+00   2.9255559e+01   4.2206884e-14   3.1233920e+01   1.0000000e+00   4.4729755e-03
   1.0000000e+03   3.9634421e+05   9.8401926e+00   2.6001179e+02   1.7894020e-14   2.6985198e+02   1.0000000e+00   4.4587728e-03
   1.0000000e+03   3.9507959e+05   1.0008860e+01   2.8014785e+02   1.7382573e-14   2.9015671e+02   1.0000000e+00   4.4418256e-03
   1.0000443e+03   3.7802161e+05   1.2097134e+01   4.0121843e+02   1.5151372e-14   4.1331556e+02   1.0000000e+00   4.4366306e-03
   1.0000000e+03   3.1354870e+05   2.1226078e+01   8.8784940e+02   1.1251763e-14   9.0907547e+02   1.0000000e+00   4.4359994e-03
   1.0000000e+03   4.1594261e+05   8.7501837e+00   2.2099021e+02   1.9045388e-14   2.2974040e+02   1.0000000e+00   4.4325402e-03
   1.0000000e+03   3.5963082e+05   1.2759225e+01   4.8110856e+02   1.4148630e-14   4.9386779e+02   1.0000000e+00   4.4194497e-03
   1.0159541e+07   1.3518552e+06   1.0000000e-01   5.6453041e-01   2.1322019e-13   6.6453041e-01   1.0000000e+00   4.4167781e-03
   1.5464647e+07   1.5975376e+06   1.0000000e-01   3.7515895e-01   2.4732372e-13   4.7515895e-01   1.0000000e+00   4.4034541e-03
   1.0000127e+03   4.2945913e+05   6.6220630e+00   1.8133596e+02   2.0598969e-14   1.8795803e+02   1.0000000e+00   4.4022363e-03
   1.0000047e+03   3.7999785e+05   1.5267232e+01   4.2235238e+02   1.4842797e-14   4.3761961e+02   1.0000000e+00   4.3834632e-03
   1.5224785e+07   1.5046183e+06   1.0000000e-01   5.6003031e-01   2.1462470e-13   6.6003031e-01   1.0000000e+00   4.3708338e-03
   1.6214203e+07   1.6660964e+06   1.0000000e-01   3.4827846e-01   2.5465939e-13   4.4827846e-01   1.0000000e+00   4.3627113e-03
   1.0000000e+03   3.9639802e+05   1.2355344e+01   3.3601307e+02   1.6200765e-14   3.4836841e+02   1.0000000e+00   4.3591576e-03
   1.0000000e+03   8.6098242e+05   1.7079541e-01   2.1221802e+00   1.2596152e-13   2.2929756e+00   1.0000000e+00   4.3591111e-03
   1.0000000e+03   3.5755179e+05   1.3308642e+01   4.9212784e+02   1.4024623e-14   5.0543648e+02   1.0000000e+00   4.3541859e-03
   9.0036887e+06   1.5006489e+06   1.0000000e-01   4.2484569e-01   2.3593005e-13   5.2484569e-01   1.0000000e+00   4.3501784e-03
   1.0000003e+03   3.3434943e+05   1.9358176e+01   7.2041355e+02   1.2147023e-14   7.3977173e+02   1.0000000e+00   4.3491834e-03
   1.0001285e+03   4.7204693e+05   6.5093915e+00   1.4349523e+02   2.2539847e-14   1.5000462e+02   1.0000000e+00   4.3216320e-03
   1.0000000e+03   3.9274183e+05   1.3302890e+01   3.0561445e+02   1.6777220e-14   3.1891734e+02   1.0000000e+00   4.3172546e-03
   7.7518837e+06   1.9851306e+06   1.0000049e-01   1.4635537e-01   3.4963182e-13   2.4635586e-01   1.0000000e+00   4.3023237e-03
   1.0000000e+03   3.1764905e+05   2.0496074e+01   9.0677516e+02   1.1167475e-14   9.2727123e+02   1.0000000e+00   4.2962011e-03
   1.0000003e+03   3.1579204e+05   2.2504698e+01   9.4219396e+02   1.1006545e-14   9.6469866e+02   1.0000000e+00   4.2866509e-03
   1.4764632e+07   1.7062159e+06   1.0000000e-01   2.1060593e-01   3.0568381e-13   3.1060593e-01   1.0000000e+00   4.2838117e-03
   1.0001233e+03   7.6577363e+05   2.8625070e-01   5.9030860e+00   8.2228609e-14   6.1893367e+00   1.0000000e+00   4.2817990e-03
   1.0275765e+03   7.7769738e+05   2.1111342e-01   6.9730863e+00   7.7368735e-14   7.1841997e+00   1.0000000e+00   4.2502810e-03
   1.0000000e+03   3.1433984e+05   2.1206163e+01   9.2246760e+02   1.1095741e-14   9.4367376e+02   1.0000000e+00   4.2476443e-03
   1.0001607e+03   4.8661239e+05   3.7366012e+00   1.1226093e+02   2.4908664e-14   1.1599753e+02   1.0000000e+00   4.2360401e-03
   1.6202488e+07   1.5959794e+06   1.0000341e-01   3.5934600e-01   2.5110688e-13   4.5934941e-01   1.0000000e+00   4.2323198e-03
   1.0000000e+03   3.6019904e+05   1.5806386e+01   4.0179641e+02   1.5129445e-14   4.1760279e+02   1.0000000e+00   4.2282994e-03
   1.0000000e+03   4.3169838e+05   6.9229946e+00   2.0009975e+02   1.9820955e-14   2.0702274e+02   1.0000000e+00   4.2243249e-03
   8.2218743e+06   2.0178000e+06   1.0000000e-01   1.2220388e-01   3.7379489e-13   2.2220388e-01   1.0000000e+00   4.2173974e-03
   1.0000002e+03   3.2959585e+05   1.8763606e+01   7.7701977e+02   1.1819277e-14   7.9578337e+02   1.0000000e+00   4.1910250e-03
   1.6551709e+07   1.5900017e+06   1.0000227e-01   3.0033684e-01   2.6807567e-13   4.0033911e-01   1.0000000e+00   4.1827716e-03
   7.5565249e+06   2.0852181e+06   1.0000000e-01   1.0655651e-01   3.9343626e-13   2.0655651e-01   1.0000000e+00   4.1775313e-03
   1.4078685e+07   1.8800204e+06   1.0000000e-01   1.6602114e-01   3.3370927e-13   2.6602114e-01   1.0000000e+00   4.1713184e-03
   1.0000000e+03   3.3098684e+05   1.9470952e+01   7.6818967e+02   1.1865470e-14   7.8766062e+02   1.0000000e+00   4.1581076e-03
   1.9136367e+05   9.2441691e+05   1.0000001e-01   1.8570260e+00   1.3459650e-13   1.9570260e+00   1.0000000e+00   4.1554075e-03
   9.4472743e+06   1.4880714e+06   1.0000000e-01   4.3302310e-01   2.3433561e-13   5.3302310e-01   1.0000000e+00   4.1518036e-03
   1.6140840e+07   1.6480551e+06   1.0000000e-01   2.9987179e-01   2.6820127e-13   3.9987179e-01   1.0000000e+00   4.1511849e-03
   1.0000000e+03   4.4048703e+05   6.0351017e+00   1.6217281e+02   2.1516903e-14   1.6820791e+02   1.0000000e+00   4.1428447e-03
   1.0000000e+03   3.7913961e+05   1.3679798e+01   3.4877281e+02   1.5957967e-14   3.6245261e+02   1.0000000e+00   4.1354003e-03
   1.0000091e+03   3.5490971e+05   1.5494950e+01   4.8067984e+02   1.4133633e-14   4.9617479e+02   1.0000000e+00   4.1337909e-03
   1.4930637e+07   1.7089341e+06   1.0023227e-01   2.0191406e-01   3.1064170e-13   3.0214633e-01   1.0000000e+00   4.1286877e-03
   1.0038378e+07   1.3557635e+06   1.0000000e-01   6.9733200e-01   1.9762118e-13   7.9733200e-01   1.0000000e+00   4.1112475e-03
   7.9616344e+06   2.0034463e+06   1.0000000e-01   1.2739989e-01   3.6798136e-13   2.2739989e-01   1.0000000e+00   4.1014897e-03
   1.5305831e+07   1.9515894e+06   1.0000000e-01   1.4838167e-01   3.4815901e-13   2.4838167e-01   1.0000000e+00   4.0994720e-03
   1.0000038e+03   3.7802159e+05   1.2150022e+01   4.0120227e+02   1.5151004e-14   4.1335230e+02   1.0000000e+00   4.0865446e-03
   1.0000000e+03   3.0612454e+05   2.0512983e+01   9.9101546e+02   1.0818743e-14   1.0115284e+03   1.0000000e+00   4.0544059e-03
   1.0000000e+03   4.2139169e+05   9.2134435e+00   2.8607761e+02   1.7297226e-14   2.9529106e+02   1.0000000e+00   4.0504964e-03
   8.4871121e+06   1.1857425e+06   1.0011669e-01   1.1208943e+00   1.6726295e-13   1.2210110e+00   1.0000000e+00   4.0440605e-03
   1.4187922e+07   1.8471698e+06   1.0000000e-01   1.4915707e-01   3.4756210e-13   2.4915707e-01   1.0000000e+00   4.0391344e-03
   1.0000000e+03   3.1755479e+05   2.0443505e+01   9.0357777e+02   1.1181894e-14   9.2402127e+02   1.0000000e+00   4.0390450e-03
   1.0000050e+03   3.1364262e+05   2.0403991e+01   9.6320432e+02   1.0927917e-14   9.8360831e+02   1.0000000e+00   4.0279166e-03
   1.0149361e+07   1.1906786e+06   1.0000000e-01   1.1574748e+00   1.6550277e-13   1.2574748e+00   1.0000000e+00   4.0226040e-03
   1.0038378e+07   1.3557635e+06   1.0000000e-01   5.7368255e-01   2.1192536e-13   6.7368255e-01   1.0000000e+00   4.0155097e-03
   1.0000000e+03   3.2876985e+05   1.8683960e+01   7.8146238e+02   1.1794962e-14   8.0014634e+02   1.0000000e+00   3.9965540e-03
   1.0105194e+07   1.1913966e+06   1.0000000e-01   1.1574462e+00   1.6550452e-13   1.2574462e+00   1.0000000e+00   3.9885846e-03
   1.0000000e+03   5.6596918e+05   1.1344058e+00   4.7098810e+01   3.5503318e-14   4.8233216e+01   1.0000000e+00   3.9787344e-03
   9.6469629e+06   1.4808596e+06   1.0000000e-01   4.2065310e-01   2.3685420e-13   5.2065310e-01   1.0000000e+00   3.9618213e-03
   1.4964249e+07   2.0082277e+06   1.0000000e-01   1.3719881e-01   3.5868577e-13   2.3719881e-01   1.0000000e+00   3.9553413e-03
   1.4371917e+07   1.8276841e+06   1.0000017e-01   1.9797149e-01   3.1267336e-13   2.9797166e-01   1.0000000e+00   3.9482321e-03
   1.0000067e+03   4.7288864e+05   5.7506304e+00   1.3909546e+02   2.2834176e-14   1.4484610e+02   1.0000000e+00   3.9462753e-03
   1.0000004e+03   3.2354902e+05   2.0904647e+01   8.7717307e+02   1.1302349e-14   8.9807772e+02   1.0000000e+00   3.9396504e-03
   9.5572429e+06   1.2562907e+06   1.0694097e-01   9.0749974e-01   1.8003702e-13   1.0144407e+00   1.0000000e+00   3.9350140e-03
   1.5493709e+07   1.6333062e+06   1.0000000e-01   3.4414631e-01   2.5526607e-13   4.4414631e-01   1.0000000e+00   3.9258164e-03
   1.0000000e+03   3.6736225e+05   1.1889082e+01   3.4216051e+02   1.6122745e-14   3.5404959e+02   1.0000000e+00   3.9210682e-03
   1.0033312e+07   1.3562561e+06   1.0000000e-01   5.4771675e-01   2.1558429e-13   6.4771676e-01   1.0000000e+00   3.9145213e-03
   8.7920356e+06   1.1643258e+06   1.0000000e-01   1.2174292e+00   1.6258628e-13   1.3174292e+00   1.0000000e+00   3.9107172e-03
   1.0000000e+03   3.4142434e+05   1.7528300e+01   5.8468546e+02   1.3128744e-14   6.0221376e+02   1.0000000e+00   3.9097943e-03
   1.0203231e+07   1.0911810e+06   1.0000000e-01   1.5516707e+00   1.4972849e-13   1.6516707e+00   1.0000000e+00   3.8900483e-03
   1.0249697e+07   1.3551589e+06   1.1048815e-01   6.8297822e-01   1.9903958e-13   7.9346637e-01   1.0000000e+00   3.8823763e-03
