   1.8179141e+07   2.0866763e+06   1.0000000e-01   1.0000000e-01   4.0565625e-13   2.0000000e-01   1.0000000e+00             Inf
   1.5040620e+07   8.0492105e+04   8.5687759e+02   1.0000000e+03   2.5489441e-14   1.8568776e+03   1.0000000e+00             Inf
   1.9959235e+07   8.0535280e+04   2.1622292e+02   1.0000000e+03   2.5489656e-14   1.2162229e+03   1.0000000e+00   1.1863544e-01
   1.5469033e+07   8.0509382e+04   4.0587879e+02   1.0000000e+03   2.5489654e-14   1.4058788e+03   1.0000000e+00   1.0442321e-01
   1.5205065e+07   8.0489591e+04   7.6176546e+02   9.9999984e+02   2.5489464e-14   1.7617653e+03   1.0000000e+00   5.9970073e-02
   1.5123387e+07   8.0491491e+04   7.4553279e+02   9.9999985e+02   2.5489472e-14   1.7455326e+03   1.0000000e+00   3.8858533e-02
   1.4920561e+07   8.0501777e+04   6.2770501e+02   1.0000000e+03   2.5489525e-14   1.6277050e+03   1.0000000e+00   3.3229860e-02
   1.5595123e+07   8.0493906e+04   6.8961758e+02   1.0000000e+03   2.5489472e-14   1.6896176e+03   1.0000000e+00   3.3114099e-02
   1.5021473e+07   8.0564308e+04   5.6114934e+02   1.0000000e+03   2.5489559e-14   1.5611493e+03   1.0000000e+00   2.2911723e-02
   1.5100073e+07   8.0541296e+04   4.9562757e+02   1.0000000e+03   2.5489596e-14   1.4956276e+03   1.0000000e+00   2.2574748e-02
   1.5326851e+07   8.0578461e+04   5.8752790e+02   1.0000000e+03   2.5489532e-14   1.5875279e+03   1.0000000e+00   2.1644653e-02
   1.5266715e+07   8.0495870e+04   6.8405051e+02   1.0000000e+03   2.5489487e-14   1.6840505e+03   1.0000000e+00   2.1540599e-02
   1.5522407e+07   8.0491562e+04   6.4962372e+02   1.0000000e+03   2.5489491e-14   1.6496237e+03   1.0000000e+00   1.8756995e-02
   1.5416684e+07   8.0533043e+04   4.6540685e+02   1.0000000e+03   2.5489603e-14   1.4654069e+03   1.0000000e+00   1.6751579e-02
   1.7453608e+07   1.9309533e+05   2.6203222e+00   2.0303812e+02   3.8023651e-14   2.0565844e+02   1.0000000e+00   1.6553682e-02
   2.0000000e+07   8.0534702e+04   1.8561142e+02   1.0000000e+03   2.5489734e-14   1.1856114e+03   1.0000000e+00   1.6487606e-02
   1.7654038e+07   1.7571736e+05   6.4534283e+00   2.4932167e+02   3.6086428e-14   2.5577510e+02   1.0000000e+00   1.6260170e-02
   1.7441517e+07   1.5977791e+05   2.9995409e+00   2.2113526e+02   3.7174598e-14   2.2413480e+02   1.0000000e+00   1.5848442e-02
   1.8182706e+07   1.8118132e+06   1.0000000e-01   1.1575622e-01   3.8723582e-13   2.1575622e-01   1.0000000e+00   1.5517131e-02
   1.8201449e+07   1.8241472e+06   1.0004532e-01   1.0675266e-01   3.9986490e-13   2.0679798e-01   1.0000000e+00   1.5499756e-02
   1.8181173e+07   2.0870830e+06   1.0000000e-01   1.1688648e-01   3.8319297e-13   2.1688648e-01   1.0000000e+00   1.4879869e-02
   1.5014248e+07   8.0580735e+04   5.3573425e+02   1.0000000e+03   2.5489577e-14   1.5357342e+03   1.0000000e+00   1.4163319e-02
   1.8203230e+07   1.8799083e+06   1.0000152e-01   1.0820398e-01   3.9595730e-13   2.0820550e-01   1.0000000e+00   1.3623497e-02
   1.9795908e+07   7.9784579e+04   2.2313439e+01   1.0000000e+03   2.5494441e-14   1.0223134e+03   1.0000000e+00   1.2886462e-02
   2.0000000e+07   8.0535302e+04   1.6946732e+02   1.0000000e+03   2.5489788e-14   1.1694673e+03   1.0000000e+00   1.2186275e-02
   1.5544855e+07   8.0457060e+04   6.4922485e+02   1.0000000e+03   2.5489492e-14   1.6492248e+03   1.0000000e+00   1.1805433e-02
   1.6929846e+07   1.5656182e+05   1.8467710e+00   2.6713117e+02   3.5477450e-14   2.6897794e+02   1.0000000e+00   1.1723517e-02
   1.8180715e+07   1.6886109e+06   1.0000000e-01   2.8590119e-01   2.7552810e-13   3.8590119e-01   1.0000000e+00   1.1635708e-02
   1.8279327e+07   1.5316993e+06   1.0000000e-01   4.2003034e-01   2.3972513e-13   5.2003034e-01   1.0000000e+00   1.1591290e-02
   1.8269159e+07   1.2314144e+06   1.0000000e-01   8.4299034e-01   1.8757863e-13   9.4299034e-01   1.0000000e+00   1.1141070e-02
   1.7357780e+07   1.6767620e+05   1.8058013e+00   2.4143191e+02   3.6388548e-14   2.4323771e+02   1.0000000e+00   1.1011729e-02
   1.8231418e+07   1.5125866e+06   1.0000000e-01   2.7995909e-01   2.7864594e-13   3.7995909e-01   1.0000000e+00   1.0849504e-02
   1.4918981e+07   8.0577975e+04   5.7827382e+02   1.0000000e+03   2.5489555e-14   1.5782738e+03   1.0000000e+00   1.0795056e-02
   1.5192227e+07   9.0023327e+04   4.6986540e+00   7.8677050e+02   2.7087813e-14   7.9146915e+02   1.0000000e+00   1.0762284e-02
   1.8168850e+07   1.3332801e+06   1.0006263e-01   6.3004396e-01   2.0756178e-13   7.3010659e-01   1.0000000e+00   1.0656703e-02
   1.8236945e+07   1.5069596e+06   1.0000000e-01   3.6031914e-01   2.5325129e-13   4.6031914e-01   1.0000000e+00   1.0562156e-02
   1.4452020e+07   9.6866191e+04   7.0237002e+00   7.3096882e+02   2.7580978e-14   7.3799252e+02   1.0000000e+00   1.0554348e-02
   1.8304413e+07   1.3451983e+06   1.0021774e-01   5.1396562e-01   2.2339160e-13   6.1418336e-01   1.0000000e+00   1.0520634e-02
   1.7748248e+07   4.9271450e+05   5.4516382e-01   1.7127249e+01   7.2380737e-14   1.7672413e+01   1.0000000e+00   1.0478112e-02
   1.8284717e+07   8.8398097e+05   1.6922248e-01   3.1833648e+00   1.1991371e-13   3.3525872e+00   1.0000000e+00   1.0410829e-02
   1.8181697e+07   1.8132677e+06   1.0000000e-01   1.5691240e-01   3.4333859e-13   2.5691240e-01   1.0000000e+00   1.0224271e-02
   1.8203976e+07   1.8564081e+06   1.0000152e-01   1.0476843e-01   4.0184909e-13   2.0476995e-01   1.0000000e+00   1.0202845e-02
   1.9817838e+07   8.0495370e+04   3.8752208e+01   1.0000000e+03   2.5491924e-14   1.0387522e+03   1.0000000e+00   1.0180000e-02
   1.5029121e+07   9.4489712e+04   6.9609605e+00   7.7129398e+02   2.7215498e-14   7.7825494e+02   1.0000000e+00   1.0163768e-02
   1.6966436e+07   1.1100155e+05   1.5213079e+00   5.0863076e+02   3.0246916e-14   5.1015206e+02   1.0000000e+00   1.0157040e-02
   1.7923049e+07   9.3346599e+05   1.0000000e-01   2.6991599e+00   1.2766135e-13   2.7991599e+00   1.0000000e+00   1.0122383e-02
   1.8240480e+07   1.5392899e+06   1.0000000e-01   2.2301404e-01   3.0426664e-13   3.2301404e-01   1.0000000e+00   1.0119315e-02
   1.4021805e+07   9.9141111e+04   3.2138709e+00   6.1526155e+02   2.8825516e-14   6.1847542e+02   1.0000000e+00   1.0114510e-02
   1.7237702e+07   9.9916426e+04   7.1977997e+00   5.9805295e+02   2.8981142e-14   6.0525075e+02   1.0000000e+00   1.0081689e-02
   1.8291740e+07   1.2385784e+06   1.0001196e-01   8.8387936e-01   1.8448330e-13   9.8389133e-01   1.0000000e+00   1.0078160e-02
   1.8290911e+07   9.1748354e+05   1.0000000e-01   2.5096980e+00   1.3059020e-13   2.6096980e+00   1.0000000e+00   9.8787164e-03
   1.8235533e+07   1.5072592e+06   1.0000000e-01   4.3292907e-01   2.3707842e-13   5.3292907e-01   1.0000000e+00   9.8075871e-03
   1.8340299e+07   8.2078293e+05   2.0432312e-01   4.4025142e+00   1.0811874e-13   4.6068373e+00   1.0000000e+00   9.7544852e-03
   1.8309189e+07   9.3292436e+05   1.6667033e-01   2.9813318e+00   1.2248028e-13   3.1480021e+00   1.0000000e+00   9.7413137e-03
   1.8310455e+07   1.1066324e+06   1.0000000e-01   1.7559314e+00   1.4681196e-13   1.8559314e+00   1.0000000e+00   9.6668286e-03
   1.8075633e+07   6.7938782e+05   3.7062692e-01   7.5993882e+00   9.1232724e-14   7.9700151e+00   1.0000000e+00   9.5415872e-03
   1.9137272e+07   8.0451727e+04   8.1125794e+00   9.9037459e+02   2.5564439e-14   9.9848717e+02   1.0000000e+00   9.4311759e-03
   1.4620222e+07   1.0470826e+05   4.9745004e+00   5.8329087e+02   2.9172710e-14   5.8826537e+02   1.0000000e+00   9.3874532e-03
   1.5015219e+07   8.9967252e+04   4.7018471e+00   7.4455069e+02   2.7468476e-14   7.4925253e+02   1.0000000e+00   9.2763990e-03
   1.7190015e+07   1.1142540e+05   3.1395595e+00   4.1541511e+02   3.1838473e-14   4.1855467e+02   1.0000000e+00   9.2158653e-03
   1.8289659e+07   9.2589928e+05   1.0000000e-01   2.2760366e+00   1.3484194e-13   2.3760366e+00   1.0000000e+00   9.1738174e-03
   1.8305823e+07   1.3390874e+06   1.0021767e-01   5.3360623e-01   2.2037289e-13   6.3382390e-01   1.0000000e+00   9.1635096e-03
   1.8183668e+07   1.8147982e+06   1.0000000e-01   1.1433763e-01   3.8909155e-13   2.1433763e-01   1.0000000e+00   9.0608959e-03
   1.8188182e+07   6.3808722e+05   3.1437543e-01   8.6398637e+00   8.8068425e-14   8.9542391e+00   1.0000000e+00   9.0290590e-03
   1.8200543e+07   6.5223903e+05   3.0669980e-01   6.6168756e+00   9.5653887e-14   6.9235754e+00   1.0000000e+00   8.9279500e-03
   1.8074519e+07   6.9778060e+05   3.8350164e-01   7.9360425e+00   9.0043978e-14   8.3195441e+00   1.0000000e+00   8.8535506e-03
   1.8374820e+07   8.0798674e+05   1.5221124e-01   5.1598601e+00   1.0359678e-13   5.3120713e+00   1.0000000e+00   8.8413725e-03
   2.0000000e+07   8.0534579e+04   1.8560750e+02   1.0000000e+03   2.5489734e-14   1.1856075e+03   1.0000000e+00   8.6951401e-03
   1.4708601e+07   8.3801620e+04   7.6599518e+00   9.4496347e+02   2.5875202e-14   9.5262342e+02   1.0000000e+00   8.6803825e-03
   1.8304248e+07   9.8144337e+05   1.0946207e-01   2.3197530e+00   1.3359953e-13   2.4292150e+00   1.0000000e+00   8.6465877e-03
   1.7897702e+07   9.0084765e+05   1.6599433e-01   2.7549110e+00   1.2570533e-13   2.9209053e+00   1.0000000e+00   8.6201145e-03
   1.7069681e+07   3.6614001e+05   8.7323385e-01   4.4597780e+01   5.5926757e-14   4.5471014e+01   1.0000000e+00   8.6100961e-03
   1.8305713e+07   9.0833624e+05   1.6558492e-01   2.8981903e+00   1.2355790e-13   3.0637752e+00   1.0000000e+00   8.6055640e-03
   1.8296564e+07   1.3481492e+06   1.0000000e-01   6.6486663e-01   2.0365157e-13   7.6486663e-01   1.0000000e+00   8.5914394e-03
   1.8242491e+07   1.4808932e+06   1.0000000e-01   4.1096471e-01   2.4148055e-13   5.1096471e-01   1.0000000e+00   8.5409325e-03
   1.8176509e+07   1.7962373e+06   1.0000091e-01   1.5954231e-01   3.4134009e-13   2.5954321e-01   1.0000000e+00   8.5321862e-03
   1.9991105e+07   7.9633280e+04   2.2382225e+01   9.9057702e+02   2.5555065e-14   1.0129592e+03   1.0000000e+00   8.5002257e-03
   1.8232349e+07   1.1981238e+06   1.0000081e-01   1.0563561e+00   1.7359682e-13   1.1563569e+00   1.0000000e+00   8.5000117e-03
   1.8273592e+07   9.5137882e+05   1.2395221e-01   1.6578637e+00   1.4977144e-13   1.7818159e+00   1.0000000e+00   8.4609670e-03
   1.8173224e+07   1.8535411e+06   1.0000000e-01   2.1054370e-01   3.0863198e-13   3.1054370e-01   1.0000000e+00   8.4383668e-03
   1.8158139e+07   1.8625166e+06   1.0000002e-01   1.7062513e-01   3.3262517e-13   2.7062514e-01   1.0000000e+00   8.4382267e-03
   1.7871163e+07   5.4643442e+05   6.8771982e-01   2.2116822e+01   6.7722303e-14   2.2804542e+01   1.0000000e+00   8.4351175e-03
   1.8201082e+07   1.8994919e+06   1.0000000e-01   1.2095003e-01   3.7850844e-13   2.2095003e-01   1.0000000e+00   8.4269982e-03
   1.8171238e+07   1.8675494e+06   1.0000000e-01   1.2736671e-01   3.7144042e-13   2.2736671e-01   1.0000000e+00   8.3693378e-03
   1.7709018e+07   2.7610996e+05   1.1709421e+00   6.0314369e+01   5.1890556e-14   6.1485311e+01   1.0000000e+00   8.3062307e-03
   1.7264018e+07   1.1582636e+05   3.2781427e+00   4.0691342e+02   3.1956657e-14   4.1019156e+02   1.0000000e+00   8.3039721e-03
   1.9545500e+07   8.0571309e+04   1.4943335e+02   1.0000000e+03   2.5489913e-14   1.1494334e+03   1.0000000e+00   8.2955213e-03
   1.8341308e+07   7.9037375e+05   1.0412535e-01   4.9383898e+00   1.0578615e-13   5.0425152e+00   1.0000000e+00   8.2916282e-03
   1.7411910e+07   1.1633282e+05   4.8761493e+00   5.2515571e+02   2.9947048e-14   5.3003186e+02   1.0000000e+00   8.2530363e-03
   1.8180921e+07   1.8095541e+06   1.0110366e-01   1.9805030e-01   3.1485894e-13   2.9915396e-01   1.0000000e+00   8.2488222e-03
   1.8171038e+07   1.8435996e+06   1.0024915e-01   1.2615348e-01   3.7326879e-13   2.2640263e-01   1.0000000e+00   8.2468188e-03
   1.4774220e+07   1.1000656e+05   5.2277668e+00   5.7226968e+02   2.9317501e-14   5.7749745e+02   1.0000000e+00   8.2262246e-03
   1.8203446e+07   1.8510035e+06   1.0000000e-01   1.2286605e-01   3.7703651e-13   2.2286605e-01   1.0000000e+00   8.2167680e-03
   1.8242525e+07   1.5248691e+06   1.0561194e-01   3.1330841e-01   2.6652919e-13   4.1892035e-01   1.0000000e+00   8.1902498e-03
   1.8273648e+07   9.9037506e+05   1.0180874e-01   1.9183488e+00   1.4232759e-13   2.0201576e+00   1.0000000e+00   8.1775422e-03
   1.8280081e+07   2.8291243e+05   6.8218972e-01   4.2900505e+01   5.7542820e-14   4.3582695e+01   1.0000000e+00   8.1620193e-03
   1.8200781e+07   1.8449026e+06   1.0001753e-01   1.0381348e-01   4.0374308e-13   2.0383101e-01   1.0000000e+00   8.1474354e-03
   1.8274894e+07   1.0047366e+06   1.0000000e-01   2.1562698e+00   1.3705170e-13   2.2562698e+00   1.0000000e+00   8.1402875e-03
   1.8175539e+07   2.0965121e+06   1.0001572e-01   1.1957576e-01   3.8023951e-13   2.1959148e-01   1.0000000e+00   8.0796405e-03
   1.8307070e+07   1.2891978e+06   1.0000484e-01   5.9696649e-01   2.1199104e-13   6.9697132e-01   1.0000000e+00   8.0775825e-03
   1.5216357e+07   9.0617187e+04   4.8084048e+00   7.9255998e+02   2.7037636e-14   7.9736838e+02   1.0000000e+00   8.0680134e-03
   1.4971573e+07   1.0148608e+05   3.7332896e+00   5.5410856e+02   2.9584377e-14   5.5784185e+02   1.0000000e+00   8.0668427e-03
   1.7463593e+07   1.0784433e+05   2.5636363e+00   5.3717218e+02   2.9792364e-14   5.3973581e+02   1.0000000e+00   7.9700251e-03
   1.8161199e+07   1.8462069e+06   1.0023766e-01   1.3419095e-01   3.6428061e-13   2.3442861e-01   1.0000000e+00   7.9654784e-03
   1.4579157e+07   1.0665298e+05   5.1000681e+00   5.4248355e+02   2.9704458e-14   5.4758362e+02   1.0000000e+00   7.9623156e-03
   1.8172883e+07   1.8224843e+06   1.0000000e-01   2.2352785e-01   3.0184582e-13   3.2352785e-01   1.0000000e+00   7.9550082e-03
   1.7688829e+07   1.8304681e+05   8.8180741e+00   1.7526416e+02   3.9331639e-14   1.8408224e+02   1.0000000e+00   7.9518627e-03
   1.8181642e+07   1.8103016e+06   1.0000000e-01   1.6090001e-01   3.4009575e-13   2.6090001e-01   1.0000000e+00   7.9465246e-03
   1.8277228e+07   1.2161295e+06   1.0000000e-01   9.3825291e-01   1.8074956e-13   1.0382529e+00   1.0000000e+00   7.9438696e-03
   1.8203881e+07   1.8551481e+06   1.0000000e-01   1.1145753e-01   3.9191994e-13   2.1145753e-01   1.0000000e+00   7.9236804e-03
   1.4680941e+07   9.8692850e+04   4.8509609e+00   6.4816110e+02   2.8421499e-14   6.5301206e+02   1.0000000e+00   7.9187779e-03
   1.9340472e+07   8.6139303e+04   5.0370527e+00   8.9093306e+02   2.6251127e-14   8.9597012e+02   1.0000000e+00   7.9075870e-03
   1.8315660e+07   9.8210634e+05   1.1163307e-01   2.0455786e+00   1.3910110e-13   2.1572117e+00   1.0000000e+00   7.8861400e-03
   1.8276748e+07   1.2410002e+06   1.2860342e-01   1.3396353e+00   1.6073679e-13   1.4682387e+00   1.0000000e+00   7.8555130e-03
   1.8296490e+07   1.1922999e+06   1.2259816e-01   1.3984578e+00   1.5796917e-13   1.5210560e+00   1.0000000e+00   7.8502570e-03
   1.8240507e+07   1.5232746e+06   1.0000000e-01   3.5510817e-01   2.5452611e-13   4.5510817e-01   1.0000000e+00   7.8019330e-03
   1.4889096e+07   9.1588984e+04   4.7943549e+00   8.2661552e+02   2.6768284e-14   8.3140988e+02   1.0000000e+00   7.8017512e-03
   1.8245967e+07   1.5054814e+06   1.0108542e-01   4.0375614e-01   2.4296899e-13   5.0484156e-01   1.0000000e+00   7.7933818e-03
   1.8175820e+07   2.0456811e+06   1.0000000e-01   1.1792675e-01   3.8157943e-13   2.1792675e-01   1.0000000e+00   7.7703345e-03
   1.8181377e+07   1.8013580e+06   1.0114378e-01   2.1317328e-01   3.0661625e-13   3.1431706e-01   1.0000000e+00   7.7381625e-03
   1.8243583e+07   1.4939962e+06   1.0095342e-01   3.4950422e-01   2.5621531e-13   4.5045764e-01   1.0000000e+00   7.7114577e-03
   1.8172585e+07   1.3525634e+06   1.0000000e-01   7.1839703e-01   1.9840360e-13   8.1839703e-01   1.0000000e+00   7.7054408e-03
   1.4783271e+07   1.0286236e+05   4.4366178e+00   7.0991551e+02   2.7831766e-14   7.1435213e+02   1.0000000e+00   7.6904818e-03
   1.7527316e+07   1.1352003e+05   2.4875749e+00   5.0088953e+02   3.0313832e-14   5.0337710e+02   1.0000000e+00   7.6406331e-03
   1.7533967e+07   1.3770038e+05   3.4788802e+00   3.5707704e+02   3.2958212e-14   3.6055592e+02   1.0000000e+00   7.6290346e-03
   1.4819208e+07   9.8629065e+04   4.6820441e+00   6.8349874e+02   2.8052032e-14   6.8818078e+02   1.0000000e+00   7.6262275e-03
   1.8115134e+07   6.3048531e+05   5.6410914e-01   8.9244436e+00   8.6850791e-14   9.4885527e+00   1.0000000e+00   7.6244769e-03
   1.8169877e+07   1.8731146e+06   1.0024921e-01   1.3795701e-01   3.6007553e-13   2.3820622e-01   1.0000000e+00   7.6233063e-03
   1.4830362e+07   1.0071807e+05   4.4800331e+00   6.4088537e+02   2.8503305e-14   6.4536540e+02   1.0000000e+00   7.5770538e-03
   1.8226622e+07   2.3385641e+05   1.8728886e+00   9.6811223e+01   4.5800841e-14   9.8684112e+01   1.0000000e+00   7.5543014e-03
   1.8432372e+07   1.2395427e+05   2.7913462e+00   4.0123446e+02   3.2020487e-14   4.0402580e+02   1.0000000e+00   7.5539667e-03
   1.9603480e+07   8.0555159e+04   9.5376286e+01   1.0000000e+03   2.5490320e-14   1.0953763e+03   1.0000000e+00   7.5356165e-03
   1.9361831e+07   7.5760299e+04   4.7779996e+00   9.7226895e+02   2.5724368e-14   9.7704695e+02   1.0000000e+00   7.5129437e-03
   1.8235766e+07   1.5069116e+06   1.0000000e-01   4.3860330e-01   2.3600041e-13   5.3860330e-01   1.0000000e+00   7.5015568e-03
   1.8110028e+07   7.0756451e+05   5.5291263e-01   9.5429751e+00   8.5403612e-14   1.0095888e+01   1.0000000e+00   7.4884424e-03
   1.7565535e+07   4.1376834e+05   8.9162788e-01   3.3106196e+01   6.0403300e-14   3.3997823e+01   1.0000000e+00   7.4861834e-03
   1.8244138e+07   1.5066013e+06   1.0000000e-01   4.7088421e-01   2.3028376e-13   5.7088421e-01   1.0000000e+00   7.4817352e-03
   1.8281949e+07   9.0611324e+05   1.7257785e-01   3.2975358e+00   1.1858838e-13   3.4701137e+00   1.0000000e+00   7.4517058e-03
   1.8244865e+07   1.5240092e+06   1.0009478e-01   5.5918390e-01   2.1786889e-13   6.5927867e-01   1.0000000e+00   7.4471123e-03
   1.8186927e+07   1.7756437e+06   1.0000032e-01   1.1420045e-01   3.9068016e-13   2.1420078e-01   1.0000000e+00   7.4414176e-03
   1.8219346e+07   2.3415412e+05   1.8800767e+00   9.4210802e+01   4.6140412e-14   9.6090879e+01   1.0000000e+00   7.4287749e-03
   1.7123530e+07   4.2566782e+05   9.7845599e-01   1.9020277e+01   7.0763448e-14   1.9998733e+01   1.0000000e+00   7.4155596e-03
   1.8216552e+07   1.3600701e+06   1.0000000e-01   4.8760911e-01   2.2766210e-13   5.8760911e-01   1.0000000e+00   7.3938033e-03
   1.8108590e+07   6.1373645e+05   5.9063304e-01   1.2898003e+01   7.8167491e-14   1.3488637e+01   1.0000000e+00   7.3403492e-03
   1.8185212e+07   1.8228567e+06   1.0000000e-01   1.6302678e-01   3.3831980e-13   2.6302678e-01   1.0000000e+00   7.3246907e-03
   1.8294510e+07   1.2068015e+06   1.2287299e-01   1.3626755e+00   1.5943700e-13   1.4855485e+00   1.0000000e+00   7.3084472e-03
   1.8203761e+07   1.8552458e+06   1.0000000e-01   1.1021797e-01   3.9369166e-13   2.1021797e-01   1.0000000e+00   7.2776261e-03
   1.9997579e+07   8.0547597e+04   1.3625178e+02   1.0000000e+03   2.5489939e-14   1.1362518e+03   1.0000000e+00   7.2706902e-03
   1.8354033e+07   7.2269936e+05   3.0659931e-01   5.6895478e+00   9.9666847e-14   5.9961471e+00   1.0000000e+00   7.2646635e-03
   1.9891618e+07   8.0554257e+04   8.7153072e+01   9.9999999e+02   2.5490388e-14   1.0871531e+03   1.0000000e+00   7.2476241e-03
   1.8242075e+07   1.4976900e+06   1.0000000e-01   3.1016222e-01   2.6807100e-13   4.1016222e-01   1.0000000e+00   7.2415756e-03
   1.4833626e+07   9.8797418e+04   4.7594476e+00   6.5456801e+02   2.8351670e-14   6.5932746e+02   1.0000000e+00   7.2301349e-03
   1.8267358e+07   1.5494829e+06   1.0000000e-01   3.7097507e-01   2.5051398e-13   4.7097507e-01   1.0000000e+00   7.2240935e-03
   1.8320755e+07   9.4319350e+05   1.1291513e-01   1.8372166e+00   1.4466925e-13   1.9501317e+00   1.0000000e+00   7.1808725e-03
   1.8231535e+07   1.2876940e+06   1.0050886e-01   7.6402467e-01   1.9401003e-13   8.6453353e-01   1.0000000e+00   7.1373373e-03
   1.7761632e+07   5.6024134e+05   5.9911424e-01   1.3976731e+01   7.6382098e-14   1.4575845e+01   1.0000000e+00   7.1223220e-03
   1.8243585e+07   1.4939800e+06   1.0000000e-01   4.6169433e-01   2.3175041e-13   5.6169433e-01   1.0000000e+00   7.1181168e-03
   1.4616621e+07   1.0470841e+05   4.9673421e+00   5.8891408e+02   2.9103427e-14   5.9388142e+02   1.0000000e+00   7.1026056e-03
   1.8246193e+07   1.4942806e+06   1.0000000e-01   3.3048359e-01   2.6169836e-13   4.3048359e-01   1.0000000e+00   7.0888484e-03
   1.7639771e+07   1.4091867e+05   5.4672510e+00   3.4922267e+02   3.3128207e-14   3.5468992e+02   1.0000000e+00   7.0785588e-03
   1.5045988e+07   8.0575906e+04   5.2889995e+02   1.0000000e+03   2.5489579e-14   1.5289000e+03   1.0000000e+00   7.0582522e-03
   1.8299504e+07   1.3430859e+06   1.0000000e-01   6.8050303e-01   2.0200990e-13   7.8050303e-01   1.0000000e+00   7.0353196e-03
   1.8168136e+07   1.8710986e+06   1.0000000e-01   1.6914673e-01   3.3371395e-13   2.6914673e-01   1.0000000e+00   7.0255409e-03
   1.7720276e+07   5.9905911e+05   6.8940613e-01   1.5797939e+01   7.4027898e-14   1.6487345e+01   1.0000000e+00   7.0059752e-03
   1.7156038e+07   1.1045176e+05   6.1056581e+00   4.8066597e+02   3.0605177e-14   4.8677163e+02   1.0000000e+00   6.9985166e-03
   1.9809164e+07   8.0566265e+04   1.0114351e+02   1.0000000e+03   2.5490231e-14   1.1011435e+03   1.0000000e+00   6.9914654e-03
   1.7157076e+07   1.1823512e+05   3.1799742e+00   4.7656926e+02   3.0681055e-14   4.7974923e+02   1.0000000e+00   6.9866669e-03
   1.8242491e+07   1.4808933e+06   1.0000000e-01   3.2061470e-01   2.6495948e-13   4.2061470e-01   1.0000000e+00   6.9706448e-03
   1.8250000e+07   1.5202734e+06   1.0000099e-01   3.0550165e-01   2.6927945e-13   4.0550264e-01   1.0000000e+00   6.9473617e-03
   1.8241823e+07   1.5306617e+06   1.0000000e-01   2.9492485e-01   2.7277867e-13   3.9492485e-01   1.0000000e+00   6.9255202e-03
   1.8477659e+07   2.2848210e+05   1.9131081e+00   1.0299711e+02   4.5074334e-14   1.0491022e+02   1.0000000e+00   6.9131178e-03
   1.8497099e+07   2.2897228e+05   1.9781899e+00   1.2861863e+02   4.2576360e-14   1.3059682e+02   1.0000000e+00   6.9130012e-03
   1.8216165e+07   1.3467716e+06   1.0000023e-01   4.8163198e-01   2.2891018e-13   5.8163220e-01   1.0000000e+00   6.9050696e-03
   1.7378307e+07   1.1443382e+05   2.4397395e+00   5.1856768e+02   3.0062384e-14   5.2100742e+02   1.0000000e+00   6.8810003e-03
   1.8277338e+07   1.4802301e+06   1.0000026e-01   3.4566939e-01   2.5745582e-13   4.4566965e-01   1.0000000e+00   6.8670928e-03
   1.8321530e+07   1.2246605e+06   1.0908559e-01   1.0762930e+00   1.7236971e-13   1.1853786e+00   1.0000000e+00   6.8364784e-03
   1.7741004e+07   1.3867595e+05   5.4132371e+00   3.4345154e+02   3.3255407e-14   3.4886477e+02   1.0000000e+00   6.8204477e-03
   1.8157553e+07   1.8126683e+06   1.0001128e-01   1.7357845e-01   3.3050692e-13   2.7358973e-01   1.0000000e+00   6.8200182e-03
   1.8233186e+07   1.2644369e+06   1.0046849e-01   7.0277083e-01   1.9994437e-13   8.0323932e-01   1.0000000e+00   6.7979039e-03
   1.5384127e+07   8.0588365e+04   4.3910542e+02   1.0000000e+03   2.5489633e-14   1.4391054e+03   1.0000000e+00   6.7271469e-03
   1.8241305e+07   1.5254384e+06   1.0060542e-01   2.6098506e-01   2.8611924e-13   3.6159048e-01   1.0000000e+00   6.7260571e-03
   1.8321625e+07   1.2052446e+06   1.0000000e-01   1.1049706e+00   1.7100777e-13   1.2049706e+00   1.0000000e+00   6.7224405e-03
   1.7548962e+07   2.0558239e+05   3.0090937e+00   1.4903748e+02   4.0990854e-14   1.5204657e+02   1.0000000e+00   6.7185833e-03
   1.8180966e+07   1.7813250e+06   1.0000000e-01   2.0089040e-01   3.1316321e-13   3.0089040e-01   1.0000000e+00   6.6736419e-03
   1.7460784e+07   2.1926762e+05   4.6251350e+00   1.5302987e+02   4.0754855e-14   1.5765500e+02   1.0000000e+00   6.6707930e-03
   1.4681190e+07   9.8689672e+04   4.5515301e+00   7.2599887e+02   2.7651505e-14   7.3055040e+02   1.0000000e+00   6.6696165e-03
   1.8089315e+07   6.9976859e+05   3.9752051e-01   6.9812001e+00   9.3478733e-14   7.3787206e+00   1.0000000e+00   6.6514300e-03
   1.8567241e+07   8.7709219e+05   1.2014345e-01   4.0372446e+00   1.1217238e-13   4.1573880e+00   1.0000000e+00   6.6362991e-03
   1.8446442e+07   2.9217450e+05   6.7693849e-01   4.8079065e+01   5.5328816e-14   4.8756003e+01   1.0000000e+00   6.6310346e-03
   1.4747992e+07   1.0483878e+05   7.8389641e+00   6.3193862e+02   2.8592197e-14   6.3977758e+02   1.0000000e+00   6.6101813e-03
   1.9970192e+07   8.0526126e+04   1.1854911e+02   1.0000000e+03   2.5490056e-14   1.1185491e+03   1.0000000e+00   6.5961391e-03
   1.8115652e+07   8.0883706e+05   2.8210203e-01   6.1384228e+00   9.7793718e-14   6.4205248e+00   1.0000000e+00   6.5813225e-03
   1.7930079e+07   8.5706280e+05   1.2109387e-01   2.0281458e+00   1.4129731e-13   2.1492396e+00   1.0000000e+00   6.5805908e-03
   1.8172671e+07   1.8639893e+06   1.0000000e-01   2.0617978e-01   3.1103856e-13   3.0617978e-01   1.0000000e+00   6.5779325e-03
   1.8169583e+07   1.8730486e+06   1.0024769e-01   1.3977064e-01   3.5828476e-13   2.4001834e-01   1.0000000e+00   6.5586784e-03
   1.4795733e+07   9.1093319e+04   4.9146277e+00   6.6105698e+02   2.8326392e-14   6.6597161e+02   1.0000000e+00   6.5083591e-03
   1.8163940e+07   1.0263664e+06   1.5583664e-01   1.5283912e+00   1.5264686e-13   1.6842279e+00   1.0000000e+00   6.4979879e-03
   1.5202458e+07   8.6634345e+04   6.7167705e+00   8.9904386e+02   2.6199595e-14   9.0576063e+02   1.0000000e+00   6.4870495e-03
   1.8204585e+07   1.8601863e+06   1.0000151e-01   1.2408467e-01   3.7538534e-13   2.2408618e-01   1.0000000e+00   6.4756853e-03
   1.8234263e+07   1.3379613e+06   1.0000000e-01   4.6062405e-01   2.3298773e-13   5.6062405e-01   1.0000000e+00   6.4755923e-03
   1.7213336e+07   1.4431826e+05   2.0818881e+00   2.9433254e+02   3.4617427e-14   2.9641443e+02   1.0000000e+00   6.4627847e-03
   1.4817259e+07   8.8006880e+04   5.5921540e+00   8.6692520e+02   2.6443219e-14   8.7251736e+02   1.0000000e+00   6.4604489e-03
   1.8169970e+07   1.8356357e+06   1.0000000e-01   1.4247545e-01   3.5605902e-13   2.4247545e-01   1.0000000e+00   6.4602570e-03
   1.8454842e+07   2.3124065e+05   5.4713378e-01   8.4154630e+01   4.7918106e-14   8.4701764e+01   1.0000000e+00   6.4518548e-03
   1.7228639e+07   9.8076408e+04   7.2634795e+00   5.9359475e+02   2.9051005e-14   6.0085823e+02   1.0000000e+00   6.4451442e-03
   1.5006389e+07   8.0457472e+04   5.1440427e+02   1.0000000e+03   2.5489589e-14   1.5144043e+03   1.0000000e+00   6.4288721e-03
   1.8176128e+07   1.9929548e+06   1.0000000e-01   1.2794739e-01   3.7008737e-13   2.2794739e-01   1.0000000e+00   6.4164513e-03
   1.8161979e+07   1.3312138e+06   1.0001437e-01   6.1282750e-01   2.0963437e-13   7.1284187e-01   1.0000000e+00   6.4089815e-03
   1.8316166e+07   1.1994279e+06   1.0000000e-01   1.1713010e+00   1.6773892e-13   1.2713010e+00   1.0000000e+00   6.3984713e-03
   1.5467625e+07   8.0576120e+04   4.1010315e+02   1.0000000e+03   2.5489654e-14   1.4101031e+03   1.0000000e+00   6.3888811e-03
   1.8180243e+07   1.7786395e+06   1.0000000e-01   2.4561246e-01   2.9155190e-13   3.4561246e-01   1.0000000e+00   6.3796096e-03
   1.8324865e+07   8.2356290e+05   2.1428405e-01   4.5982331e+00   1.0664670e-13   4.8125171e+00   1.0000000e+00   6.3703461e-03
   1.7691236e+07   3.0746736e+05   1.2078809e+00   6.4160999e+01   5.0838664e-14   6.5368880e+01   1.0000000e+00   6.3495158e-03
   1.9937385e+07   8.0527360e+04   1.2435075e+02   1.0000000e+03   2.5490018e-14   1.1243507e+03   1.0000000e+00   6.3400829e-03
   1.5028317e+07   8.0457533e+04   5.0732084e+02   1.0000000e+03   2.5489593e-14   1.5073208e+03   1.0000000e+00   6.3363667e-03
   1.8185671e+07   1.7024273e+06   1.0075193e-01   2.0723025e-01   3.0982294e-13   3.0798218e-01   1.0000000e+00   6.3326957e-03
   1.5225566e+07   8.8904013e+04   7.0074742e+00   8.7170066e+02   2.6402944e-14   8.7870813e+02   1.0000000e+00   6.3282832e-03
   1.9809941e+07   8.0556157e+04   7.0920399e+01   1.0000000e+03   2.5490680e-14   1.0709204e+03   1.0000000e+00   6.3246849e-03
   1.8240446e+07   1.5390794e+06   1.0000228e-01   2.6402987e-01   2.8454045e-13   3.6403215e-01   1.0000000e+00   6.3180550e-03
   1.9997552e+07   8.0609490e+04   1.6298195e+02   1.0000000e+03   2.5489822e-14   1.1629819e+03   1.0000000e+00   6.2717239e-03
   1.7859388e+07   1.2100968e+05   3.1456245e+00   4.5544696e+02   3.1024781e-14   4.5859259e+02   1.0000000e+00   6.2378396e-03
   1.8242066e+07   1.5313799e+06   1.0061133e-01   2.6866327e-01   2.8275640e-13   3.6927460e-01   1.0000000e+00   6.2366890e-03
   1.4765860e+07   9.5284609e+04   4.6683310e+00   8.1653619e+02   2.6875384e-14   8.2120452e+02   1.0000000e+00   6.2281176e-03
   1.8494963e+07   2.2108102e+05   2.1812910e+00   1.3951630e+02   4.1709844e-14   1.4169759e+02   1.0000000e+00   6.2233224e-03
   1.8181710e+07   1.8061180e+06   1.0000000e-01   2.1514658e-01   3.0569113e-13   3.1514658e-01   1.0000000e+00   6.1851485e-03
   1.7293912e+07   1.0685190e+05   3.3547492e+00   6.1958517e+02   2.8757914e-14   6.2293992e+02   1.0000000e+00   6.1746563e-03
   1.8178058e+07   1.8143514e+06   1.0110886e-01   2.2740333e-01   2.9990792e-13   3.2851219e-01   1.0000000e+00   6.1678958e-03
   1.7061953e+07   3.6554828e+05   9.7182559e-01   5.3534695e+01   5.3473759e-14   5.4506520e+01   1.0000000e+00   6.1661705e-03
   1.8172852e+07   1.8182457e+06   1.0000000e-01   1.3761167e-01   3.6118239e-13   2.3761167e-01   1.0000000e+00   6.1508497e-03
   1.7293276e+07   9.1932659e+04   3.4309411e+00   6.2606842e+02   2.8735340e-14   6.2949937e+02   1.0000000e+00   6.1378314e-03
   1.5379568e+07   8.0486924e+04   4.3166391e+02   1.0000000e+03   2.5489634e-14   1.4316639e+03   1.0000000e+00   6.1344508e-03
   1.8176265e+07   1.9907496e+06   1.0000000e-01   1.3230719e-01   3.6557413e-13   2.3230719e-01   1.0000000e+00   6.1287742e-03
   1.8307114e+07   1.2913243e+06   1.0000663e-01   5.8537371e-01   2.1351516e-13   6.8538035e-01   1.0000000e+00   6.1216061e-03
   1.7751269e+07   5.4424055e+05   6.6638297e-01   1.9935125e+01   6.9429121e-14   2.0601508e+01   1.0000000e+00   6.1181041e-03
   1.8256713e+07   2.7104046e+05   1.9157701e+00   7.0893183e+01   4.9558924e-14   7.2808953e+01   1.0000000e+00   6.1164299e-03
   1.5482760e+07   8.0530065e+04   4.5661706e+02   1.0000000e+03   2.5489606e-14   1.4566171e+03   1.0000000e+00   6.1071995e-03
   1.8534720e+07   8.6558579e+05   1.8321734e-01   4.1605063e+00   1.1025904e-13   4.3437237e+00   1.0000000e+00   6.0949555e-03
   1.4813442e+07   9.8990459e+04   6.0948814e+00   6.7161611e+02   2.8162763e-14   6.7771100e+02   1.0000000e+00   6.0772387e-03
   1.8172791e+07   1.3153994e+06   1.0006179e-01   6.4771455e-01   2.0559020e-13   7.4777634e-01   1.0000000e+00   6.0395072e-03
   1.8200626e+07   6.6305305e+05   3.1167078e-01   1.1018133e+01   8.2300160e-14   1.1329804e+01   1.0000000e+00   6.0106181e-03
   1.8295403e+07   1.2061332e+06   1.0000000e-01   1.2982212e+00   1.6240552e-13   1.3982212e+00   1.0000000e+00   5.9931799e-03
   1.8107256e+07   6.6111353e+05   5.2839083e-01   1.1884179e+01   8.0278749e-14   1.2412570e+01   1.0000000e+00   5.9904190e-03
   1.8165991e+07   1.0636382e+06   1.0000000e-01   1.4417223e+00   1.5646409e-13   1.5417223e+00   1.0000000e+00   5.9664426e-03
   1.8317778e+07   1.1883190e+06   1.0007832e-01   1.2781943e+00   1.6299677e-13   1.3782726e+00   1.0000000e+00   5.9619837e-03
   1.8204670e+07   1.8517120e+06   1.0000000e-01   1.0960333e-01   3.9468627e-13   2.0960333e-01   1.0000000e+00   5.9606751e-03
   1.8290361e+07   9.2562995e+05   1.0113333e-01   2.4479884e+00   1.3159024e-13   2.5491217e+00   1.0000000e+00   5.9404635e-03
   1.7448580e+07   1.7028459e+05   2.6753070e+00   1.9623328e+02   3.8302528e-14   1.9890859e+02   1.0000000e+00   5.9328056e-03
   1.8278843e+07   1.4528694e+06   1.0000018e-01   3.8003395e-01   2.4874677e-13   4.8003413e-01   1.0000000e+00   5.9264627e-03
   1.9664810e+07   8.0557856e+04   7.8232246e+01   1.0000000e+03   2.5490562e-14   1.0782322e+03   1.0000000e+00   5.9251763e-03
   1.5010291e+07   9.7176058e+04   4.2798096e+00   6.2949159e+02   2.8642329e-14   6.3377140e+02   1.0000000e+00   5.9123377e-03
   1.7574182e+07   4.3381377e+05   6.1872696e-01   2.5710667e+01   6.4746550e-14   2.6329394e+01   1.0000000e+00   5.9069744e-03
   1.9778813e+07   8.0549557e+04   1.0835641e+02   1.0000000e+03   2.5490162e-14   1.1083564e+03   1.0000000e+00   5.9037592e-03
   1.8106410e+07   6.8437887e+05   5.2014556e-01   1.1383789e+01   8.1424523e-14   1.1903935e+01   1.0000000e+00   5.9003439e-03
   1.7880846e+07   1.1655058e+05   3.1034696e+00   4.6189794e+02   3.0915702e-14   4.6500141e+02   1.0000000e+00   5.8889047e-03
   1.7623412e+07   2.6573194e+05   1.7626793e+00   6.8743028e+01   5.0053610e-14   7.0505708e+01   1.0000000e+00   5.8825370e-03
   1.5137629e+07   8.2730912e+04   5.7769798e+00   9.3659040e+02   2.5937510e-14   9.4236738e+02   1.0000000e+00   5.8794533e-03
   1.8174590e+07   1.8115199e+06   1.0000000e-01   1.4129134e-01   3.5758277e-13   2.4129134e-01   1.0000000e+00   5.8559479e-03
   1.7553223e+07   4.3681205e+05   6.0985984e-01   2.7717322e+01   6.3445831e-14   2.8327182e+01   1.0000000e+00   5.8200599e-03
   1.8182706e+07   1.8118130e+06   1.0000000e-01   1.5469950e-01   3.4522603e-13   2.5469950e-01   1.0000000e+00   5.8129347e-03
   1.4765884e+07   9.5193676e+04   4.6695832e+00   8.2063991e+02   2.6843516e-14   8.2530949e+02   1.0000000e+00   5.7782895e-03
   1.9331494e+07   8.1233288e+04   5.0243214e+00   9.1919803e+02   2.6054773e-14   9.2422236e+02   1.0000000e+00   5.7734501e-03
   1.8237675e+07   1.5462093e+06   1.0000231e-01   2.7578405e-01   2.7965065e-13   3.7578636e-01   1.0000000e+00   5.7571177e-03
   1.8180728e+07   1.7779463e+06   1.0000000e-01   2.4387601e-01   2.9225813e-13   3.4387601e-01   1.0000000e+00   5.7550411e-03
   1.8172931e+07   1.8171494e+06   1.0000000e-01   1.6436807e-01   3.3731186e-13   2.6436807e-01   1.0000000e+00   5.7536474e-03
   1.8281266e+07   1.4644581e+06   1.0000000e-01   3.2845938e-01   2.6278840e-13   4.2845938e-01   1.0000000e+00   5.7427156e-03
   1.8296156e+07   8.6165712e+05   2.6806552e-01   3.6944419e+00   1.1379794e-13   3.9625074e+00   1.0000000e+00   5.7391745e-03
   1.4879571e+07   9.0787745e+04   5.8662268e+00   7.5896314e+02   2.7324738e-14   7.6482936e+02   1.0000000e+00   5.7349211e-03
   1.8276757e+07   1.4966430e+06   1.0003374e-01   3.2321690e-01   2.6388007e-13   4.2325064e-01   1.0000000e+00   5.7150936e-03
   1.9997237e+07   8.0574658e+04   5.8452136e+01   1.0000000e+03   2.5490966e-14   1.0584521e+03   1.0000000e+00   5.6982446e-03
   1.8292036e+07   1.2300654e+06   1.0000000e-01   9.9863957e-01   1.7697666e-13   1.0986396e+00   1.0000000e+00   5.6944557e-03
   1.9666707e+07   8.0354782e+04   4.7219610e+01   1.0000000e+03   2.5491488e-14   1.0472196e+03   1.0000000e+00   5.6935008e-03
   1.5089587e+07   8.5003590e+04   9.8457730e+00   9.0636500e+02   2.6135728e-14   9.1621077e+02   1.0000000e+00   5.6658542e-03
   1.8243540e+07   1.4919552e+06   1.0000000e-01   3.0269343e-01   2.7071063e-13   4.0269343e-01   1.0000000e+00   5.6460870e-03
   1.7620024e+07   1.3305371e+05   5.5173386e+00   3.3784275e+02   3.3401257e-14   3.4336009e+02   1.0000000e+00   5.6236886e-03
   1.8231373e+07   1.2120706e+06   1.0000000e-01   1.0216780e+00   1.7558809e-13   1.1216780e+00   1.0000000e+00   5.6079210e-03
   1.8172676e+07   1.8101641e+06   1.0000000e-01   2.0261520e-01   3.1232255e-13   3.0261520e-01   1.0000000e+00   5.5915555e-03
   1.8510643e+07   2.5342273e+05   1.8935778e+00   8.5314279e+01   4.7248931e-14   8.7207857e+01   1.0000000e+00   5.5760665e-03
   1.8168481e+07   1.8394895e+06   1.0024177e-01   1.2511935e-01   3.7457518e-13   2.2536112e-01   1.0000000e+00   5.5686670e-03
   1.7159395e+07   1.1915790e+05   3.1790586e+00   4.6982904e+02   3.0789924e-14   4.7300810e+02   1.0000000e+00   5.5555114e-03
   1.7553759e+07   4.1775173e+05   7.6482261e-01   3.0286404e+01   6.1885879e-14   3.1051227e+01   1.0000000e+00   5.5273156e-03
   1.8277014e+07   1.1980251e+06   1.0000000e-01   9.6620030e-01   1.7896209e-13   1.0662003e+00   1.0000000e+00   5.5270608e-03
   1.8181960e+07   1.8162485e+06   1.0109434e-01   2.4173090e-01   2.9373921e-13   3.4282525e-01   1.0000000e+00   5.5181360e-03
   2.0000000e+07   8.0547967e+04   1.1210427e+02   1.0000000e+03   2.5490105e-14   1.1121043e+03   1.0000000e+00   5.4900339e-03
   1.6818395e+07   4.2708911e+05   1.0830744e+00   3.1101770e+01   6.1372036e-14   3.2184845e+01   1.0000000e+00   5.4868384e-03
   1.7987893e+07   6.7837449e+05   5.5847645e-01   1.0280605e+01   8.3491525e-14   1.0839081e+01   1.0000000e+00   5.4733395e-03
   1.7495054e+07   4.3629798e+05   2.8586820e+00   3.7104228e+01   5.8631302e-14   3.9962910e+01   1.0000000e+00   5.4639866e-03
   1.8182075e+07   1.7561458e+06   1.0003301e-01   2.4911350e-01   2.8983389e-13   3.4914651e-01   1.0000000e+00   5.4543646e-03
   1.8287013e+07   1.3939601e+06   1.0072430e-01   5.6671735e-01   2.1537175e-13   6.6744165e-01   1.0000000e+00   5.4508134e-03
   1.8299504e+07   1.3430858e+06   1.0023647e-01   6.9061100e-01   2.0098230e-13   7.9084746e-01   1.0000000e+00   5.4454631e-03
   1.8235959e+07   1.5017243e+06   1.0006400e-01   3.0011772e-01   2.7142482e-13   4.0018172e-01   1.0000000e+00   5.4440041e-03
   1.7854199e+07   1.3471110e+05   2.9291230e+00   3.7878221e+02   3.2489205e-14   3.8171133e+02   1.0000000e+00   5.4328828e-03
   1.8108676e+07   6.3666124e+05   5.8292802e-01   9.8917704e+00   8.4205854e-14   1.0474698e+01   1.0000000e+00   5.4298807e-03
   1.8355734e+07   7.2302143e+05   2.1265791e-01   5.4887022e+00   1.0121175e-13   5.7013602e+00   1.0000000e+00   5.4199584e-03
   1.8214758e+07   1.3399637e+06   1.0001336e-01   5.3974606e-01   2.1946182e-13   6.3975942e-01   1.0000000e+00   5.3878410e-03
   1.7738000e+07   5.8743410e+05   7.0487927e-01   1.5180674e+01   7.4678305e-14   1.5885554e+01   1.0000000e+00   5.3816568e-03
   1.8242710e+07   1.5232140e+06   1.0000892e-01   3.9094239e-01   2.4583040e-13   4.9095131e-01   1.0000000e+00   5.3617457e-03
   1.8173062e+07   1.8236381e+06   1.0000000e-01   1.8621514e-01   3.2205921e-13   2.8621514e-01   1.0000000e+00   5.3578109e-03
   1.8172248e+07   1.3235906e+06   1.0000000e-01   9.0355876e-01   1.8375965e-13   1.0035588e+00   1.0000000e+00   5.3542743e-03
   1.4919617e+07   9.1287207e+04   4.1198659e+00   8.3501811e+02   2.6709021e-14   8.3913797e+02   1.0000000e+00   5.3430085e-03
   1.7333115e+07   1.3429867e+05   3.1652701e+00   3.3174415e+02   3.3577406e-14   3.3490942e+02   1.0000000e+00   5.3400508e-03
   1.8341727e+07   7.2947390e+05   2.3484265e-01   5.2448897e+00   1.0251448e-13   5.4797323e+00   1.0000000e+00   5.2858866e-03
   1.8159352e+07   1.3308557e+06   1.0001480e-01   6.0626566e-01   2.1044861e-13   7.0628047e-01   1.0000000e+00   5.2597086e-03
   1.8278800e+07   1.2260905e+06   1.0000331e-01   7.9933611e-01   1.9118814e-13   8.9933942e-01   1.0000000e+00   5.2578397e-03
   1.8425072e+07   1.2332157e+05   3.6644991e+00   3.9353832e+02   3.2168895e-14   3.9720282e+02   1.0000000e+00   5.2473700e-03
   1.8177568e+07   1.9230674e+06   1.0000000e-01   1.2901528e-01   3.6900144e-13   2.2901528e-01   1.0000000e+00   5.2454477e-03
   1.8327038e+07   1.1962193e+06   1.0045465e-01   1.2395649e+00   1.6466015e-13   1.3400195e+00   1.0000000e+00   5.2450755e-03
   1.8181694e+07   1.8076639e+06   1.0104325e-01   1.9555502e-01   3.1629825e-13   2.9659826e-01   1.0000000e+00   5.2442746e-03
   1.8277014e+07   1.1980251e+06   1.0000000e-01   9.7099906e-01   1.7865506e-13   1.0709991e+00   1.0000000e+00   5.2400005e-03
   1.9594644e+07   7.9647985e+04   7.2267170e+00   9.8188155e+02   2.5622013e-14   9.8910827e+02   1.0000000e+00   5.2350195e-03
   1.8194818e+07   2.5204308e+05   1.6881507e+00   8.8295237e+01   4.6843485e-14   8.9983388e+01   1.0000000e+00   5.2341607e-03
   1.7575046e+07   4.3709292e+05   6.9981944e-01   2.2890158e+01   6.6834278e-14   2.3589977e+01   1.0000000e+00   5.2138745e-03
   1.7902584e+07   9.1999772e+05   1.6630767e-01   2.6782690e+00   1.2679010e-13   2.8445767e+00   1.0000000e+00   5.2107477e-03
   1.9897566e+07   8.3488803e+04   7.1525843e+00   9.8843583e+02   2.5583694e-14   9.9558841e+02   1.0000000e+00   5.2028855e-03
   1.8250307e+07   1.2111988e+06   1.0000000e-01   1.5505039e+00   1.5408087e-13   1.6505039e+00   1.0000000e+00   5.1984785e-03
   1.7338205e+07   1.7381805e+05   1.6924194e+00   2.2908165e+02   3.6883441e-14   2.3077407e+02   1.0000000e+00   5.1976077e-03
   1.7747639e+07   5.7403503e+05   5.6770019e-01   1.4414770e+01   7.5765692e-14   1.4982470e+01   1.0000000e+00   5.1871042e-03
   1.7527684e+07   1.1387522e+05   2.4815102e+00   4.9429903e+02   3.0413725e-14   4.9678054e+02   1.0000000e+00   5.1821536e-03
   1.9199536e+07   7.9208677e+04   8.1810537e+00   9.6104540e+02   2.5762614e-14   9.6922645e+02   1.0000000e+00   5.1526799e-03
   1.7686559e+07   1.4261395e+05   5.4684226e+00   3.8518896e+02   3.2397038e-14   3.9065738e+02   1.0000000e+00   5.1383791e-03
   1.9712002e+07   7.9491336e+04   7.0278040e+00   9.7566563e+02   2.5663893e-14   9.8269343e+02   1.0000000e+00   5.1213780e-03
   1.8170883e+07   1.3235333e+06   1.0000000e-01   6.5032723e-01   2.0526990e-13   7.5032723e-01   1.0000000e+00   5.1086199e-03
   1.8184950e+07   1.8213485e+06   1.0000000e-01   2.2478340e-01   3.0124277e-13   3.2478340e-01   1.0000000e+00   5.1001721e-03
   1.8232294e+07   1.2585774e+06   1.0049364e-01   7.4682991e-01   1.9566249e-13   8.4732355e-01   1.0000000e+00   5.0983729e-03
   1.8317526e+07   1.1817842e+06   1.0000000e-01   1.1502640e+00   1.6865305e-13   1.2502640e+00   1.0000000e+00   5.0940119e-03
   1.4480349e+07   9.5002423e+04   4.5569523e+00   7.1712777e+02   2.7721977e-14   7.2168472e+02   1.0000000e+00   5.0884453e-03
   1.7440618e+07   1.7161807e+05   2.6487913e+00   1.9390811e+02   3.8415507e-14   1.9655690e+02   1.0000000e+00   5.0847741e-03
   1.8169970e+07   1.8356357e+06   1.0000203e-01   1.7675293e-01   3.2828503e-13   2.7675496e-01   1.0000000e+00   5.0793780e-03
   1.7864047e+07   1.2028209e+05   3.1021208e+00   4.4871571e+02   3.1137930e-14   4.5181783e+02   1.0000000e+00   5.0707164e-03
   1.8179609e+07   1.8299047e+06   1.0000000e-01   1.4541745e-01   3.5333012e-13   2.4541745e-01   1.0000000e+00   5.0599597e-03
   1.4803725e+07   8.9099927e+04   4.7040179e+00   8.0116339e+02   2.6968758e-14   8.0586741e+02   1.0000000e+00   5.0544328e-03
   1.9216227e+07   8.8264009e+04   5.2000089e+00   8.8632386e+02   2.6290728e-14   8.9152387e+02   1.0000000e+00   5.0404214e-03
   1.7143323e+07   1.4938311e+05   2.2219405e+00   2.8008535e+02   3.5040198e-14   2.8230729e+02   1.0000000e+00   5.0398015e-03
   1.7525244e+07   2.0755535e+05   2.2993103e+00   1.6163351e+02   4.0212180e-14   1.6393282e+02   1.0000000e+00   5.0389368e-03
   1.8198568e+07   1.8419989e+06   1.0000000e-01   1.0312844e-01   4.0494614e-13   2.0312844e-01   1.0000000e+00   5.0345124e-03
   1.8377472e+07   1.2612824e+05   2.9561896e+00   3.7266293e+02   3.2620560e-14   3.7561912e+02   1.0000000e+00   5.0239580e-03
   1.7289900e+07   1.4139596e+05   3.2241296e+00   3.3619900e+02   3.3460110e-14   3.3942313e+02   1.0000000e+00   5.0148450e-03
   1.7878325e+07   1.2375115e+05   2.9751446e+00   4.4053129e+02   3.1287171e-14   4.4350644e+02   1.0000000e+00   5.0112820e-03
   1.8241975e+07   1.5685748e+06   1.0000000e-01   2.5675408e-01   2.8709598e-13   3.5675408e-01   1.0000000e+00   5.0031910e-03
   1.7925222e+07   1.8254643e+05   8.5386010e+00   1.6935242e+02   3.9690985e-14   1.7789103e+02   1.0000000e+00   5.0020090e-03
   1.7843237e+07   1.1754728e+05   3.0676939e+00   4.3195892e+02   3.1444782e-14   4.3502662e+02   1.0000000e+00   4.9948705e-03
   1.7879112e+07   3.4544083e+05   1.6181421e+00   4.8906343e+01   5.4440589e-14   5.0524485e+01   1.0000000e+00   4.9841138e-03
   1.5324685e+07   8.0579077e+04   5.8119217e+02   1.0000000e+03   2.5489535e-14   1.5811922e+03   1.0000000e+00   4.9788876e-03
   1.7854264e+07   1.3228281e+05   2.9466703e+00   3.6428524e+02   3.2795953e-14   3.6723191e+02   1.0000000e+00   4.9757328e-03
   1.8502421e+07   2.3451176e+05   1.9905738e+00   1.2220058e+02   4.3126274e-14   1.2419115e+02   1.0000000e+00   4.9747435e-03
   1.8239897e+07   1.5243763e+06   1.0000000e-01   2.4125169e-01   2.9523680e-13   3.4125169e-01   1.0000000e+00   4.9641595e-03
   1.8203230e+07   1.8799084e+06   1.0000000e-01   1.4607846e-01   3.5230325e-13   2.4607846e-01   1.0000000e+00   4.9583499e-03
   1.8166177e+07   1.0229907e+06   1.0000000e-01   1.4714711e+00   1.5571125e-13   1.5714711e+00   1.0000000e+00   4.9192095e-03
   1.7014227e+07   1.5474925e+05   2.1009466e+00   2.8653592e+02   3.4859317e-14   2.8863686e+02   1.0000000e+00   4.9176087e-03
   1.8201082e+07   1.8994919e+06   1.0000000e-01   1.3529897e-01   3.6254653e-13   2.3529897e-01   1.0000000e+00   4.9123214e-03
   1.8175093e+07   2.0690903e+06   1.0005750e-01   1.3070669e-01   3.6809380e-13   2.3076419e-01   1.0000000e+00   4.9103381e-03
   1.8242233e+07   1.5153001e+06   1.0576396e-01   3.3907513e-01   2.5882480e-13   4.4483910e-01   1.0000000e+00   4.9037273e-03
   1.8170311e+07   1.3513743e+06   1.0245779e-01   5.7507506e-01   2.1431429e-13   6.7753285e-01   1.0000000e+00   4.8932796e-03
   1.8534647e+07   2.5407525e+05   1.5062874e+00   7.5049133e+01   4.8967064e-14   7.6555420e+01   1.0000000e+00   4.8850373e-03
   1.8212820e+07   1.3408229e+06   1.0001454e-01   4.9818186e-01   2.2610270e-13   5.9819641e-01   1.0000000e+00   4.8849610e-03
   1.8176142e+07   1.9568382e+06   1.0000103e-01   1.4824442e-01   3.5059429e-13   2.4824546e-01   1.0000000e+00   4.8777111e-03
   1.5483316e+07   8.0629190e+04   4.4789006e+02   1.0000000e+03   2.5489627e-14   1.4478901e+03   1.0000000e+00   4.8435154e-03
   1.7851938e+07   1.1725243e+05   3.0647237e+00   4.3901129e+02   3.1315614e-14   4.4207601e+02   1.0000000e+00   4.8395587e-03
   1.4936129e+07   8.7688337e+04   4.6748922e+00   7.0298255e+02   2.7908009e-14   7.0765745e+02   1.0000000e+00   4.8369614e-03
   1.7618274e+07   2.7882904e+05   1.2230688e+00   6.5773694e+01   5.0605186e-14   6.6996762e+01   1.0000000e+00   4.8317016e-03
   1.7322569e+07   1.4062316e+05   3.5752276e+00   3.0617604e+02   3.4244513e-14   3.0975127e+02   1.0000000e+00   4.8306437e-03
   1.5597500e+07   8.0576287e+04   4.1849291e+02   1.0000000e+03   2.5489638e-14   1.4184929e+03   1.0000000e+00   4.8259762e-03
   1.7478589e+07   1.4410352e+05   2.0870070e+00   2.8818873e+02   3.4802278e-14   2.9027574e+02   1.0000000e+00   4.8252445e-03
   1.8202590e+07   1.8502601e+06   1.0001942e-01   1.4326424e-01   3.5512720e-13   2.4328366e-01   1.0000000e+00   4.8212684e-03
   1.7833534e+07   3.4832532e+05   1.7043588e+00   3.8697475e+01   5.7991739e-14   4.0401834e+01   1.0000000e+00   4.8127722e-03
   1.8541745e+07   8.7583371e+05   1.8541510e-01   4.1473057e+00   1.1041082e-13   4.3327208e+00   1.0000000e+00   4.8099049e-03
   1.7553593e+07   2.0890407e+05   3.0101225e+00   1.5846775e+02   4.0385960e-14   1.6147787e+02   1.0000000e+00   4.8086755e-03
   1.9958516e+07   8.0557182e+04   8.1920448e+01   1.0000000e+03   2.5490456e-14   1.0819204e+03   1.0000000e+00   4.8051765e-03
   1.8176054e+07   1.8727986e+06   1.0000000e-01   1.6697181e-01   3.3529530e-13   2.6697181e-01   1.0000000e+00   4.7981385e-03
   1.7859612e+07   3.4600881e+05   1.6900810e+00   5.6475204e+01   5.2521434e-14   5.8165285e+01   1.0000000e+00   4.7497586e-03
   1.7530047e+07   1.9631676e+05   4.2441836e+00   1.6454281e+02   3.9966914e-14   1.6878700e+02   1.0000000e+00   4.7494204e-03
   1.5409094e+07   8.0531725e+04   4.6452532e+02   1.0000000e+03   2.5489604e-14   1.4645253e+03   1.0000000e+00   4.7341601e-03
   1.5483669e+07   8.0636724e+04   4.4415404e+02   1.0000000e+03   2.5489632e-14   1.4441540e+03   1.0000000e+00   4.7313877e-03
   1.4786453e+07   8.8295273e+04   1.0717543e+01   8.5140557e+02   2.6543258e-14   8.6212311e+02   1.0000000e+00   4.7286324e-03
   1.8204574e+07   1.8499784e+06   1.0001915e-01   1.4421970e-01   3.5422650e-13   2.4423884e-01   1.0000000e+00   4.7282271e-03
   1.8280211e+07   1.4519843e+06   1.0000000e-01   4.4749297e-01   2.3422956e-13   5.4749297e-01   1.0000000e+00   4.7161547e-03
   1.8278966e+07   1.2091465e+06   1.0000000e-01   9.1349640e-01   1.8245385e-13   1.0134964e+00   1.0000000e+00   4.7094912e-03
   1.8273592e+07   9.5137875e+05   1.0000000e-01   1.7926385e+00   1.4611912e-13   1.8926385e+00   1.0000000e+00   4.7033810e-03
   1.8182898e+07   1.8096752e+06   1.0000037e-01   2.2954038e-01   2.9889892e-13   3.2954075e-01   1.0000000e+00   4.6985589e-03
   1.8241538e+07   1.5250909e+06   1.0061101e-01   2.6665928e-01   2.8371849e-13   3.6727029e-01   1.0000000e+00   4.6956360e-03
   1.8241756e+07   1.5595029e+06   1.0000000e-01   2.5500733e-01   2.8801994e-13   3.5500733e-01   1.0000000e+00   4.6920134e-03
   1.8169815e+07   1.8602810e+06   1.0024601e-01   1.5206907e-01   3.4710435e-13   2.5231508e-01   1.0000000e+00   4.6906708e-03
   1.8453297e+07   3.0252430e+05   7.0480674e-01   5.1366134e+01   5.4112776e-14   5.2070941e+01   1.0000000e+00   4.6878853e-03
   1.5122975e+07   9.2307895e+04   4.7211154e+00   6.8795777e+02   2.8018417e-14   6.9267888e+02   1.0000000e+00   4.6872558e-03
   1.4649369e+07   8.8904532e+04   5.4153359e+00   7.6702394e+02   2.7262167e-14   7.7243927e+02   1.0000000e+00   4.6814584e-03
   1.8273635e+07   1.2286329e+06   1.0000003e-01   8.0986752e-01   1.9027716e-13   9.0986755e-01   1.0000000e+00   4.6708347e-03
   1.7284451e+07   1.3345817e+05   3.2577239e+00   3.2739941e+02   3.3695324e-14   3.3065713e+02   1.0000000e+00   4.6621447e-03
   1.8174138e+07   1.3503862e+06   1.0203894e-01   7.8887997e-01   1.9227214e-13   8.9091891e-01   1.0000000e+00   4.6601155e-03
   1.8295458e+07   8.8266528e+05   2.2470498e-01   3.4995890e+00   1.1596928e-13   3.7242939e+00   1.0000000e+00   4.6580284e-03
   1.4387422e+07   1.0567805e+05   3.7994212e+00   5.6686438e+02   2.9396186e-14   5.7066380e+02   1.0000000e+00   4.6490259e-03
   1.7447000e+07   1.1480329e+05   2.4946404e+00   5.2293864e+02   3.0001357e-14   5.2543328e+02   1.0000000e+00   4.6149661e-03
   1.8171293e+07   1.8094365e+06   1.0000000e-01   1.7454688e-01   3.2982885e-13   2.7454688e-01   1.0000000e+00   4.5997065e-03
   1.5048234e+07   8.0455885e+04   5.2174784e+02   1.0000000e+03   2.5489582e-14   1.5217478e+03   1.0000000e+00   4.5988852e-03
   1.8243419e+07   1.5342266e+06   1.0000000e-01   2.3865043e-01   2.9624208e-13   3.3865043e-01   1.0000000e+00   4.5961655e-03
   1.8175269e+07   1.3457828e+06   1.0207294e-01   7.7972490e-01   1.9295617e-13   8.8179784e-01   1.0000000e+00   4.5856035e-03
   1.7389426e+07   1.8388641e+05   1.5320629e+00   1.8809465e+02   3.8738036e-14   1.8962671e+02   1.0000000e+00   4.5786932e-03
   1.9798282e+07   8.0782441e+04   4.1201740e+01   1.0000000e+03   2.5491845e-14   1.0412017e+03   1.0000000e+00   4.5616604e-03
   1.9400422e+07   8.3776122e+04   4.8863647e+00   8.7889009e+02   2.6342790e-14   8.8377646e+02   1.0000000e+00   4.5589043e-03
   1.7356983e+07   1.6742648e+05   1.7883611e+00   2.3595468e+02   3.6592173e-14   2.3774304e+02   1.0000000e+00   4.5502195e-03
   1.7280696e+07   1.7078055e+05   1.8476112e+00   1.8950795e+02   3.8689059e-14   1.9135556e+02   1.0000000e+00   4.5499317e-03
   1.7239339e+07   1.1034920e+05   7.6473904e+00   4.8440124e+02   3.0538834e-14   4.9204864e+02   1.0000000e+00   4.5278546e-03
   1.5510713e+07   8.0510390e+04   4.1774081e+02   1.0000000e+03   2.5489640e-14   1.4177408e+03   1.0000000e+00   4.5187413e-03
   1.9646618e+07   8.0663361e+04   1.4848644e+01   1.0000000e+03   2.5496519e-14   1.0148486e+03   1.0000000e+00   4.5166450e-03
   1.9684827e+07   8.0571244e+04   1.5165365e+02   1.0000000e+03   2.5489890e-14   1.1516536e+03   1.0000000e+00   4.5094677e-03
   1.8203550e+07   1.8686928e+06   1.0001981e-01   1.4708556e-01   3.5144547e-13   2.4710537e-01   1.0000000e+00   4.4964428e-03
   1.8277243e+07   1.2211338e+06   1.0000000e-01   9.1999841e-01   1.8197262e-13   1.0199984e+00   1.0000000e+00   4.4963358e-03
   1.8172841e+07   1.3479766e+06   1.0000000e-01   7.3314742e-01   1.9702114e-13   8.3314742e-01   1.0000000e+00   4.4955015e-03
   1.4668494e+07   9.4103902e+04   4.3505188e+00   6.9514398e+02   2.7940902e-14   6.9949450e+02   1.0000000e+00   4.4856786e-03
   1.7896827e+07   3.4622842e+05   1.6565147e+00   5.5352396e+01   5.2779684e-14   5.7008911e+01   1.0000000e+00   4.4756150e-03
   1.8092461e+07   7.4796046e+05   2.0517672e-01   5.9882909e+00   9.8550732e-14   6.1934676e+00   1.0000000e+00   4.4739730e-03
   1.7389030e+07   1.1409439e+05   3.1552459e+00   5.4069548e+02   2.9746612e-14   5.4385072e+02   1.0000000e+00   4.4580291e-03
   1.7940491e+07   9.1458523e+05   1.3216986e-01   3.5025310e+00   1.1713858e-13   3.6347009e+00   1.0000000e+00   4.4435090e-03
   1.7265510e+07   1.1394223e+05   3.0427467e+00   4.2278524e+02   3.1654751e-14   4.2582799e+02   1.0000000e+00   4.4383135e-03
   1.9267154e+07   7.8849924e+04   4.8248227e+00   9.5748478e+02   2.5798582e-14   9.6230960e+02   1.0000000e+00   4.4312625e-03
   1.5418354e+07   8.0485399e+04   4.2670108e+02   1.0000000e+03   2.5489637e-14   1.4267011e+03   1.0000000e+00   4.4261586e-03
   1.7679696e+07   1.7948925e+05   2.1616862e+00   1.4500615e+02   4.1536479e-14   1.4716784e+02   1.0000000e+00   4.3880475e-03
   1.8567241e+07   8.7709216e+05   1.0667506e-01   3.9882220e+00   1.1288502e-13   4.0948970e+00   1.0000000e+00   4.3808857e-03
   1.8161155e+07   1.8134118e+06   1.0000031e-01   1.8814455e-01   3.2082357e-13   2.8814487e-01   1.0000000e+00   4.3745763e-03
   1.9285721e+07   8.8116063e+04   4.9078219e+00   8.0904514e+02   2.6885918e-14   8.1395297e+02   1.0000000e+00   4.3666050e-03
   1.8181698e+07   1.8066839e+06   1.0000000e-01   2.3117796e-01   2.9812223e-13   3.3117796e-01   1.0000000e+00   4.3470274e-03
   1.7350482e+07   1.7004840e+05   2.7048427e+00   2.2694166e+02   3.6910311e-14   2.2964650e+02   1.0000000e+00   4.3417550e-03
   1.9344420e+07   8.1220796e+04   7.5066820e+00   9.2133608e+02   2.6032101e-14   9.2884276e+02   1.0000000e+00   4.3401684e-03
   1.8278966e+07   1.2091465e+06   1.0094971e-01   8.3037394e-01   1.8870801e-13   9.3132366e-01   1.0000000e+00   4.3388920e-03
   1.8241907e+07   1.0265877e+06   1.0017778e-01   1.4998129e+00   1.5460590e-13   1.5999906e+00   1.0000000e+00   4.3311656e-03
   1.5383827e+07   9.5189049e+04   2.1426360e+00   7.5790667e+02   2.7394546e-14   7.6004931e+02   1.0000000e+00   4.3294413e-03
   1.7561806e+07   4.1755925e+05   7.3682407e-01   3.5618257e+01   5.9379921e-14   3.6355082e+01   1.0000000e+00   4.3286207e-03
   1.5108052e+07   8.3441869e+04   5.7772057e+00   9.2925946e+02   2.5988028e-14   9.3503666e+02   1.0000000e+00   4.3039452e-03
   1.7672151e+07   1.9024545e+05   2.2573681e+00   1.7564460e+02   3.9360353e-14   1.7790197e+02   1.0000000e+00   4.2797976e-03
   1.4539604e+07   9.1800216e+04   5.4411443e+00   8.0784316e+02   2.6913707e-14   8.1328431e+02   1.0000000e+00   4.2770489e-03
   1.8281461e+07   1.2265580e+06   1.5842177e-01   1.6174083e+00   1.5138954e-13   1.7758301e+00   1.0000000e+00   4.2719967e-03
   1.8275499e+07   9.4324486e+05   1.2446669e-01   1.6552510e+00   1.5001294e-13   1.7797177e+00   1.0000000e+00   4.2595185e-03
   1.8243835e+07   1.5206911e+06   1.0567340e-01   3.3450016e-01   2.6009585e-13   4.4017356e-01   1.0000000e+00   4.2593868e-03
   1.7175618e+07   1.4451135e+05   2.0703457e+00   2.7181484e+02   3.5337693e-14   2.7388518e+02   1.0000000e+00   4.2502726e-03
   1.7120005e+07   5.0030986e+05   1.0828486e+00   2.8880949e+01   6.3018564e-14   2.9963798e+01   1.0000000e+00   4.2478813e-03
   1.8194460e+07   1.8565636e+06   1.0000126e-01   1.5090778e-01   3.4812737e-13   2.5090905e-01   1.0000000e+00   4.2253122e-03
   1.8298179e+07   1.3410301e+06   1.0023888e-01   4.9974089e-01   2.2580754e-13   5.9997977e-01   1.0000000e+00   4.2222848e-03
   1.8237503e+07   1.5457198e+06   1.0000234e-01   2.7280179e-01   2.8083314e-13   3.7280413e-01   1.0000000e+00   4.2076122e-03
   1.7866445e+07   1.2203355e+05   3.1046717e+00   4.3040967e+02   3.1461440e-14   4.3351434e+02   1.0000000e+00   4.1881186e-03
   1.8167608e+07   1.8626391e+06   1.0000000e-01   1.8037145e-01   3.2600760e-13   2.8037145e-01   1.0000000e+00   4.1647123e-03
   1.7273144e+07   1.4079470e+05   3.3626246e+00   3.2381673e+02   3.3767018e-14   3.2717936e+02   1.0000000e+00   4.1639658e-03
   1.4802731e+07   8.9092722e+04   4.6980446e+00   8.0169689e+02   2.6964355e-14   8.0639494e+02   1.0000000e+00   4.1395215e-03
   1.7532995e+07   2.0640231e+05   4.2677115e+00   1.6680189e+02   3.9862979e-14   1.7106960e+02   1.0000000e+00   4.1393838e-03
   1.4652675e+07   1.0546331e+05   3.8045401e+00   5.6072057e+02   2.9474699e-14   5.6452511e+02   1.0000000e+00   4.1315197e-03
   1.8320503e+07   1.1964420e+06   1.0007781e-01   1.2038108e+00   1.6623155e-13   1.3038886e+00   1.0000000e+00   4.1270078e-03
   1.8464291e+07   1.2073278e+05   2.4665497e+00   3.9279027e+02   3.2219857e-14   3.9525682e+02   1.0000000e+00   4.1254616e-03
   1.5266859e+07   8.5960541e+04   4.6565337e+00   8.3626510e+02   2.6684644e-14   8.4092164e+02   1.0000000e+00   4.1145129e-03
   1.4165500e+07   9.5032649e+04   4.5876814e+00   7.2151558e+02   2.7682143e-14   7.2610326e+02   1.0000000e+00   4.1100506e-03
   1.8177723e+07   1.9929938e+06   1.0000000e-01   1.3129608e-01   3.6660992e-13   2.3129608e-01   1.0000000e+00   4.1067198e-03
   1.8181697e+07   1.8133807e+06   1.0000000e-01   1.5338157e-01   3.4634463e-13   2.5338157e-01   1.0000000e+00   4.0950816e-03
   1.5216378e+07   8.7856762e+04   5.7587160e+00   9.3636021e+02   2.5959512e-14   9.4211892e+02   1.0000000e+00   4.0811807e-03
   1.7653356e+07   1.9696196e+05   2.3078072e+00   1.4549433e+02   4.1291598e-14   1.4780213e+02   1.0000000e+00   4.0628948e-03
   1.8326931e+07   1.1966920e+06   1.0007825e-01   1.2323953e+00   1.6498140e-13   1.3324735e+00   1.0000000e+00   4.0084735e-03
   1.8493513e+07   2.1344757e+05   1.8279530e+00   1.3595835e+02   4.1981450e-14   1.3778631e+02   1.0000000e+00   3.9686592e-03
   1.8158962e+07   1.8065573e+06   1.0001121e-01   1.9321906e-01   3.1770776e-13   2.9323027e-01   1.0000000e+00   3.9677199e-03
   1.8238464e+07   1.5487049e+06   1.0000230e-01   2.7138320e-01   2.8134835e-13   3.7138550e-01   1.0000000e+00   3.9653285e-03
   1.7930831e+07   1.2111179e+05   3.0583768e+00   4.4910745e+02   3.1132519e-14   4.5216582e+02   1.0000000e+00   3.9464899e-03
   1.8243592e+07   1.4967945e+06   1.0000000e-01   3.9718929e-01   2.4444051e-13   4.9718929e-01   1.0000000e+00   3.9421196e-03
   1.8183881e+07   1.8287638e+06   1.0113741e-01   2.4083057e-01   2.9435555e-13   3.4196798e-01   1.0000000e+00   3.9401555e-03
   1.7188016e+07   1.1656216e+05   5.9468147e+00   4.6871027e+02   3.0780743e-14   4.7465708e+02   1.0000000e+00   3.9171241e-03
   1.7566012e+07   4.2792509e+05   6.9313814e-01   3.6013120e+01   5.9312272e-14   3.6706259e+01   1.0000000e+00   3.9123504e-03
   1.8269172e+07   1.4238078e+06   1.0378001e-01   5.5745932e-01   2.1663507e-13   6.6123933e-01   1.0000000e+00   3.9091237e-03
   1.8176265e+07   1.9901067e+06   1.0000000e-01   1.3076573e-01   3.6713505e-13   2.3076573e-01   1.0000000e+00   3.9035092e-03
   1.8262000e+07   3.0141521e+05   1.9525911e+00   7.8420653e+01   4.8302281e-14   8.0373244e+01   1.0000000e+00   3.8906567e-03
   1.8170482e+07   1.8459928e+06   1.0000000e-01   1.6578714e-01   3.3613302e-13   2.6578714e-01   1.0000000e+00   3.8828327e-03
   1.8180804e+07   1.6925684e+06   1.0000000e-01   2.8993630e-01   2.7422448e-13   3.8993630e-01   1.0000000e+00   3.8755502e-03
   1.4668494e+07   9.4103870e+04   4.3439499e+00   6.9514594e+02   2.7940954e-14   6.9948989e+02   1.0000000e+00   3.8747651e-03
   1.8191616e+07   1.8455601e+06   1.0001115e-01   1.8266767e-01   3.2440877e-13   2.8267883e-01   1.0000000e+00   3.8696562e-03
   1.8171012e+07   1.8278342e+06   1.0005812e-01   1.8448748e-01   3.2316721e-13   2.8454561e-01   1.0000000e+00   3.8658771e-03
   1.7168852e+07   1.4932677e+05   2.1532289e+00   3.0016964e+02   3.4447530e-14   3.0232287e+02   1.0000000e+00   3.8485833e-03
   1.8277139e+07   9.8262766e+05   1.0000000e-01   1.8181345e+00   1.4503663e-13   1.9181345e+00   1.0000000e+00   3.8447355e-03
   1.9177089e+07   7.9243179e+04   8.5799308e+00   9.5914676e+02   2.5774863e-14   9.6772669e+02   1.0000000e+00   3.8200058e-03
   1.5028801e+07   8.0461401e+04   5.0739214e+02   1.0000000e+03   2.5489593e-14   1.5073921e+03   1.0000000e+00   3.8151243e-03
   1.4520585e+07   9.6790969e+04   4.5739803e+00   7.0348002e+02   2.7854663e-14   7.0805400e+02   1.0000000e+00   3.8062830e-03
   1.8234715e+07   1.5160754e+06   1.0000000e-01   2.9201095e-01   2.7405600e-13   3.9201095e-01   1.0000000e+00   3.8057809e-03
   1.7323750e+07   1.3995838e+05   3.2806337e+00   3.1264746e+02   3.4068720e-14   3.1592809e+02   1.0000000e+00   3.8005084e-03
   1.8298239e+07   1.3383346e+06   1.0024021e-01   5.0776284e-01   2.2449953e-13   6.0800305e-01   1.0000000e+00   3.7930257e-03
   1.8171058e+07   1.8757103e+06   1.0000000e-01   1.7764047e-01   3.2789847e-13   2.7764047e-01   1.0000000e+00   3.7816770e-03
   1.8174248e+07   1.8473747e+06   1.0000000e-01   1.7894763e-01   3.2684781e-13   2.7894763e-01   1.0000000e+00   3.7710680e-03
   1.8293274e+07   8.8815739e+05   2.5188589e-01   3.5815577e+00   1.1501333e-13   3.8334435e+00   1.0000000e+00   3.7645546e-03
   1.4868257e+07   9.3485073e+04   4.7582334e+00   6.6652099e+02   2.8242184e-14   6.7127922e+02   1.0000000e+00   3.7428776e-03
   1.7855980e+07   1.1321098e+05   3.1764473e+00   4.5974815e+02   3.0964027e-14   4.6292459e+02   1.0000000e+00   3.7386928e-03
   1.7274492e+07   1.4117960e+05   3.3486095e+00   3.2036865e+02   3.3857342e-14   3.2371726e+02   1.0000000e+00   3.7099859e-03
   1.8181687e+07   1.8060815e+06   1.0107626e-01   1.9460301e-01   3.1685193e-13   2.9567927e-01   1.0000000e+00   3.7094239e-03
   1.8243950e+07   1.5367704e+06   1.0000000e-01   3.8367741e-01   2.4750537e-13   4.8367741e-01   1.0000000e+00   3.6889439e-03
   1.7543154e+07   4.1209367e+05   6.0691864e-01   2.5302292e+01   6.5196371e-14   2.5909211e+01   1.0000000e+00   3.6889300e-03
   1.7392623e+07   1.1373842e+05   3.0733463e+00   4.2499193e+02   3.1611586e-14   4.2806528e+02   1.0000000e+00   3.6873142e-03
   1.5006659e+07   8.0579417e+04   5.3485272e+02   1.0000000e+03   2.5489577e-14   1.5348527e+03   1.0000000e+00   3.6809330e-03
   1.5064116e+07   1.0160278e+05   4.7285890e+00   6.7273886e+02   2.8168771e-14   6.7746745e+02   1.0000000e+00   3.6730422e-03
   1.8245721e+07   1.5118320e+06   1.0000000e-01   3.9702504e-01   2.4446606e-13   4.9702504e-01   1.0000000e+00   3.6593543e-03
   1.8380373e+07   2.3484415e+05   1.2488559e+00   1.0546038e+02   4.4815899e-14   1.0670923e+02   1.0000000e+00   3.6538789e-03
   1.8181697e+07   1.8133807e+06   1.0000000e-01   1.8199641e-01   3.2475087e-13   2.8199641e-01   1.0000000e+00   3.6040211e-03
   1.9973832e+07   8.0568199e+04   5.4300965e+01   1.0000000e+03   2.5491108e-14   1.0543010e+03   1.0000000e+00   3.5942747e-03
   1.8169110e+07   1.8741838e+06   1.0026567e-01   1.3563579e-01   3.6241341e-13   2.3590146e-01   1.0000000e+00   3.5895091e-03
   1.5198722e+07   8.0368728e+04   5.7166080e+00   9.8045745e+02   2.5646225e-14   9.8617406e+02   1.0000000e+00   3.5651728e-03
   1.8098214e+07   7.1347241e+05   3.8396736e-01   6.7234833e+00   9.4540260e-14   7.1074507e+00   1.0000000e+00   3.5527289e-03
   1.8108266e+07   6.5253693e+05   6.4096635e-01   1.2313885e+01   7.9362347e-14   1.2954851e+01   1.0000000e+00   3.5506281e-03
   1.8356990e+07   7.9623781e+05   2.1190631e-01   5.3956724e+00   1.0164777e-13   5.6075787e+00   1.0000000e+00   3.5460912e-03
   1.8267495e+07   1.1525292e+06   1.0000000e-01   1.1271620e+00   1.6982262e-13   1.2271620e+00   1.0000000e+00   3.5401729e-03
   1.7527823e+07   1.3000307e+05   3.4096191e+00   3.6545109e+02   3.2767062e-14   3.6886070e+02   1.0000000e+00   3.5351901e-03
   1.7357184e+07   1.6719669e+05   1.7858118e+00   2.3600334e+02   3.6589981e-14   2.3778915e+02   1.0000000e+00   3.4950273e-03
   1.9324792e+07   8.0511821e+04   6.4879794e+01   1.0000000e+03   2.5490908e-14   1.0648798e+03   1.0000000e+00   3.4941668e-03
