   4.4844717e+04   1.0000000e+03   2.6806716e-14   1.0000000e+03   1.0000000e+00             Inf
   2.9012551e+05   1.0000000e-01   1.0586472e-12   1.0000000e-01   1.0000000e+00             Inf
   4.9720864e+04   4.9145148e+02   3.5677926e-14   4.9145148e+02   1.0000000e+00   1.6808041e-02
   1.8730581e+05   8.2343793e-01   4.5722539e-13   8.2343793e-01   1.0000000e+00   1.4775223e-02
   1.0912035e+05   1.9421489e+01   1.3078562e-13   1.9421489e+01   1.0000000e+00   1.4128201e-02
   9.7171087e+04   2.2605698e+01   1.2194352e-13   2.2605698e+01   1.0000000e+00   1.4091896e-02
   5.6262771e+04   3.5480170e+02   4.0592726e-14   3.5480170e+02   1.0000000e+00   1.4005761e-02
   5.0284832e+04   5.4725070e+02   3.4124193e-14   5.4725070e+02   1.0000000e+00   1.3847436e-02
   5.4622792e+04   3.8894969e+02   3.9117863e-14   3.8894969e+02   1.0000000e+00   1.3486673e-02
   8.7857189e+04   2.8867962e+01   1.1078604e-13   2.8867962e+01   1.0000000e+00   1.3450827e-02
   2.5816442e+05   2.1082520e-01   7.8778497e-13   2.1082520e-01   1.0000000e+00   1.3390896e-02
   1.8752802e+05   7.7769866e-01   4.6787094e-13   7.7769866e-01   1.0000000e+00   1.3213597e-02
   9.9014360e+04   2.4590645e+01   1.1814129e-13   2.4590645e+01   1.0000000e+00   1.3088407e-02
   2.5695269e+05   2.0397934e-01   7.9764033e-13   2.0397934e-01   1.0000000e+00   1.3054701e-02
   2.7449641e+05   1.1496287e-01   1.0021926e-12   1.1496287e-01   1.0000000e+00   1.2543770e-02
   5.0451403e+04   5.3402804e+02   3.4460683e-14   5.3402804e+02   1.0000000e+00   1.2510772e-02
   2.8680128e+05   1.0827497e-01   1.0257090e-12   1.0827497e-01   1.0000000e+00   1.2471449e-02
   5.9035728e+04   2.2633741e+02   4.8601616e-14   2.2633741e+02   1.0000000e+00   1.2313135e-02
   5.7290475e+04   2.7026201e+02   4.5263331e-14   2.7026201e+02   1.0000000e+00   1.2218502e-02
   5.8817927e+04   2.5751304e+02   4.6129544e-14   2.5751304e+02   1.0000000e+00   1.2074312e-02
   6.5460488e+04   2.0466128e+02   5.0741685e-14   2.0466128e+02   1.0000000e+00   1.2068084e-02
   1.6403793e+05   1.7569623e+00   3.3805141e-13   1.7569623e+00   1.0000000e+00   1.1949861e-02
   4.8435178e+04   7.7975352e+02   2.9635324e-14   7.7975352e+02   1.0000000e+00   1.1811022e-02
   6.8143070e+04   1.1288744e+02   6.4171073e-14   1.1288744e+02   1.0000000e+00   1.1667750e-02
   2.4826620e+05   2.2223884e-01   7.7045000e-13   2.2223884e-01   1.0000000e+00   1.1585708e-02
   2.6652356e+05   1.4886173e-01   9.0365493e-13   1.4886173e-01   1.0000000e+00   1.1528245e-02
   2.1021031e+05   4.8198119e-01   5.6598694e-13   4.8198119e-01   1.0000000e+00   1.1412698e-02
   4.5265824e+04   9.7855730e+02   2.7041062e-14   9.7855730e+02   1.0000000e+00   1.1365562e-02
   4.4631653e+04   8.7824838e+02   2.8262953e-14   8.7824838e+02   1.0000000e+00   1.1307028e-02
   8.6088543e+04   3.7076057e+01   1.0008907e-13   3.7076057e+01   1.0000000e+00   1.1182180e-02
   2.6465659e+05   1.3087860e-01   9.5234972e-13   1.3087860e-01   1.0000000e+00   1.0978226e-02
   6.1155679e+04   1.9896582e+02   5.1152674e-14   1.9896582e+02   1.0000000e+00   1.0909002e-02
   6.2241988e+04   2.7849726e+02   4.4934113e-14   2.7849726e+02   1.0000000e+00   1.0850402e-02
   1.2741023e+05   9.5832916e+00   1.7386864e-13   9.5832916e+00   1.0000000e+00   1.0765212e-02
   5.4473409e+04   3.9602474e+02   3.8837303e-14   3.9602474e+02   1.0000000e+00   1.0735647e-02
   4.7083501e+04   7.6963285e+02   2.9770052e-14   7.6963285e+02   1.0000000e+00   1.0708800e-02
   6.8707529e+04   1.5324457e+02   5.6899124e-14   1.5324457e+02   1.0000000e+00   1.0707652e-02
   2.1297047e+05   4.2295969e-01   5.9633434e-13   4.2295969e-01   1.0000000e+00   1.0628704e-02
   6.5485146e+04   1.2814018e+02   6.1050141e-14   1.2814018e+02   1.0000000e+00   1.0619482e-02
   5.1411520e+04   5.5630118e+02   3.3909950e-14   5.5630118e+02   1.0000000e+00   1.0578616e-02
   1.2455862e+05   6.5450545e+00   2.0000553e-13   6.5450545e+00   1.0000000e+00   1.0544935e-02
   5.2802503e+04   3.7674117e+02   3.9662549e-14   3.7674117e+02   1.0000000e+00   1.0532420e-02
   1.7925301e+05   1.1478504e+00   4.0061930e-13   1.1478504e+00   1.0000000e+00   1.0518420e-02
   7.5443057e+04   5.8022014e+01   8.3914504e-14   5.8022014e+01   1.0000000e+00   1.0256701e-02
   2.0913458e+05   4.3378532e-01   5.9065804e-13   4.3378532e-01   1.0000000e+00   1.0173794e-02
   1.6426759e+05   1.8481134e+00   3.3146259e-13   1.8481134e+00   1.0000000e+00   1.0165159e-02
   2.6450798e+05   1.3344593e-01   9.4480766e-13   1.3344593e-01   1.0000000e+00   1.0162786e-02
   2.8635587e+05   1.1032143e-01   1.0181233e-12   1.1032143e-01   1.0000000e+00   1.0147315e-02
   5.9555114e+04   2.3335544e+02   4.7987239e-14   2.3335544e+02   1.0000000e+00   1.0117286e-02
   4.9342372e+04   6.9412341e+02   3.1040216e-14   6.9412341e+02   1.0000000e+00   1.0116822e-02
   1.2788531e+05   4.4060670e+00   2.3471278e-13   4.4060670e+00   1.0000000e+00   1.0013106e-02
   5.1246779e+04   5.1639630e+02   3.4923803e-14   5.1639630e+02   1.0000000e+00   1.0004062e-02
   1.6880138e+05   1.6908467e+00   3.4363065e-13   1.6908467e+00   1.0000000e+00   9.9961166e-03
   5.6526790e+04   2.6564330e+02   4.5617244e-14   2.6564330e+02   1.0000000e+00   9.9263629e-03
   2.8867478e+05   1.0207809e-01   1.0500207e-12   1.0207809e-01   1.0000000e+00   9.8413314e-03
   4.9282292e+04   6.0722111e+02   3.2733103e-14   6.0722111e+02   1.0000000e+00   9.8051242e-03
   6.6063654e+04   1.1868771e+02   6.2979661e-14   1.1868771e+02   1.0000000e+00   9.8009095e-03
   1.2672050e+05   4.1667028e+00   2.4051606e-13   4.1667028e+00   1.0000000e+00   9.7662218e-03
   1.1372546e+05   8.5421337e+00   1.7999808e-13   8.5421337e+00   1.0000000e+00   9.7653266e-03
   2.5691489e+05   2.0162117e-01   8.0124584e-13   2.0162117e-01   1.0000000e+00   9.7420823e-03
   7.4418057e+04   7.6238801e+01   7.5045039e-14   7.6238801e+01   1.0000000e+00   9.7182572e-03
   4.8429677e+04   6.8874018e+02   3.1122579e-14   6.8874018e+02   1.0000000e+00   9.7140742e-03
   8.6142777e+04   4.0815657e+01   9.6309165e-14   4.0815657e+01   1.0000000e+00   9.6789553e-03
   2.3840002e+05   2.3704905e-01   7.5113596e-13   2.3704905e-01   1.0000000e+00   9.6639229e-03
   2.2356230e+05   3.6333302e-01   6.3343690e-13   3.6333302e-01   1.0000000e+00   9.5552041e-03
   1.6880137e+05   1.4566551e+00   3.6421904e-13   1.4566551e+00   1.0000000e+00   9.5545085e-03
   5.3430151e+04   5.0062793e+02   3.5404189e-14   5.0062793e+02   1.0000000e+00   9.5132913e-03
   1.3266555e+05   5.8949749e+00   2.0901944e-13   5.8949749e+00   1.0000000e+00   9.4970313e-03
   4.4833283e+04   8.8968566e+02   2.8106573e-14   8.8968566e+02   1.0000000e+00   9.4749404e-03
   1.6010704e+05   1.2215694e+00   3.9313901e-13   1.2215694e+00   1.0000000e+00   9.4081252e-03
   4.5396302e+04   9.8517959e+02   2.6969729e-14   9.8517959e+02   1.0000000e+00   9.4029870e-03
   5.5542352e+04   3.4700316e+02   4.0942970e-14   3.4700316e+02   1.0000000e+00   9.3599610e-03
   5.8584412e+04   2.9288975e+02   4.3830762e-14   2.9288975e+02   1.0000000e+00   9.3583193e-03
   7.2296538e+04   5.5758789e+01   8.5862023e-14   5.5758789e+01   1.0000000e+00   9.3443581e-03
   6.3422026e+04   1.6011116e+02   5.5809365e-14   1.6011116e+02   1.0000000e+00   9.2388699e-03
   2.5753922e+05   1.9757060e-01   8.0768599e-13   1.9757060e-01   1.0000000e+00   9.2182601e-03
   5.2980322e+04   4.5751822e+02   3.6659326e-14   4.5751822e+02   1.0000000e+00   9.2114971e-03
   1.2443278e+05   5.3157524e+00   2.1759488e-13   5.3157524e+00   1.0000000e+00   9.1762640e-03
   5.5439891e+04   3.1669105e+02   4.2484463e-14   3.1669105e+02   1.0000000e+00   9.1204844e-03
   5.9754485e+04   2.1835084e+02   4.9294146e-14   2.1835084e+02   1.0000000e+00   8.9922326e-03
   5.1616501e+04   5.0976481e+02   3.5105471e-14   5.0976481e+02   1.0000000e+00   8.9704617e-03
   5.2941690e+04   5.4221503e+02   3.4310848e-14   5.4221503e+02   1.0000000e+00   8.9616770e-03
   1.6482231e+05   1.4095595e+00   3.6923661e-13   1.4095595e+00   1.0000000e+00   8.8660688e-03
   5.7331405e+04   2.9756249e+02   4.3538543e-14   2.9756249e+02   1.0000000e+00   8.8371455e-03
   4.7967463e+04   7.5665482e+02   2.9976307e-14   7.5665482e+02   1.0000000e+00   8.7976998e-03
   2.6833930e+05   1.5129236e-01   8.9788155e-13   1.5129236e-01   1.0000000e+00   8.7731053e-03
   4.8980996e+04   6.7370893e+02   3.1400677e-14   6.7370893e+02   1.0000000e+00   8.7666036e-03
   5.4681023e+04   2.8508115e+02   4.4418272e-14   2.8508115e+02   1.0000000e+00   8.7660595e-03
   1.0824618e+05   1.6987658e+01   1.3716028e-13   1.6987658e+01   1.0000000e+00   8.7386090e-03
   4.8203027e+04   6.4849486e+02   3.1888992e-14   6.4849486e+02   1.0000000e+00   8.6371681e-03
   4.9187400e+04   6.5587284e+02   3.1739082e-14   6.5587284e+02   1.0000000e+00   8.6348109e-03
   1.1058330e+05   1.8827371e+01   1.3262255e-13   1.8827371e+01   1.0000000e+00   8.6120201e-03
   1.4808922e+05   3.4676730e+00   2.5837438e-13   3.4676730e+00   1.0000000e+00   8.5663077e-03
   2.2324873e+05   3.2606555e-01   6.6158211e-13   3.2606555e-01   1.0000000e+00   8.5078986e-03
   2.5321742e+05   1.7333333e-01   8.5096458e-13   1.7333333e-01   1.0000000e+00   8.4681230e-03
   4.8568531e+04   6.1133164e+02   3.2655893e-14   6.1133164e+02   1.0000000e+00   8.4437160e-03
   2.8541326e+05   1.0688269e-01   1.0309883e-12   1.0688269e-01   1.0000000e+00   8.4194856e-03
   2.8572539e+05   1.0489538e-01   1.0387381e-12   1.0489538e-01   1.0000000e+00   8.3984864e-03
   2.7407756e+05   1.1708590e-01   9.9481610e-13   1.1708590e-01   1.0000000e+00   8.3973126e-03
   5.8970074e+04   2.8873809e+02   4.4088546e-14   2.8873809e+02   1.0000000e+00   8.3787595e-03
   2.8069749e+05   1.0121791e-01   1.0544861e-12   1.0121791e-01   1.0000000e+00   8.3624080e-03
   6.0494969e+04   2.0997677e+02   5.0063019e-14   2.0997677e+02   1.0000000e+00   8.3420338e-03
   1.7987046e+05   9.7346992e-01   4.2776696e-13   9.7346992e-01   1.0000000e+00   8.3372285e-03
   6.5138841e+04   1.0927503e+02   6.5305565e-14   1.0927503e+02   1.0000000e+00   8.3353473e-03
   1.8730581e+05   8.4418892e-01   4.5269388e-13   8.4418892e-01   1.0000000e+00   8.2792429e-03
   4.9268591e+04   6.1812270e+02   3.2499803e-14   6.1812270e+02   1.0000000e+00   8.2741710e-03
   4.9680867e+04   5.7110137e+02   3.3548777e-14   5.7110137e+02   1.0000000e+00   8.2329726e-03
   1.1754601e+05   9.8260453e+00   1.7021503e-13   9.8260453e+00   1.0000000e+00   8.2185322e-03
   4.5243038e+04   9.3495700e+02   2.7539065e-14   9.3495700e+02   1.0000000e+00   8.1951834e-03
   2.5818936e+05   2.2942367e-01   7.6294442e-13   2.2942367e-01   1.0000000e+00   8.1519513e-03
   4.8361500e+04   6.6824289e+02   3.1502289e-14   6.6824289e+02   1.0000000e+00   8.1293484e-03
   2.7554720e+05   1.1336144e-01   1.0077554e-12   1.1336144e-01   1.0000000e+00   8.1130558e-03
   5.3109741e+04   4.7192706e+02   3.6215519e-14   4.7192706e+02   1.0000000e+00   8.1120433e-03
   5.4694397e+04   4.1967243e+02   3.7964819e-14   4.1967243e+02   1.0000000e+00   8.0650655e-03
   4.7970611e+04   8.1356228e+02   2.9134435e-14   8.1356228e+02   1.0000000e+00   8.0618502e-03
   1.2925916e+05   7.4396027e+00   1.9098476e-13   7.4396027e+00   1.0000000e+00   8.0514944e-03
   1.1489455e+05   7.1376211e+00   1.9378775e-13   7.1376211e+00   1.0000000e+00   8.0376910e-03
   8.0071465e+04   6.1871235e+01   8.1586444e-14   6.1871235e+01   1.0000000e+00   7.9959095e-03
   2.6440420e+05   1.6628142e-01   8.6481955e-13   1.6628142e-01   1.0000000e+00   7.9784635e-03
   4.8997919e+04   6.8121893e+02   3.1263206e-14   6.8121893e+02   1.0000000e+00   7.9413112e-03
   5.2099975e+04   4.8423821e+02   3.5834139e-14   4.8423821e+02   1.0000000e+00   7.9382683e-03
   2.8837498e+05   1.2115722e-01   9.8191154e-13   1.2115722e-01   1.0000000e+00   7.8417960e-03
   5.1690250e+04   4.3867318e+02   3.7300573e-14   4.3867318e+02   1.0000000e+00   7.8338836e-03
   2.5875639e+05   1.7661388e-01   8.4420850e-13   1.7661388e-01   1.0000000e+00   7.8257500e-03
   5.3045116e+04   4.4386157e+02   3.7104246e-14   4.4386157e+02   1.0000000e+00   7.8128271e-03
   1.0421062e+05   1.4631031e+01   1.4508114e-13   1.4631031e+01   1.0000000e+00   7.7701183e-03
   4.4725633e+04   9.9695946e+02   2.6839705e-14   9.9695946e+02   1.0000000e+00   7.7506006e-03
   1.6582166e+05   1.5337449e+00   3.5679696e-13   1.5337449e+00   1.0000000e+00   7.7358317e-03
   2.4380341e+05   3.0885453e-01   6.7803578e-13   3.0885453e-01   1.0000000e+00   7.7162142e-03
   2.2638940e+05   2.4386166e-01   7.4534071e-13   2.4386166e-01   1.0000000e+00   7.7017279e-03
   1.4041445e+05   3.7179974e+00   2.5066094e-13   3.7179974e+00   1.0000000e+00   7.7000855e-03
   4.6518911e+04   8.6619637e+02   2.8395299e-14   8.6619637e+02   1.0000000e+00   7.6755366e-03
   2.6518363e+05   1.6952082e-01   8.5837883e-13   1.6952082e-01   1.0000000e+00   7.6404596e-03
   2.6558712e+05   1.4639249e-01   9.0977180e-13   1.4639249e-01   1.0000000e+00   7.6296561e-03
   5.9791727e+04   2.2969079e+02   4.8291138e-14   2.2969079e+02   1.0000000e+00   7.6141530e-03
   4.7662453e+04   7.0787830e+02   3.0785456e-14   7.0787830e+02   1.0000000e+00   7.6132022e-03
   7.9770641e+04   7.2048255e+01   7.6905538e-14   7.2048255e+01   1.0000000e+00   7.6099023e-03
   2.5051249e+05   2.1912870e-01   7.7488840e-13   2.1912870e-01   1.0000000e+00   7.5812638e-03
   1.9830291e+05   4.9621095e-01   5.6090787e-13   4.9621095e-01   1.0000000e+00   7.5470869e-03
   1.0947277e+05   1.0420109e+01   1.6625198e-13   1.0420109e+01   1.0000000e+00   7.5352750e-03
   2.2188913e+05   3.5436446e-01   6.3981735e-13   3.5436446e-01   1.0000000e+00   7.5340823e-03
   1.0741205e+05   1.5342453e+01   1.4247583e-13   1.5342453e+01   1.0000000e+00   7.5322944e-03
   2.5710661e+05   1.8419549e-01   8.3021289e-13   1.8419549e-01   1.0000000e+00   7.5241095e-03
   4.9935940e+04   5.6086900e+02   3.3791356e-14   5.6086900e+02   1.0000000e+00   7.5236108e-03
   2.0391507e+05   5.2589819e-01   5.4674793e-13   5.2589819e-01   1.0000000e+00   7.4592648e-03
   5.6244559e+04   4.0358577e+02   3.8615701e-14   4.0358577e+02   1.0000000e+00   7.4592400e-03
   2.7281253e+05   1.3414616e-01   9.4186672e-13   1.3414616e-01   1.0000000e+00   7.4374988e-03
   4.5433639e+04   7.0127004e+02   3.0997759e-14   7.0127004e+02   1.0000000e+00   7.4324179e-03
   2.1344585e+05   5.1182466e-01   5.5300927e-13   5.1182466e-01   1.0000000e+00   7.4239619e-03
   1.7904685e+05   8.6651325e-01   4.4872698e-13   8.6651325e-01   1.0000000e+00   7.4239462e-03
   1.4814453e+05   3.2523216e+00   2.6475906e-13   3.2523216e+00   1.0000000e+00   7.4156440e-03
   2.0463237e+05   5.3776799e-01   5.4183176e-13   5.3776799e-01   1.0000000e+00   7.3890781e-03
   2.2492150e+05   4.7293186e-01   5.7265993e-13   4.7293186e-01   1.0000000e+00   7.3758017e-03
   2.5808368e+05   1.8196050e-01   8.3426819e-13   1.8196050e-01   1.0000000e+00   7.3725818e-03
   4.8583239e+04   6.7685153e+02   3.1340190e-14   6.7685153e+02   1.0000000e+00   7.3609590e-03
   1.3799856e+05   4.9496048e+00   2.2421445e-13   4.9496048e+00   1.0000000e+00   7.3505196e-03
   1.7802876e+05   1.3773276e+00   3.7328554e-13   1.3773276e+00   1.0000000e+00   7.3102071e-03
   2.4789325e+05   2.3372957e-01   7.5530188e-13   2.3372957e-01   1.0000000e+00   7.2913645e-03
   1.5925221e+05   1.5124070e+00   3.5948401e-13   1.5124070e+00   1.0000000e+00   7.2701449e-03
   5.4836168e+04   4.0774100e+02   3.8399964e-14   4.0774100e+02   1.0000000e+00   7.2636309e-03
   1.5410235e+05   2.8081885e+00   2.8097212e-13   2.8081885e+00   1.0000000e+00   7.2497620e-03
   2.7490731e+05   1.5780750e-01   8.8430451e-13   1.5780750e-01   1.0000000e+00   7.2196947e-03
   6.7841046e+04   1.8964526e+02   5.2468537e-14   1.8964526e+02   1.0000000e+00   7.2076741e-03
   4.9181344e+04   6.6137633e+02   3.1633887e-14   6.6137633e+02   1.0000000e+00   7.2043680e-03
   2.6643704e+05   1.6319585e-01   8.7137971e-13   1.6319585e-01   1.0000000e+00   7.2008208e-03
   5.4225202e+04   3.8304322e+02   3.9357201e-14   3.8304322e+02   1.0000000e+00   7.1950272e-03
   5.2335063e+04   5.0421642e+02   3.5267723e-14   5.0421642e+02   1.0000000e+00   7.1944142e-03
   2.5253216e+05   1.7044246e-01   8.5694011e-13   1.7044246e-01   1.0000000e+00   7.1892754e-03
   2.4048232e+05   2.8177823e-01   7.0134274e-13   2.8177823e-01   1.0000000e+00   7.1795904e-03
   1.5557840e+05   1.9633038e+00   3.2341265e-13   1.9633038e+00   1.0000000e+00   7.1731188e-03
   5.2693900e+04   4.7892518e+02   3.5997682e-14   4.7892518e+02   1.0000000e+00   7.1557877e-03
   4.9312659e+04   6.0171862e+02   3.2853125e-14   6.0171862e+02   1.0000000e+00   7.1487017e-03
   1.8254784e+05   1.1266532e+00   4.0389440e-13   1.1266532e+00   1.0000000e+00   7.1322592e-03
   5.6863151e+04   3.2568540e+02   4.1998976e-14   3.2568540e+02   1.0000000e+00   7.1228076e-03
   1.0751313e+05   1.1730894e+01   1.5852520e-13   1.1730894e+01   1.0000000e+00   7.1052101e-03
   4.7282654e+04   7.3899893e+02   3.0259498e-14   7.3899893e+02   1.0000000e+00   7.1044619e-03
   5.2507505e+04   4.5200577e+02   3.6835226e-14   4.5200577e+02   1.0000000e+00   7.1010779e-03
   2.5698341e+05   1.9562393e-01   8.1075142e-13   1.9562393e-01   1.0000000e+00   7.0941248e-03
   2.4095640e+05   3.0136658e-01   6.8353087e-13   3.0136658e-01   1.0000000e+00   7.0934467e-03
   6.8847564e+04   9.1631029e+01   6.9907244e-14   9.1631029e+01   1.0000000e+00   7.0904957e-03
   5.0768704e+04   6.3976086e+02   3.2091786e-14   6.3976086e+02   1.0000000e+00   7.0856714e-03
   5.7091708e+04   2.8046063e+02   4.4591853e-14   2.8046063e+02   1.0000000e+00   7.0844708e-03
   7.4242183e+04   8.0825322e+01   7.3302166e-14   8.0825322e+01   1.0000000e+00   7.0836502e-03
   7.6295826e+04   9.5995566e+01   6.8674702e-14   9.5995566e+01   1.0000000e+00   7.0786066e-03
   2.1472038e+05   4.4200824e-01   5.8585626e-13   4.4200824e-01   1.0000000e+00   7.0546839e-03
   5.4775264e+04   3.6041206e+02   4.0328482e-14   3.6041206e+02   1.0000000e+00   7.0213253e-03
   4.5104678e+04   9.6010556e+02   2.7247481e-14   9.6010556e+02   1.0000000e+00   7.0132257e-03
   2.7431109e+05   1.2917707e-01   9.5613104e-13   1.2917707e-01   1.0000000e+00   7.0056981e-03
   2.5706206e+05   1.5576001e-01   8.8825677e-13   1.5576001e-01   1.0000000e+00   7.0036780e-03
   2.4959101e+05   2.6611270e-01   7.1890734e-13   2.6611270e-01   1.0000000e+00   6.9951699e-03
   4.8772109e+04   6.6572397e+02   3.1548836e-14   6.6572397e+02   1.0000000e+00   6.9947760e-03
   5.0245107e+04   5.2995748e+02   3.4570874e-14   5.2995748e+02   1.0000000e+00   6.9877692e-03
   5.3857340e+04   4.6714538e+02   3.6383795e-14   4.6714538e+02   1.0000000e+00   6.9782895e-03
   4.9969235e+04   5.1952930e+02   3.4859273e-14   5.1952930e+02   1.0000000e+00   6.9712417e-03
   4.4640767e+04   9.3145320e+02   2.7589393e-14   9.3145320e+02   1.0000000e+00   6.9595998e-03
   5.7424098e+04   3.0123715e+02   4.3326289e-14   3.0123715e+02   1.0000000e+00   6.9345857e-03
   6.1571244e+04   2.5112079e+02   4.6662664e-14   2.5112079e+02   1.0000000e+00   6.9235274e-03
   4.8556426e+04   7.1397877e+02   3.0681307e-14   7.1397877e+02   1.0000000e+00   6.9182369e-03
   5.9154744e+04   2.5429176e+02   4.6361865e-14   2.5429176e+02   1.0000000e+00   6.9095493e-03
   1.8100465e+05   1.0110538e+00   4.2128671e-13   1.0110538e+00   1.0000000e+00   6.8680844e-03
   9.2380441e+04   4.8223601e+01   9.1313877e-14   4.8223601e+01   1.0000000e+00   6.8366498e-03
   1.8730587e+05   8.8103618e-01   4.4507157e-13   8.8103618e-01   1.0000000e+00   6.8304647e-03
   5.7456541e+04   3.2304295e+02   4.2147099e-14   3.2304295e+02   1.0000000e+00   6.8172091e-03
   5.1918773e+04   5.8918239e+02   3.3181463e-14   5.8918239e+02   1.0000000e+00   6.8147021e-03
   6.4887375e+04   1.0424824e+02   6.6671300e-14   1.0424824e+02   1.0000000e+00   6.8118488e-03
   6.5625541e+04   1.2458276e+02   6.1756503e-14   1.2458276e+02   1.0000000e+00   6.8092509e-03
   5.5318182e+04   3.1026622e+02   4.2846303e-14   3.1026622e+02   1.0000000e+00   6.8072681e-03
   1.1143523e+05   1.6504576e+01   1.3924241e-13   1.6504576e+01   1.0000000e+00   6.7968955e-03
   5.0407254e+04   5.6493131e+02   3.3690973e-14   5.6493131e+02   1.0000000e+00   6.7960969e-03
   6.2257942e+04   1.8538871e+02   5.2613222e-14   1.8538871e+02   1.0000000e+00   6.7815598e-03
   4.9397398e+04   6.4218676e+02   3.2008058e-14   6.4218676e+02   1.0000000e+00   6.7783591e-03
   4.5963959e+04   7.3053510e+02   3.0440820e-14   7.3053510e+02   1.0000000e+00   6.7729818e-03
   1.9743464e+05   7.6701246e-01   4.7080149e-13   7.6701246e-01   1.0000000e+00   6.7689652e-03
   4.9911710e+04   6.2978496e+02   3.2263020e-14   6.2978496e+02   1.0000000e+00   6.7666325e-03
   5.0430167e+04   5.8574740e+02   3.3209349e-14   5.8574740e+02   1.0000000e+00   6.7491095e-03
   2.0315711e+05   5.8116023e-01   5.2532858e-13   5.8116023e-01   1.0000000e+00   6.7394382e-03
   2.3852196e+05   2.8449025e-01   6.9848464e-13   2.8449025e-01   1.0000000e+00   6.7300522e-03
   2.7406666e+05   1.2802321e-01   9.5957553e-13   1.2802321e-01   1.0000000e+00   6.7150706e-03
   2.3591308e+05   3.2021802e-01   6.6678101e-13   3.2021802e-01   1.0000000e+00   6.7062699e-03
   6.6553651e+04   1.3349174e+02   5.9992453e-14   1.3349174e+02   1.0000000e+00   6.6670531e-03
   1.6976191e+05   1.5948655e+00   3.5158696e-13   1.5948655e+00   1.0000000e+00   6.6633825e-03
   4.5744321e+04   9.2807712e+02   2.7620613e-14   9.2807712e+02   1.0000000e+00   6.6567559e-03
   2.7451663e+05   1.1743835e-01   9.9353045e-13   1.1743835e-01   1.0000000e+00   6.6459320e-03
   1.5132424e+05   2.6590605e+00   2.8658471e-13   2.6590605e+00   1.0000000e+00   6.6456818e-03
   2.3674602e+05   2.7684688e-01   7.0588495e-13   2.7684688e-01   1.0000000e+00   6.6097837e-03
   5.4469477e+04   3.8202719e+02   3.9398346e-14   3.8202719e+02   1.0000000e+00   6.5986129e-03
   4.8379150e+04   7.4668691e+02   3.0140704e-14   7.4668691e+02   1.0000000e+00   6.5892823e-03
   5.5321914e+04   3.6320392e+02   4.0203617e-14   3.6320392e+02   1.0000000e+00   6.5883991e-03
   4.5380238e+04   8.7214066e+02   2.8322943e-14   8.7214066e+02   1.0000000e+00   6.5687090e-03
   2.6929558e+05   1.4229967e-01   9.2000984e-13   1.4229967e-01   1.0000000e+00   6.5598105e-03
   2.6374012e+05   1.7468581e-01   8.4820673e-13   1.7468581e-01   1.0000000e+00   6.5508861e-03
   1.9694354e+05   6.9520013e-01   4.8915983e-13   6.9520013e-01   1.0000000e+00   6.5403783e-03
   2.5188498e+05   2.3153506e-01   7.5865380e-13   2.3153506e-01   1.0000000e+00   6.5402226e-03
   4.7524632e+04   8.0873597e+02   2.9191287e-14   8.0873597e+02   1.0000000e+00   6.5309887e-03
   5.9017132e+04   2.4783567e+02   4.6843519e-14   2.4783567e+02   1.0000000e+00   6.5188067e-03
   2.2110632e+05   3.8170511e-01   6.2110789e-13   3.8170511e-01   1.0000000e+00   6.5159850e-03
   2.1483931e+05   3.8697142e-01   6.1804434e-13   3.8697142e-01   1.0000000e+00   6.5123675e-03
   4.7142662e+04   8.2236135e+02   2.8993262e-14   8.2236135e+02   1.0000000e+00   6.5041878e-03
   5.4760654e+04   4.1624117e+02   3.8088904e-14   4.1624117e+02   1.0000000e+00   6.4871164e-03
   4.6106834e+04   8.3319883e+02   2.8841046e-14   8.3319883e+02   1.0000000e+00   6.4762560e-03
   2.0282463e+05   6.0717286e-01   5.1629613e-13   6.0717286e-01   1.0000000e+00   6.4749932e-03
   4.5593303e+04   9.5595058e+02   2.7296157e-14   9.5595058e+02   1.0000000e+00   6.4722058e-03
   4.5538774e+04   8.8339076e+02   2.8173758e-14   8.8339076e+02   1.0000000e+00   6.4494167e-03
   2.0975978e+05   4.4703991e-01   5.8339241e-13   4.4703991e-01   1.0000000e+00   6.4475497e-03
   7.4399010e+04   6.6203361e+01   7.9517467e-14   6.6203361e+01   1.0000000e+00   6.4075068e-03
   5.4098993e+04   4.2784473e+02   3.7662673e-14   4.2784473e+02   1.0000000e+00   6.4071411e-03
   2.3251284e+05   2.9320852e-01   6.8990786e-13   2.9320852e-01   1.0000000e+00   6.4047075e-03
   1.3576967e+05   5.7168399e+00   2.1202598e-13   5.7168399e+00   1.0000000e+00   6.3841931e-03
   5.7952370e+04   2.3910484e+02   4.7566485e-14   2.3910484e+02   1.0000000e+00   6.3787209e-03
   2.4253521e+05   2.6220674e-01   7.2154569e-13   2.6220674e-01   1.0000000e+00   6.3652161e-03
   1.0713816e+05   1.2732385e+01   1.5336064e-13   1.2732385e+01   1.0000000e+00   6.3608874e-03
   6.8453883e+04   1.0613072e+02   6.5799268e-14   1.0613072e+02   1.0000000e+00   6.3508833e-03
   2.2266015e+05   2.8992771e-01   6.9440681e-13   2.8992771e-01   1.0000000e+00   6.3440656e-03
   7.2780814e+04   6.3367177e+01   8.1179909e-14   6.3367177e+01   1.0000000e+00   6.3376914e-03
   2.1201201e+05   3.7765737e-01   6.2475819e-13   3.7765737e-01   1.0000000e+00   6.3285005e-03
   1.3531358e+05   4.5835665e+00   2.3061431e-13   4.5835665e+00   1.0000000e+00   6.3275354e-03
   2.7387162e+05   1.1910275e-01   9.8796064e-13   1.1910275e-01   1.0000000e+00   6.3136141e-03
   5.0499074e+04   5.6750822e+02   3.3630162e-14   5.6750822e+02   1.0000000e+00   6.3084821e-03
   2.6819751e+05   1.6036853e-01   8.7755054e-13   1.6036853e-01   1.0000000e+00   6.2876542e-03
   7.5290319e+04   7.8945716e+01   7.3995638e-14   7.8945716e+01   1.0000000e+00   6.2760701e-03
   5.0429771e+04   5.2319638e+02   3.4747894e-14   5.2319638e+02   1.0000000e+00   6.2710824e-03
   1.7928973e+05   1.3297535e+00   3.7855106e-13   1.3297535e+00   1.0000000e+00   6.2692333e-03
   2.5177470e+05   2.4429652e-01   7.4319649e-13   2.4429652e-01   1.0000000e+00   6.2643110e-03
   2.6522122e+05   1.3996581e-01   9.2645960e-13   1.3996581e-01   1.0000000e+00   6.2605349e-03
   2.7074416e+05   1.5901850e-01   8.8081056e-13   1.5901850e-01   1.0000000e+00   6.2436963e-03
   4.7213763e+04   9.1864064e+02   2.7766261e-14   9.1864064e+02   1.0000000e+00   6.2029379e-03
   6.2700425e+04   1.6803199e+02   5.4746926e-14   1.6803199e+02   1.0000000e+00   6.1966930e-03
   4.8447932e+04   7.6570807e+02   2.9846570e-14   7.6570807e+02   1.0000000e+00   6.1943631e-03
   2.3135169e+05   3.4492814e-01   6.4716106e-13   3.4492814e-01   1.0000000e+00   6.1889915e-03
   2.3421266e+05   2.9820529e-01   6.8534410e-13   2.9820529e-01   1.0000000e+00   6.1883629e-03
   4.5906030e+04   9.4325498e+02   2.7444806e-14   9.4325498e+02   1.0000000e+00   6.1850937e-03
   4.9823297e+04   6.2414446e+02   3.2376685e-14   6.2414446e+02   1.0000000e+00   6.1556282e-03
   4.7611761e+04   5.7563661e+02   3.3523092e-14   5.7563661e+02   1.0000000e+00   6.1507944e-03
   4.9801693e+04   6.2374774e+02   3.2384578e-14   6.2374774e+02   1.0000000e+00   6.1416782e-03
   2.7306233e+05   1.2256168e-01   9.7666154e-13   1.2256168e-01   1.0000000e+00   6.1292304e-03
   2.4026281e+05   2.4683086e-01   7.3888000e-13   2.4683086e-01   1.0000000e+00   6.1263080e-03
   1.9295206e+05   6.7806846e-01   4.9413643e-13   6.7806846e-01   1.0000000e+00   6.0947856e-03
   1.8850836e+05   7.4958018e-01   4.7482641e-13   7.4958018e-01   1.0000000e+00   6.0855768e-03
   2.0406739e+05   5.1935291e-01   5.4950953e-13   5.1935291e-01   1.0000000e+00   6.0821975e-03
   5.4318182e+04   4.2402629e+02   3.7800852e-14   4.2402629e+02   1.0000000e+00   6.0586606e-03
   4.7256919e+04   8.2761432e+02   2.8922061e-14   8.2761432e+02   1.0000000e+00   6.0380762e-03
   6.3295021e+04   1.7205197e+02   5.4205158e-14   1.7205197e+02   1.0000000e+00   6.0277244e-03
   1.0296364e+05   1.2247683e+01   1.5622285e-13   1.2247683e+01   1.0000000e+00   6.0067849e-03
   1.4491541e+05   4.7969496e+00   2.2858714e-13   4.7969496e+00   1.0000000e+00   5.9920640e-03
   5.2595342e+04   3.2996272e+02   4.1938306e-14   3.2996272e+02   1.0000000e+00   5.9785924e-03
   2.3959179e+05   2.5157859e-01   7.3329122e-13   2.5157859e-01   1.0000000e+00   5.9764819e-03
   5.1965661e+04   5.9419390e+02   3.3076531e-14   5.9419390e+02   1.0000000e+00   5.9453956e-03
   4.4605546e+04   9.9233158e+02   2.6890725e-14   9.9233158e+02   1.0000000e+00   5.9396727e-03
   2.8590726e+05   1.0349532e-01   1.0443338e-12   1.0349532e-01   1.0000000e+00   5.9313591e-03
   4.4915871e+04   9.8785965e+02   2.6938178e-14   9.8785965e+02   1.0000000e+00   5.9286554e-03
   5.3407214e+04   4.3170503e+02   3.7519068e-14   4.3170503e+02   1.0000000e+00   5.9276127e-03
   8.7886597e+04   5.2376555e+01   8.7730595e-14   5.2376555e+01   1.0000000e+00   5.9212924e-03
   5.5780519e+04   4.1344625e+02   3.8233420e-14   4.1344625e+02   1.0000000e+00   5.9035757e-03
   2.6883028e+05   1.2707172e-01   9.6305775e-13   1.2707172e-01   1.0000000e+00   5.8954878e-03
   2.7466255e+05   1.2424842e-01   9.7113249e-13   1.2424842e-01   1.0000000e+00   5.8893349e-03
   5.7466618e+04   3.0621168e+02   4.3045758e-14   3.0621168e+02   1.0000000e+00   5.8732014e-03
   6.9651591e+04   1.0066020e+02   6.7182740e-14   1.0066020e+02   1.0000000e+00   5.8701104e-03
   5.4690990e+04   4.1053625e+02   3.8293301e-14   4.1053625e+02   1.0000000e+00   5.8672289e-03
   4.6373081e+04   8.4981968e+02   2.8611525e-14   8.4981968e+02   1.0000000e+00   5.8519342e-03
   1.4882063e+05   2.0985488e+00   3.1549774e-13   2.0985488e+00   1.0000000e+00   5.8474892e-03
   2.6924531e+05   1.3769245e-01   9.3220894e-13   1.3769245e-01   1.0000000e+00   5.8420049e-03
   5.6404165e+04   3.4284319e+02   4.1147650e-14   3.4284319e+02   1.0000000e+00   5.8109834e-03
   2.2957856e+05   3.1560872e-01   6.6997369e-13   3.1560872e-01   1.0000000e+00   5.8071827e-03
   1.2586910e+05   5.4490793e+00   2.1526144e-13   5.4490793e+00   1.0000000e+00   5.7981822e-03
   2.2324875e+05   3.4643487e-01   6.4559568e-13   3.4643487e-01   1.0000000e+00   5.7849811e-03
   4.5186427e+04   9.6867092e+02   2.7150619e-14   9.6867092e+02   1.0000000e+00   5.7688674e-03
   2.5059082e+05   2.1671983e-01   7.7826696e-13   2.1671983e-01   1.0000000e+00   5.7538034e-03
   2.9054947e+05   1.1124733e-01   1.0152417e-12   1.1124733e-01   1.0000000e+00   5.7515619e-03
   4.7309248e+04   8.1674100e+02   2.9074379e-14   8.1674100e+02   1.0000000e+00   5.7451660e-03
   4.3655881e+04   9.3958455e+02   2.7524367e-14   9.3958455e+02   1.0000000e+00   5.7386180e-03
   4.7021185e+04   7.9661562e+02   2.9361742e-14   7.9661562e+02   1.0000000e+00   5.7301710e-03
   5.1585261e+04   5.0765883e+02   3.5163310e-14   5.0765883e+02   1.0000000e+00   5.7061910e-03
   4.5375008e+04   7.9161210e+02   2.9471138e-14   7.9161210e+02   1.0000000e+00   5.6962858e-03
   2.0306724e+05   6.6112464e-01   4.9945234e-13   6.6112464e-01   1.0000000e+00   5.6630506e-03
   4.4491228e+04   9.1049940e+02   2.7851497e-14   9.1049940e+02   1.0000000e+00   5.6622009e-03
   4.8943571e+04   6.3523627e+02   3.2146829e-14   6.3523627e+02   1.0000000e+00   5.6398904e-03
   2.2160135e+05   3.6836386e-01   6.2997235e-13   3.6836386e-01   1.0000000e+00   5.6384371e-03
   2.0943438e+05   4.1470619e-01   6.0160548e-13   4.1470619e-01   1.0000000e+00   5.6333943e-03
   4.4623728e+04   8.7045483e+02   2.8367360e-14   8.7045483e+02   1.0000000e+00   5.6127741e-03
   2.2208034e+05   3.5245350e-01   6.4119965e-13   3.5245350e-01   1.0000000e+00   5.6079551e-03
   5.7946567e+04   2.4349982e+02   4.7211487e-14   2.4349982e+02   1.0000000e+00   5.6078170e-03
   2.1218091e+05   3.9547479e-01   6.1296788e-13   3.9547479e-01   1.0000000e+00   5.5856576e-03
   6.4780811e+04   1.8167316e+02   5.3061349e-14   1.8167316e+02   1.0000000e+00   5.5842590e-03
   2.3726153e+05   2.7316728e-01   7.0965235e-13   2.7316728e-01   1.0000000e+00   5.5737831e-03
   2.6935897e+05   1.3845926e-01   9.3012793e-13   1.3845926e-01   1.0000000e+00   5.5667350e-03
   1.5036501e+05   3.6147449e+00   2.5493447e-13   3.6147449e+00   1.0000000e+00   5.5625016e-03
   2.7704008e+05   1.3594989e-01   9.3713593e-13   1.3594989e-01   1.0000000e+00   5.5388561e-03
   5.1516557e+04   3.6797417e+02   4.0142910e-14   3.6797417e+02   1.0000000e+00   5.5240177e-03
   4.5366664e+04   7.8766650e+02   2.9532516e-14   7.8766650e+02   1.0000000e+00   5.5078068e-03
   4.5297721e+04   9.7393397e+02   2.7092325e-14   9.7393397e+02   1.0000000e+00   5.4927766e-03
   4.7805919e+04   7.3422512e+02   3.0336084e-14   7.3422512e+02   1.0000000e+00   5.4850836e-03
   1.7903190e+05   9.1694393e-01   4.3839049e-13   9.1694393e-01   1.0000000e+00   5.4752653e-03
   5.4667947e+04   4.8377235e+02   3.5944519e-14   4.8377235e+02   1.0000000e+00   5.4720566e-03
   2.6396147e+05   1.5269160e-01   8.9460644e-13   1.5269160e-01   1.0000000e+00   5.4647126e-03
   1.2469910e+05   6.6726882e+00   1.9848696e-13   6.6726882e+00   1.0000000e+00   5.4595057e-03
   7.0665807e+04   1.4182150e+02   5.8772832e-14   1.4182150e+02   1.0000000e+00   5.4505034e-03
   1.9295207e+05   7.3599765e-01   4.7812826e-13   7.3599765e-01   1.0000000e+00   5.4503303e-03
   2.2893441e+05   3.1036013e-01   6.7447779e-13   3.1036013e-01   1.0000000e+00   5.4368639e-03
   2.8837501e+05   1.0358888e-01   1.0439020e-12   1.0358888e-01   1.0000000e+00   5.4243765e-03
   2.3972597e+05   2.4852104e-01   7.3687948e-13   2.4852104e-01   1.0000000e+00   5.4210765e-03
   5.3310913e+04   3.7193418e+02   3.9850706e-14   3.7193418e+02   1.0000000e+00   5.4202602e-03
   4.7646087e+04   7.0141915e+02   3.0899942e-14   7.0141915e+02   1.0000000e+00   5.3920406e-03
   4.6152454e+04   9.2195151e+02   2.7697465e-14   9.2195151e+02   1.0000000e+00   5.3854801e-03
   1.4913841e+05   2.9739406e+00   2.7417299e-13   2.9739406e+00   1.0000000e+00   5.3703025e-03
   2.1469064e+05   4.0961734e-01   6.0397509e-13   4.0961734e-01   1.0000000e+00   5.3623206e-03
   2.7242136e+05   1.2292067e-01   9.7558897e-13   1.2292067e-01   1.0000000e+00   5.3601218e-03
   2.6792051e+05   1.4565223e-01   9.1152420e-13   1.4565223e-01   1.0000000e+00   5.3472179e-03
   4.7519599e+04   8.2316161e+02   2.8988801e-14   8.2316161e+02   1.0000000e+00   5.3224973e-03
   4.4683224e+04   9.7312504e+02   2.7102944e-14   9.7312504e+02   1.0000000e+00   5.3200675e-03
   4.7977791e+04   7.5049935e+02   3.0073608e-14   7.5049935e+02   1.0000000e+00   5.3106334e-03
   7.1571218e+04   8.4254957e+01   7.2165278e-14   8.4254957e+01   1.0000000e+00   5.3015752e-03
   4.7838349e+04   7.6062435e+02   2.9912618e-14   7.6062435e+02   1.0000000e+00   5.2978072e-03
   2.5917299e+05   2.1598014e-01   7.8082216e-13   2.1598014e-01   1.0000000e+00   5.2946229e-03
   4.7955633e+04   6.4638860e+02   3.1937054e-14   6.4638860e+02   1.0000000e+00   5.2783381e-03
   2.2458215e+05   2.6058219e-01   7.2546952e-13   2.6058219e-01   1.0000000e+00   5.2651581e-03
   2.1111192e+05   4.5489278e-01   5.7921672e-13   4.5489278e-01   1.0000000e+00   5.2622904e-03
   1.9690839e+05   6.1306714e-01   5.1438876e-13   6.1306714e-01   1.0000000e+00   5.2558459e-03
   5.1091009e+04   4.3632340e+02   3.7408601e-14   4.3632340e+02   1.0000000e+00   5.2528444e-03
   4.5538824e+04   8.8330309e+02   2.8174887e-14   8.8330309e+02   1.0000000e+00   5.2293387e-03
   1.7882903e+05   1.0442037e+00   4.1591128e-13   1.0442037e+00   1.0000000e+00   5.2195758e-03
   5.0690858e+04   5.4276988e+02   3.4234756e-14   5.4276988e+02   1.0000000e+00   5.2170747e-03
   1.0986083e+05   1.1047418e+01   1.6231569e-13   1.1047418e+01   1.0000000e+00   5.1907538e-03
   2.0560742e+05   4.5844440e-01   5.7797433e-13   4.5844440e-01   1.0000000e+00   5.1893161e-03
   9.4215912e+04   3.1601973e+01   1.0688900e-13   3.1601973e+01   1.0000000e+00   5.1799735e-03
   7.4192568e+04   1.3758493e+02   5.9949795e-14   1.3758493e+02   1.0000000e+00   5.1734397e-03
   2.0380425e+05   5.4991488e-01   5.3702829e-13   5.4991488e-01   1.0000000e+00   5.1703399e-03
   4.8558148e+04   7.0647952e+02   3.0809926e-14   7.0647952e+02   1.0000000e+00   5.1595631e-03
   1.3768798e+05   3.8474759e+00   2.4722937e-13   3.8474759e+00   1.0000000e+00   5.1570670e-03
   2.1183658e+05   4.0245038e-01   6.0864607e-13   4.0245038e-01   1.0000000e+00   5.1520409e-03
   1.7290673e+05   1.3389718e+00   3.7670674e-13   1.3389718e+00   1.0000000e+00   5.1506142e-03
   4.8236570e+04   7.6187802e+02   2.9899864e-14   7.6187802e+02   1.0000000e+00   5.1482366e-03
   2.6810962e+05   1.6561703e-01   8.6660730e-13   1.6561703e-01   1.0000000e+00   5.1432306e-03
   1.3529231e+05   3.9643314e+00   2.4433412e-13   3.9643314e+00   1.0000000e+00   5.1235104e-03
   4.7084451e+04   7.9324511e+02   2.9411663e-14   7.9324511e+02   1.0000000e+00   5.1100389e-03
   6.8622556e+04   1.4431126e+02   5.8214607e-14   1.4431126e+02   1.0000000e+00   5.1011172e-03
   1.6040705e+05   2.2224797e+00   3.0824209e-13   2.2224797e+00   1.0000000e+00   5.0994021e-03
   1.3031424e+05   7.9905081e+00   1.8636002e-13   7.9905081e+00   1.0000000e+00   5.0919422e-03
   5.3852964e+04   4.4623204e+02   3.7039304e-14   4.4623204e+02   1.0000000e+00   5.0889778e-03
   2.2152253e+05   3.3827353e-01   6.5197331e-13   3.3827353e-01   1.0000000e+00   5.0888186e-03
   4.9463333e+04   5.8086989e+02   3.3322591e-14   5.8086989e+02   1.0000000e+00   5.0821485e-03
   6.0990890e+04   1.4633445e+02   5.8166399e-14   1.4633445e+02   1.0000000e+00   5.0702858e-03
   1.0604193e+05   1.3724549e+01   1.4882377e-13   1.3724549e+01   1.0000000e+00   5.0655250e-03
   2.1310758e+05   3.7314837e-01   6.2762906e-13   3.7314837e-01   1.0000000e+00   5.0625575e-03
   2.0426753e+05   5.6163354e-01   5.3252731e-13   5.6163354e-01   1.0000000e+00   5.0610318e-03
   2.1652334e+05   5.0323931e-01   5.5715325e-13   5.0323931e-01   1.0000000e+00   5.0599616e-03
   9.3564620e+04   3.3175880e+01   1.0486369e-13   3.3175880e+01   1.0000000e+00   5.0495499e-03
   4.4280712e+04   8.9277954e+02   2.8085819e-14   8.9277954e+02   1.0000000e+00   5.0192293e-03
   4.6669257e+04   8.5791447e+02   2.8505316e-14   8.5791447e+02   1.0000000e+00   5.0042522e-03
   2.5755324e+05   1.8630032e-01   8.2650898e-13   1.8630032e-01   1.0000000e+00   4.9949949e-03
   2.0315709e+05   5.9328297e-01   5.2104951e-13   5.9328297e-01   1.0000000e+00   4.9702130e-03
   4.6117511e+04   8.4794251e+02   2.8637688e-14   8.4794251e+02   1.0000000e+00   4.9682870e-03
   6.1437930e+04   2.6690631e+02   4.5580450e-14   2.6690631e+02   1.0000000e+00   4.9621633e-03
   6.3988182e+04   1.9461042e+02   5.1626113e-14   1.9461042e+02   1.0000000e+00   4.9575751e-03
   5.2743757e+04   4.7499697e+02   3.6115859e-14   4.7499697e+02   1.0000000e+00   4.9533178e-03
   2.7385994e+05   1.2006186e-01   9.8475045e-13   1.2006186e-01   1.0000000e+00   4.9504810e-03
   2.1503658e+05   3.9260570e-01   6.1439941e-13   3.9260570e-01   1.0000000e+00   4.9283121e-03
   4.8485445e+04   7.8546388e+02   2.9553122e-14   7.8546388e+02   1.0000000e+00   4.9162593e-03
   1.7966121e+05   1.0668471e+00   4.1236886e-13   1.0668471e+00   1.0000000e+00   4.8685830e-03
   1.0326876e+05   1.3328059e+01   1.5077431e-13   1.3328059e+01   1.0000000e+00   4.8573199e-03
   2.2954280e+05   2.6929972e-01   7.1433511e-13   2.6929972e-01   1.0000000e+00   4.8546994e-03
   1.7907803e+05   1.0963052e+00   4.0792546e-13   1.0963052e+00   1.0000000e+00   4.8517937e-03
   1.9753225e+05   6.8101933e-01   4.9318402e-13   6.8101933e-01   1.0000000e+00   4.8401710e-03
   4.6531408e+04   7.5197033e+02   3.0059984e-14   7.5197033e+02   1.0000000e+00   4.8176025e-03
   1.9726990e+05   6.3170006e-01   5.0818951e-13   6.3170006e-01   1.0000000e+00   4.7769816e-03
   2.8837495e+05   1.3744831e-01   9.3615491e-13   1.3744831e-01   1.0000000e+00   4.7766973e-03
   6.5675102e+04   1.6423673e+02   5.5230299e-14   1.6423673e+02   1.0000000e+00   4.7449781e-03
   1.6881402e+05   1.6334205e+00   3.4823832e-13   1.6334205e+00   1.0000000e+00   4.7328702e-03
   4.6202275e+04   8.6284830e+02   2.8437770e-14   8.6284830e+02   1.0000000e+00   4.7323123e-03
   1.7903211e+05   9.0023634e-01   4.4171383e-13   9.0023634e-01   1.0000000e+00   4.7267812e-03
   5.1107474e+04   4.3361823e+02   3.7504249e-14   4.3361823e+02   1.0000000e+00   4.7258874e-03
   2.3991848e+05   2.5380644e-01   7.3071815e-13   2.5380644e-01   1.0000000e+00   4.7251040e-03
   6.0471346e+04   2.1671226e+02   4.9427585e-14   2.1671226e+02   1.0000000e+00   4.7114058e-03
   5.9484243e+04   2.4498597e+02   4.7058238e-14   2.4498597e+02   1.0000000e+00   4.6928987e-03
   1.8129166e+05   1.0329699e+00   4.1771967e-13   1.0329699e+00   1.0000000e+00   4.6924946e-03
   5.0470453e+04   5.5757995e+02   3.3867948e-14   5.5757995e+02   1.0000000e+00   4.6832115e-03
   5.6632935e+04   3.9937213e+02   3.8795758e-14   3.9937213e+02   1.0000000e+00   4.6820304e-03
   6.3999162e+04   1.7764127e+02   5.3512748e-14   1.7764127e+02   1.0000000e+00   4.6529006e-03
   2.7385995e+05   1.6451737e-01   8.7012472e-13   1.6451737e-01   1.0000000e+00   4.6275618e-03
   1.9477773e+05   7.1884248e-01   4.8265499e-13   7.1884248e-01   1.0000000e+00   4.6182286e-03
   4.6625004e+04   8.3766653e+02   2.8777239e-14   8.3766653e+02   1.0000000e+00   4.6117076e-03
   1.4700343e+05   2.2908657e+00   3.0451976e-13   2.2908657e+00   1.0000000e+00   4.6078590e-03
   7.0643548e+04   9.9224018e+01   6.7543602e-14   9.9224018e+01   1.0000000e+00   4.5919019e-03
   4.4753389e+04   9.6419270e+02   2.7203355e-14   9.6419270e+02   1.0000000e+00   4.5813384e-03
   1.7903210e+05   9.5130518e-01   4.3184914e-13   9.5130518e-01   1.0000000e+00   4.5669880e-03
   1.5410330e+05   2.4903618e+00   2.9423682e-13   2.4903618e+00   1.0000000e+00   4.5624335e-03
   1.7471501e+05   1.2836332e+00   3.8311848e-13   1.2836332e+00   1.0000000e+00   4.5538822e-03
   4.7988566e+04   7.1972528e+02   3.0579221e-14   7.1972528e+02   1.0000000e+00   4.5538142e-03
   6.3465110e+04   1.6972602e+02   5.4500933e-14   1.6972602e+02   1.0000000e+00   4.5454309e-03
   2.2461307e+05   2.7077129e-01   7.1390288e-13   2.7077129e-01   1.0000000e+00   4.5421277e-03
   2.7511922e+05   1.1217119e-01   1.0121905e-12   1.1217119e-01   1.0000000e+00   4.5370922e-03
   2.1628045e+05   4.0332589e-01   6.0765990e-13   4.0332589e-01   1.0000000e+00   4.5340090e-03
   5.3384375e+04   3.3325935e+02   4.1700039e-14   3.3325935e+02   1.0000000e+00   4.5299789e-03
   4.4613560e+04   9.6742013e+02   2.7168344e-14   9.6742013e+02   1.0000000e+00   4.5297832e-03
   5.9392837e+04   2.3977492e+02   4.7467104e-14   2.3977492e+02   1.0000000e+00   4.5184836e-03
   6.4557150e+04   1.2114505e+02   6.2579482e-14   1.2114505e+02   1.0000000e+00   4.5141426e-03
   1.4423997e+05   2.8552003e+00   2.7853333e-13   2.8552003e+00   1.0000000e+00   4.5134356e-03
   4.8838998e+04   6.5865123e+02   3.1683924e-14   6.5865123e+02   1.0000000e+00   4.4951819e-03
   2.6652354e+05   1.2639592e-01   9.6565706e-13   1.2639592e-01   1.0000000e+00   4.4876051e-03
   7.4425176e+04   6.7530013e+01   7.8864195e-14   6.7530013e+01   1.0000000e+00   4.4740502e-03
   8.7230881e+04   3.5258101e+01   1.0211231e-13   3.5258101e+01   1.0000000e+00   4.4628881e-03
   4.4770772e+04   8.9801616e+02   2.8001270e-14   8.9801616e+02   1.0000000e+00   4.4549676e-03
   4.9429616e+04   6.8094876e+02   3.1276440e-14   6.8094876e+02   1.0000000e+00   4.4424451e-03
   5.1154285e+04   5.2721043e+02   3.4635558e-14   5.2721043e+02   1.0000000e+00   4.4376487e-03
   4.8395671e+04   7.4292238e+02   3.0201067e-14   7.4292238e+02   1.0000000e+00   4.4358702e-03
   5.5641920e+04   3.3573660e+02   4.1488021e-14   3.3573660e+02   1.0000000e+00   4.4147364e-03
   5.0778480e+04   6.1551239e+02   3.2576664e-14   6.1551239e+02   1.0000000e+00   4.4061127e-03
   4.8042567e+04   8.0712175e+02   2.9227112e-14   8.0712175e+02   1.0000000e+00   4.3935241e-03
   2.2985556e+05   3.3032502e-01   6.5801264e-13   3.3032502e-01   1.0000000e+00   4.3910703e-03
   5.4036942e+04   4.0053445e+02   3.8659958e-14   4.0053445e+02   1.0000000e+00   4.3885611e-03
   5.0103489e+04   6.0022102e+02   3.2885723e-14   6.0022102e+02   1.0000000e+00   4.3842566e-03
   4.6073989e+04   8.4376088e+02   2.8695119e-14   8.4376088e+02   1.0000000e+00   4.3665422e-03
   2.2791445e+05   2.9138874e-01   6.9194570e-13   2.9138874e-01   1.0000000e+00   4.3633987e-03
   5.4570049e+04   3.4584819e+02   4.1011188e-14   3.4584819e+02   1.0000000e+00   4.3587481e-03
   4.7017245e+04   8.0439779e+02   2.9247943e-14   8.0439779e+02   1.0000000e+00   4.3446349e-03
   5.6192030e+04   3.1919447e+02   4.2334972e-14   3.1919447e+02   1.0000000e+00   4.3351543e-03
   1.5149966e+05   2.6342675e+00   2.8764993e-13   2.6342675e+00   1.0000000e+00   4.3303713e-03
   1.6586700e+05   2.0375680e+00   3.1962021e-13   2.0375680e+00   1.0000000e+00   4.3286478e-03
   7.7237694e+04   9.7298538e+01   6.8451801e-14   9.7298538e+01   1.0000000e+00   4.3249711e-03
   2.7450773e+05   1.1264767e-01   1.0105616e-12   1.1264767e-01   1.0000000e+00   4.2994020e-03
   2.4959111e+05   1.9305688e-01   8.1500134e-13   1.9305688e-01   1.0000000e+00   4.2741147e-03
   2.7527453e+05   1.4413483e-01   9.1578510e-13   1.4413483e-01   1.0000000e+00   4.2722489e-03
   2.0694038e+05   4.6611094e-01   5.7387375e-13   4.6611094e-01   1.0000000e+00   4.2652279e-03
   5.5318120e+04   3.1023672e+02   4.2847976e-14   3.1023672e+02   1.0000000e+00   4.2482451e-03
   6.2337108e+04   1.2276067e+02   6.2524852e-14   1.2276067e+02   1.0000000e+00   4.2356375e-03
   1.5577523e+05   1.9080111e+00   3.2716911e-13   1.9080111e+00   1.0000000e+00   4.2282420e-03
   1.5802754e+05   1.8985012e+00   3.2770865e-13   1.8985012e+00   1.0000000e+00   4.2208954e-03
   2.8867492e+05   1.0579245e-01   1.0352384e-12   1.0579245e-01   1.0000000e+00   4.2109229e-03
   4.7989113e+04   7.8131380e+02   2.9599844e-14   7.8131380e+02   1.0000000e+00   4.2041698e-03
   5.3173903e+04   4.6515110e+02   3.6423590e-14   4.6515110e+02   1.0000000e+00   4.2017998e-03
   4.5270582e+04   9.2486502e+02   2.7659473e-14   9.2486502e+02   1.0000000e+00   4.1930937e-03
   2.5814616e+05   2.3013343e-01   7.6204664e-13   2.3013343e-01   1.0000000e+00   4.1603312e-03
   2.0315729e+05   5.9224844e-01   5.2140919e-13   5.9224844e-01   1.0000000e+00   4.1591533e-03
   6.3463775e+04   1.9189880e+02   5.1894100e-14   1.9189880e+02   1.0000000e+00   4.1526344e-03
   6.6205652e+04   1.3374541e+02   5.9955092e-14   1.3374541e+02   1.0000000e+00   4.1349413e-03
   2.6573868e+05   1.4420600e-01   9.1528702e-13   1.4420600e-01   1.0000000e+00   4.1309276e-03
   4.4084813e+04   9.6290047e+02   2.7231528e-14   9.6290047e+02   1.0000000e+00   4.1303140e-03
   5.1144321e+04   5.2562338e+02   3.4677271e-14   5.2562338e+02   1.0000000e+00   4.1233141e-03
   2.8945196e+05   1.0602289e-01   1.0343943e-12   1.0602289e-01   1.0000000e+00   4.1200795e-03
   4.7624101e+04   8.5388468e+02   2.8579642e-14   8.5388468e+02   1.0000000e+00   4.1153440e-03
   4.9830183e+04   6.3077948e+02   3.2241573e-14   6.3077948e+02   1.0000000e+00   4.1042439e-03
   2.7516160e+05   1.4256029e-01   9.1969360e-13   1.4256029e-01   1.0000000e+00   4.0962125e-03
   4.7615930e+04   8.5373917e+02   2.8581255e-14   8.5373917e+02   1.0000000e+00   4.0831854e-03
   9.3229820e+04   4.2487145e+01   9.5685870e-14   4.2487145e+01   1.0000000e+00   4.0681366e-03
   8.1499271e+04   3.4053940e+01   1.0420897e-13   3.4053940e+01   1.0000000e+00   4.0649627e-03
   6.2524578e+04   1.3974694e+02   5.9128536e-14   1.3974694e+02   1.0000000e+00   4.0492368e-03
   5.2765667e+04   4.7673325e+02   3.6064193e-14   4.7673325e+02   1.0000000e+00   4.0431311e-03
   1.9700707e+05   7.0504099e-01   4.8646019e-13   7.0504099e-01   1.0000000e+00   4.0319843e-03
   1.4942733e+05   2.3967012e+00   2.9867877e-13   2.3967012e+00   1.0000000e+00   4.0102248e-03
   5.3142663e+04   4.6304512e+02   3.6488145e-14   4.6304512e+02   1.0000000e+00   4.0078954e-03
   4.7235919e+04   7.2756465e+02   3.0451493e-14   7.2756465e+02   1.0000000e+00   4.0068482e-03
   9.9279548e+04   2.3426815e+01   1.2037830e-13   2.3426815e+01   1.0000000e+00   3.9876684e-03
   2.0315701e+05   6.4267786e-01   5.0497022e-13   6.4267786e-01   1.0000000e+00   3.9851854e-03
   1.7914349e+05   9.6222208e-01   4.2983901e-13   9.6222208e-01   1.0000000e+00   3.9783807e-03
   4.6924042e+04   7.9976925e+02   2.9315292e-14   7.9976925e+02   1.0000000e+00   3.9776697e-03
   5.3955038e+04   4.2551368e+02   3.7741085e-14   4.2551368e+02   1.0000000e+00   3.9527314e-03
   2.5889468e+05   1.7878248e-01   8.4013603e-13   1.7878248e-01   1.0000000e+00   3.9494394e-03
   5.3944784e+04   4.4880894e+02   3.6958647e-14   4.4880894e+02   1.0000000e+00   3.9447443e-03
   7.2429041e+04   8.7729598e+01   7.0949347e-14   8.7729598e+01   1.0000000e+00   3.9439660e-03
   1.4220940e+05   2.1846608e+00   3.1181942e-13   2.1846608e+00   1.0000000e+00   3.9409170e-03
   2.5753929e+05   2.1351196e-01   7.8383290e-13   2.1351196e-01   1.0000000e+00   3.9355704e-03
