   8.2646637e+05   1.0000000e-01   1.0000000e-02   8.0091419e-13   1.1000000e-01   1.0000000e+00             Inf
   8.2643482e+04   1.0000000e+03   1.0000000e+02   2.5492761e-14   1.1000000e+03   1.0000000e+00             Inf
   1.2124250e+05   4.4620429e+02   1.6284287e+01   3.1519103e-14   4.6248858e+02   1.0000000e+00   2.3296010e-02
   1.2359592e+05   4.2539780e+02   1.6211968e+01   3.1896233e-14   4.4160977e+02   1.0000000e+00   2.2992830e-02
   1.1366374e+05   5.1240144e+02   2.3380930e+01   3.0321208e-14   5.3578237e+02   1.0000000e+00   1.6330446e-02
   2.4630593e+05   1.0963016e+02   9.2584606e+00   4.5162117e-14   1.1888862e+02   1.0000000e+00   1.5839032e-02
   1.6862716e+06   1.2574164e+00   8.0705617e-01   1.6414270e-13   2.0644725e+00   1.0000000e+00   1.5091546e-02
   1.1397798e+05   5.2609898e+02   2.3503479e+01   3.0124113e-14   5.4960246e+02   1.0000000e+00   1.5026390e-02
   8.6901659e+05   1.0000000e-01   1.2336404e-02   7.6081035e-13   1.1233640e-01   1.0000000e+00   1.4716235e-02
   9.2843112e+04   7.8191543e+02   3.0752639e+01   2.7242186e-14   8.1266807e+02   1.0000000e+00   1.3915502e-02
   5.2398020e+05   1.7381989e+01   3.9917238e+00   7.3721623e-14   2.1373713e+01   1.0000000e+00   1.3818775e-02
   2.3430259e+06   1.0000000e-01   6.9181049e-02   5.0125966e-13   1.6918105e-01   1.0000000e+00   1.3461983e-02
   2.3984495e+06   1.2851494e-01   1.2030806e-01   4.1350933e-13   2.4882300e-01   1.0000000e+00   1.3345468e-02
   2.3108763e+06   1.5214680e-01   1.2676697e-01   3.9196315e-13   2.7891377e-01   1.0000000e+00   1.3079629e-02
   2.3045219e+06   2.1446869e-01   1.6618837e-01   3.3955255e-13   3.8065706e-01   1.0000000e+00   1.2951122e-02
   5.2210401e+05   2.2002083e+01   3.5019937e+00   6.9962096e-14   2.5504077e+01   1.0000000e+00   1.2937659e-02
   7.1276495e+05   9.4051805e+00   2.0885786e+00   8.9489150e-14   1.1493759e+01   1.0000000e+00   1.2395929e-02
   1.7829507e+06   1.0000000e-01   5.3717975e-02   5.3114106e-13   1.5371797e-01   1.0000000e+00   1.2354662e-02
   1.0032000e+05   6.1395600e+02   2.3154838e+01   2.9004713e-14   6.3711084e+02   1.0000000e+00   1.2181413e-02
   8.9404222e+05   1.0000000e-01   1.2760398e-02   7.5425623e-13   1.1276040e-01   1.0000000e+00   1.2126792e-02
   8.2603784e+04   9.8723993e+02   3.8995005e+01   2.5673410e-14   1.0262349e+03   1.0000000e+00   1.2072807e-02
   5.3135263e+05   1.2052067e+01   2.4259719e+00   8.3836162e-14   1.4478039e+01   1.0000000e+00   1.2047150e-02
   1.5699014e+06   9.2151540e-01   8.3584629e-01   1.7740048e-13   1.7573617e+00   1.0000000e+00   1.1966988e-02
   9.8387309e+04   7.2537295e+02   2.6425983e+01   2.7793805e-14   7.5179894e+02   1.0000000e+00   1.1953724e-02
   8.2317986e+04   9.9882392e+02   5.7689656e+01   2.5546895e-14   1.0565136e+03   1.0000000e+00   1.1692519e-02
   2.2206674e+06   1.0000000e-01   6.5161640e-02   5.0779003e-13   1.6516164e-01   1.0000000e+00   1.1620161e-02
   1.0095119e+06   1.0000000e-01   1.3371963e-02   7.4582756e-13   1.1337196e-01   1.0000000e+00   1.1517731e-02
   9.0590859e+04   7.9231411e+02   3.0347039e+01   2.7157192e-14   8.2266115e+02   1.0000000e+00   1.1447468e-02
   2.9932693e+05   3.9019458e+01   7.1959806e+00   5.9901267e-14   4.6215439e+01   1.0000000e+00   1.1275090e-02
   2.3842982e+05   1.0171032e+02   1.0083940e+01   4.5926779e-14   1.1179426e+02   1.0000000e+00   1.1216928e-02
   2.3966583e+06   1.5040253e-01   1.2189526e-01   3.9699747e-13   2.7229779e-01   1.0000000e+00   1.1181913e-02
   1.7004350e+06   7.2508298e-01   6.7623690e-01   1.9380892e-13   1.4013199e+00   1.0000000e+00   1.1026755e-02
   6.4170136e+05   1.2860561e+01   3.6513781e+00   7.9736526e-14   1.6511939e+01   1.0000000e+00   1.1020207e-02
   1.7715635e+06   1.0000000e-01   5.6658407e-02   5.2499489e-13   1.5665841e-01   1.0000000e+00   1.0961161e-02
   1.3707996e+06   1.4509636e+00   8.9181232e-01   1.5635095e-13   2.3427759e+00   1.0000000e+00   1.0896154e-02
   1.0424188e+06   1.0000000e-01   1.3064813e-02   7.5140749e-13   1.1306481e-01   1.0000000e+00   1.0870350e-02
   2.6113377e+05   1.1863622e+02   8.6271351e+00   4.4550552e-14   1.2726335e+02   1.0000000e+00   1.0866463e-02
   2.0479643e+06   5.1339604e-01   3.4134586e-01   2.3653767e-13   8.5474190e-01   1.0000000e+00   1.0741850e-02
   1.0285221e+05   6.2037012e+02   2.4238177e+01   2.8908734e-14   6.4460829e+02   1.0000000e+00   1.0677738e-02
   2.1667610e+06   2.8264427e-01   2.2174626e-01   2.9799026e-13   5.0439053e-01   1.0000000e+00   1.0652670e-02
   9.2483356e+05   1.0000000e-01   1.1994895e-02   7.6566697e-13   1.1199490e-01   1.0000000e+00   1.0608913e-02
   2.0359249e+06   2.4012039e-01   1.9409484e-01   3.1925998e-13   4.3421524e-01   1.0000000e+00   1.0532640e-02
   1.2641953e+06   1.0000000e-01   2.3988557e-02   6.4527312e-13   1.2398856e-01   1.0000000e+00   1.0521506e-02
   3.0766360e+05   6.7611956e+01   9.0597352e+00   5.0950723e-14   7.6671691e+01   1.0000000e+00   1.0508390e-02
   2.3144412e+06   2.4105654e-01   2.0170908e-01   3.1633562e-13   4.4276562e-01   1.0000000e+00   1.0455577e-02
   2.3005458e+06   1.0000000e-01   7.1106626e-02   4.9735552e-13   1.7110663e-01   1.0000000e+00   1.0446170e-02
   8.5262844e+04   9.0930658e+02   3.2628605e+01   2.6232691e-14   9.4193519e+02   1.0000000e+00   1.0319095e-02
   1.7858170e+05   2.1495864e+02   1.0866620e+01   3.8067903e-14   2.2582526e+02   1.0000000e+00   1.0237938e-02
   9.1825430e+04   7.7841932e+02   2.9117306e+01   2.7284793e-14   8.0753662e+02   1.0000000e+00   1.0212612e-02
   1.5093745e+05   2.6775324e+02   1.6372172e+01   3.5781711e-14   2.8412541e+02   1.0000000e+00   1.0163127e-02
   9.2352210e+05   1.0000023e-01   1.1428581e-02   7.7519719e-13   1.1142881e-01   1.0000000e+00   1.0083650e-02
   7.1184328e+05   9.9986086e+00   2.7262763e+00   8.6408275e-14   1.2724885e+01   1.0000000e+00   1.0003467e-02
   1.4412043e+06   1.0000000e-01   3.5149575e-02   5.8838415e-13   1.3514958e-01   1.0000000e+00   9.9028915e-03
   1.2732623e+06   1.0000039e-01   2.5726452e-02   6.3447661e-13   1.2572684e-01   1.0000000e+00   9.8942751e-03
   1.4371587e+06   1.0000000e-01   3.6477607e-02   5.8354423e-13   1.3647761e-01   1.0000000e+00   9.8099181e-03
   8.5083038e+05   1.0000022e-01   1.0802124e-02   7.8573484e-13   1.1080234e-01   1.0000000e+00   9.7802050e-03
   8.6961803e+04   8.6557596e+02   3.4319494e+01   2.6544906e-14   8.9989545e+02   1.0000000e+00   9.7186786e-03
   9.3227111e+04   7.3068287e+02   2.9147121e+01   2.7718487e-14   7.5982999e+02   1.0000000e+00   9.6941951e-03
   1.9963476e+06   4.7707229e-01   3.3704655e-01   2.4095857e-13   8.1411884e-01   1.0000000e+00   9.6914249e-03
   2.2475133e+06   2.8143903e-01   2.4445103e-01   2.9241408e-13   5.2589006e-01   1.0000000e+00   9.5844286e-03
   4.1106476e+05   3.5436767e+01   5.1181246e+00   6.0964043e-14   4.0554892e+01   1.0000000e+00   9.5679503e-03
   2.0891163e+06   1.7388448e-01   1.5212755e-01   3.6492095e-13   3.2601202e-01   1.0000000e+00   9.5537758e-03
   4.1039606e+05   2.4282677e+01   3.6997259e+00   6.8348605e-14   2.7982403e+01   1.0000000e+00   9.5094986e-03
   1.0711886e+05   5.9403824e+02   2.5185610e+01   2.9210979e-14   6.1922385e+02   1.0000000e+00   9.4321261e-03
   1.1828295e+06   1.0000000e-01   2.2297206e-02   6.5716483e-13   1.2229721e-01   1.0000000e+00   9.4262168e-03
   1.2489659e+06   1.0000000e-01   2.3309355e-02   6.4983071e-13   1.2330935e-01   1.0000000e+00   9.3979615e-03
   2.3536805e+06   1.6183573e-01   1.3216033e-01   3.8265684e-13   2.9399606e-01   1.0000000e+00   9.3974227e-03
   1.2916577e+05   3.7287329e+02   2.3682737e+01   3.2810051e-14   3.9655603e+02   1.0000000e+00   9.3679263e-03
   1.2525209e+05   4.9465523e+02   2.2856661e+01   3.0643397e-14   5.1751189e+02   1.0000000e+00   9.3600318e-03
   1.0800320e+06   1.0000641e-01   1.5338813e-02   7.2092477e-13   1.1534522e-01   1.0000000e+00   9.3291735e-03
   1.1495614e+05   4.8697853e+02   2.3108737e+01   3.0710952e-14   5.1008727e+02   1.0000000e+00   9.3248035e-03
   9.2056022e+05   1.0004322e-01   1.3594120e-02   7.4247680e-13   1.1363734e-01   1.0000000e+00   9.3033569e-03
   1.1710237e+06   1.0000000e-01   2.4879244e-02   6.4113147e-13   1.2487924e-01   1.0000000e+00   9.2816679e-03
   1.0893688e+06   1.0000000e-01   1.9369620e-02   6.8050021e-13   1.1936962e-01   1.0000000e+00   9.1890403e-03
   1.7668579e+06   1.0006115e-01   4.3036876e-02   5.5998829e-13   1.4309802e-01   1.0000000e+00   9.1553024e-03
   1.5202516e+05   3.0316600e+02   2.2846094e+01   3.4550645e-14   3.2601209e+02   1.0000000e+00   9.1543960e-03
   1.3421960e+06   1.0000000e-01   2.7899574e-02   6.2191485e-13   1.2789957e-01   1.0000000e+00   9.1491791e-03
   2.1428577e+06   2.1637608e-01   1.5152395e-01   3.4537473e-13   3.6790003e-01   1.0000000e+00   9.1077130e-03
   2.2340799e+05   1.2900950e+02   1.2143736e+01   4.3104198e-14   1.4115323e+02   1.0000000e+00   9.0948078e-03
   1.2175750e+06   1.0000000e-01   2.1661034e-02   6.6164035e-13   1.2166103e-01   1.0000000e+00   9.0778998e-03
   1.1733367e+06   2.7685816e+00   1.3525994e+00   1.2641328e-13   4.1211810e+00   1.0000000e+00   9.0688588e-03
   1.5575452e+06   9.0117175e-01   5.6594221e-01   1.8801020e-13   1.4671140e+00   1.0000000e+00   9.0682079e-03
   1.0788628e+05   5.8301635e+02   2.4369044e+01   2.9355899e-14   6.0738539e+02   1.0000000e+00   9.0406507e-03
   2.1081423e+06   6.8693432e-01   4.9213496e-01   2.0670842e-13   1.1790693e+00   1.0000000e+00   8.9604805e-03
   1.5655945e+06   8.1354592e-01   8.7668615e-01   1.8322239e-13   1.6902321e+00   1.0000000e+00   8.9304033e-03
   2.3045219e+06   2.1298249e-01   2.0629299e-01   3.2448629e-13   4.1927548e-01   1.0000000e+00   8.9076626e-03
   2.0100651e+06   4.8758771e-01   3.9465615e-01   2.3267713e-13   8.8224385e-01   1.0000000e+00   8.8116936e-03
   8.9403870e+05   1.0000000e-01   1.0601878e-02   7.8986230e-13   1.1060188e-01   1.0000000e+00   8.8106189e-03
   8.3364611e+05   6.2941182e+00   1.5592035e+00   1.0153684e-13   7.8533217e+00   1.0000000e+00   8.7953614e-03
   1.0475154e+05   5.7784950e+02   2.0628784e+01   2.9474940e-14   5.9847829e+02   1.0000000e+00   8.7751857e-03
   2.2157862e+06   1.2057417e-01   1.1016024e-01   4.2911982e-13   2.3073441e-01   1.0000000e+00   8.7613554e-03
   1.1070368e+06   1.0000000e-01   1.7691210e-02   6.9545550e-13   1.1769121e-01   1.0000000e+00   8.7591488e-03
   8.6787016e+05   1.0000000e-01   1.1128072e-02   7.7994759e-13   1.1112807e-01   1.0000000e+00   8.7511508e-03
   9.1106707e+05   1.0000000e-01   1.4401588e-02   7.3293569e-13   1.1440159e-01   1.0000000e+00   8.7340121e-03
   1.0716951e+06   1.0000000e-01   1.5662436e-02   7.1692058e-13   1.1566244e-01   1.0000000e+00   8.7193751e-03
   2.3255821e+06   2.0321413e-01   2.0738941e-01   3.2801031e-13   4.1060354e-01   1.0000000e+00   8.7121783e-03
   1.7078252e+05   2.3832908e+02   1.5995191e+01   3.6845032e-14   2.5432427e+02   1.0000000e+00   8.7060889e-03
   9.5253312e+05   1.0009845e-01   1.3854028e-02   7.3861395e-13   1.1395248e-01   1.0000000e+00   8.6987435e-03
   1.0111270e+06   1.0000000e-01   1.4664958e-02   7.2843714e-13   1.1466496e-01   1.0000000e+00   8.6732168e-03
   1.7145603e+05   2.0381672e+02   1.5476860e+01   3.8327292e-14   2.1929358e+02   1.0000000e+00   8.6596787e-03
   9.1150187e+04   8.1525552e+02   3.1753005e+01   2.6955816e-14   8.4700853e+02   1.0000000e+00   8.6508120e-03
   8.6913649e+04   8.2215033e+02   3.1983177e+01   2.6906845e-14   8.5413350e+02   1.0000000e+00   8.6380181e-03
   1.2147237e+06   1.0000000e-01   1.8487916e-02   6.8908328e-13   1.1848792e-01   1.0000000e+00   8.6340834e-03
   8.4448291e+04   9.8425883e+02   3.0408038e+01   2.5742506e-14   1.0146669e+03   1.0000000e+00   8.5404045e-03
   2.1351229e+06   1.0000000e-01   6.1830631e-02   5.1386322e-13   1.6183063e-01   1.0000000e+00   8.4530759e-03
   1.3376814e+06   1.0000000e-01   2.6534906e-02   6.2952526e-13   1.2653491e-01   1.0000000e+00   8.4352279e-03
   2.5626823e+05   1.2493253e+02   1.0642171e+01   4.3753935e-14   1.3557470e+02   1.0000000e+00   8.4339828e-03
   1.7659138e+06   1.0000000e-01   4.1740431e-02   5.6442573e-13   1.4174043e-01   1.0000000e+00   8.4141824e-03
   2.0869565e+06   2.1060717e-01   1.8655926e-01   3.3289666e-13   3.9716644e-01   1.0000000e+00   8.4129325e-03
   9.5020862e+04   7.1100468e+02   2.8194468e+01   2.7912453e-14   7.3919915e+02   1.0000000e+00   8.3924692e-03
   1.7575133e+06   1.0000000e-01   4.5873790e-02   5.5125600e-13   1.4587379e-01   1.0000000e+00   8.2950072e-03
   2.4001080e+06   1.3748327e-01   1.1926634e-01   4.0757449e-13   2.5674961e-01   1.0000000e+00   8.2933195e-03
   5.3747261e+05   1.5448678e+01   3.7626240e+00   7.6241070e-14   1.9211302e+01   1.0000000e+00   8.2931395e-03
   8.3211034e+04   9.7098354e+02   3.9271562e+01   2.5777743e-14   1.0102551e+03   1.0000000e+00   8.2301492e-03
   1.2164823e+06   1.0000000e-01   1.8264420e-02   6.9137101e-13   1.1826442e-01   1.0000000e+00   8.2184738e-03
   8.2045006e+04   9.9987506e+02   3.8478654e+01   2.5595074e-14   1.0383537e+03   1.0000000e+00   8.1899056e-03
   1.2790377e+06   4.9865269e+00   1.6135647e+00   1.1005563e-13   6.6000916e+00   1.0000000e+00   8.1834064e-03
   2.2865447e+06   1.0247911e-01   9.4863743e-02   4.6205028e-13   1.9734286e-01   1.0000000e+00   8.1615333e-03
   1.7806836e+06   5.3014680e-01   3.7927925e-01   2.2974345e-13   9.0942605e-01   1.0000000e+00   8.1099341e-03
   2.3195336e+06   1.0291494e-01   7.4340835e-02   4.8872731e-13   1.7725578e-01   1.0000000e+00   8.0926371e-03
   2.3242604e+06   1.1791247e-01   1.0691551e-01   4.3392207e-13   2.2482798e-01   1.0000000e+00   8.0832441e-03
   3.5344672e+05   5.4732780e+01   7.1282013e+00   5.4110212e-14   6.1860982e+01   1.0000000e+00   8.0757731e-03
   2.3497972e+06   1.0811291e-01   1.0175573e-01   4.4846287e-13   2.0986864e-01   1.0000000e+00   8.0598436e-03
   2.3723026e+06   1.0000000e-01   1.2178335e-01   4.4113825e-13   2.2178335e-01   1.0000000e+00   8.0354197e-03
   8.8414538e+04   8.5688248e+02   3.4835924e+01   2.6607544e-14   8.9171840e+02   1.0000000e+00   7.9500228e-03
   1.0409334e+05   5.3431378e+02   2.2747203e+01   3.0049240e-14   5.5706098e+02   1.0000000e+00   7.9395944e-03
   2.0053957e+06   3.7589980e-01   2.8225476e-01   2.6440100e-13   6.5815456e-01   1.0000000e+00   7.8895181e-03
   2.0026371e+05   1.6767738e+02   1.3414252e+01   4.0316149e-14   1.8109163e+02   1.0000000e+00   7.8825393e-03
   1.0342324e+05   6.5256000e+02   2.5787982e+01   2.8536266e-14   6.7834799e+02   1.0000000e+00   7.8729876e-03
   1.8630151e+05   1.5051658e+02   9.5001070e+00   4.1783827e-14   1.6001668e+02   1.0000000e+00   7.8698794e-03
   8.7959748e+04   9.2667482e+02   3.1623854e+01   2.6124497e-14   9.5829868e+02   1.0000000e+00   7.8694943e-03
   1.0127035e+05   6.5888532e+02   2.6537336e+01   2.8456681e-14   6.8542266e+02   1.0000000e+00   7.8546815e-03
   2.7701032e+05   8.4936282e+01   8.1981562e+00   4.8271694e-14   9.3134438e+01   1.0000000e+00   7.8480760e-03
   2.2205667e+06   1.0000374e-01   6.3930119e-02   5.1026648e-13   1.6393385e-01   1.0000000e+00   7.8351380e-03
   1.7916030e+06   1.0000000e-01   4.4489204e-02   5.5558822e-13   1.4448920e-01   1.0000000e+00   7.8324107e-03
   1.5354533e+05   2.4291392e+02   1.8848145e+01   3.6619025e-14   2.6176206e+02   1.0000000e+00   7.7906826e-03
   1.7031145e+06   1.0035371e-01   4.0036898e-02   5.6941130e-13   1.4039061e-01   1.0000000e+00   7.7717952e-03
   1.1283230e+06   1.0000000e-01   1.6943240e-02   7.0334358e-13   1.1694324e-01   1.0000000e+00   7.7512210e-03
   1.2539709e+06   1.0016450e-01   2.0842328e-02   6.6817497e-13   1.2100683e-01   1.0000000e+00   7.7450818e-03
   9.1320041e+04   8.3561092e+02   3.3528023e+01   2.6783447e-14   8.6913894e+02   1.0000000e+00   7.7276811e-03
   2.5081109e+05   9.9232733e+01   5.1492113e+00   4.7180035e-14   1.0438194e+02   1.0000000e+00   7.7274492e-03
   1.5574173e+06   2.4258938e+00   1.1921384e+00   1.3414188e-13   3.6180322e+00   1.0000000e+00   7.7112393e-03
   9.5794030e+05   3.6776502e+00   1.5516129e+00   1.1646973e-13   5.2292631e+00   1.0000000e+00   7.7076987e-03
   1.5362066e+05   2.9042827e+02   1.7548215e+01   3.5029266e-14   3.0797649e+02   1.0000000e+00   7.7026447e-03
   9.1699132e+04   7.6993167e+02   3.1644919e+01   2.7341785e-14   8.0157659e+02   1.0000000e+00   7.6963328e-03
   2.0610190e+06   1.0000045e-01   7.3534683e-02   4.9316254e-13   1.7353514e-01   1.0000000e+00   7.6889755e-03
   2.2851517e+06   1.0149535e-01   8.0524663e-02   4.8071978e-13   1.8202002e-01   1.0000000e+00   7.6429759e-03
   9.3914386e+04   7.3981106e+02   2.6218081e+01   2.7655903e-14   7.6602914e+02   1.0000000e+00   7.6368989e-03
   1.6145108e+05   2.5574110e+02   1.5954449e+01   3.6198004e-14   2.7169555e+02   1.0000000e+00   7.6296523e-03
   8.2778224e+04   1.0000000e+03   9.0726873e+01   2.5499333e-14   1.0907269e+03   1.0000000e+00   7.6072404e-03
   2.2749785e+06   1.6365264e-01   1.5092903e-01   3.7042503e-13   3.1458168e-01   1.0000000e+00   7.6025945e-03
   8.1584821e+04   1.0000000e+03   6.4212023e+01   2.5528839e-14   1.0642120e+03   1.0000000e+00   7.5920468e-03
   8.9853082e+04   8.5309383e+02   3.3493091e+01   2.6645606e-14   8.8658692e+02   1.0000000e+00   7.5849697e-03
   1.5387358e+05   2.9816372e+02   1.7256470e+01   3.4817948e-14   3.1542019e+02   1.0000000e+00   7.5775995e-03
   8.7354541e+05   1.0000000e-01   1.1786323e-02   7.6903634e-13   1.1178632e-01   1.0000000e+00   7.5678568e-03
   8.8548873e+04   8.7068924e+02   3.5127150e+01   2.6501674e-14   9.0581639e+02   1.0000000e+00   7.5257280e-03
   1.1665347e+06   2.8333475e+00   1.5943255e+00   1.2366110e-13   4.4276729e+00   1.0000000e+00   7.5241690e-03
   8.3672133e+04   9.9941962e+02   3.4948709e+01   2.5617534e-14   1.0343683e+03   1.0000000e+00   7.5188601e-03
   8.8850305e+04   8.6031026e+02   3.4929337e+01   2.6581112e-14   8.9523959e+02   1.0000000e+00   7.5152058e-03
   1.0395299e+06   1.0000003e-01   1.6144487e-02   7.1132189e-13   1.1614452e-01   1.0000000e+00   7.5139806e-03
   1.6725005e+06   1.6548827e+00   1.0772942e+00   1.4805853e-13   2.7321769e+00   1.0000000e+00   7.5057064e-03
   1.4468531e+06   1.0039812e-01   3.7857281e-02   5.7797748e-13   1.3825540e-01   1.0000000e+00   7.4924217e-03
   1.0354688e+05   6.4802278e+02   2.5888178e+01   2.8583727e-14   6.7391096e+02   1.0000000e+00   7.4893931e-03
   6.6740354e+05   7.0859325e+00   2.0292704e+00   9.7129222e-14   9.1152029e+00   1.0000000e+00   7.4786594e-03
   8.2235838e+04   1.0000000e+03   8.5845632e+01   2.5503355e-14   1.0858456e+03   1.0000000e+00   7.4739902e-03
   1.5314063e+06   1.2109335e+00   5.7882400e-01   1.7401309e-13   1.7897576e+00   1.0000000e+00   7.4661565e-03
   7.8985885e+05   6.9715997e+00   3.0175409e+00   9.4091647e-14   9.9891407e+00   1.0000000e+00   7.4507618e-03
   1.6522859e+05   2.7428401e+02   1.6502233e+01   3.5599134e-14   2.9078625e+02   1.0000000e+00   7.4431877e-03
   2.2451675e+06   1.1131495e-01   1.1063350e-01   4.3784424e-13   2.2194846e-01   1.0000000e+00   7.4241266e-03
   1.7143475e+06   7.4130166e-01   3.8729934e-01   2.1056600e-13   1.1286010e+00   1.0000000e+00   7.4166198e-03
   1.9250824e+06   3.6698725e-01   2.3622583e-01   2.7562787e-13   6.0321308e-01   1.0000000e+00   7.4163922e-03
   1.3967117e+05   3.4404572e+02   2.1243236e+01   3.3503390e-14   3.6528895e+02   1.0000000e+00   7.3718988e-03
   1.0799806e+05   5.5539068e+02   2.2405438e+01   2.9736275e-14   5.7779612e+02   1.0000000e+00   7.3287099e-03
   1.0788346e+05   5.6058937e+02   2.2434353e+01   2.9666946e-14   5.8302373e+02   1.0000000e+00   7.3194730e-03
   2.2460424e+06   1.6132399e-01   1.2596481e-01   3.8686582e-13   2.8728881e-01   1.0000000e+00   7.3040505e-03
   1.4264564e+05   3.5015635e+02   2.2642395e+01   3.3345148e-14   3.7279874e+02   1.0000000e+00   7.2906553e-03
   9.1280785e+04   8.7582609e+02   3.2271221e+01   2.6491594e-14   9.0809731e+02   1.0000000e+00   7.2679957e-03
   3.0268517e+05   8.1005782e+01   8.4338910e+00   4.8900734e-14   8.9439673e+01   1.0000000e+00   7.2591383e-03
   1.0715587e+05   5.9813627e+02   2.5461073e+01   2.9159071e-14   6.2359735e+02   1.0000000e+00   7.2228004e-03
   1.0187297e+06   1.0000123e-01   1.5891045e-02   7.1416397e-13   1.1589228e-01   1.0000000e+00   7.2206316e-03
   3.0854263e+05   4.7008397e+01   7.7036581e+00   5.6354478e-14   5.4712055e+01   1.0000000e+00   7.2156403e-03
   9.0930039e+04   8.4797823e+02   3.0435797e+01   2.6707552e-14   8.7841403e+02   1.0000000e+00   7.2036687e-03
   8.6853714e+05   1.0000000e-01   1.0439428e-02   7.9256653e-13   1.1043943e-01   1.0000000e+00   7.2034880e-03
   1.2975868e+05   3.8027196e+02   2.3719721e+01   3.2644538e-14   4.0399168e+02   1.0000000e+00   7.1987341e-03
   2.2508129e+06   2.8719576e-01   1.9787511e-01   3.0499191e-13   4.8507087e-01   1.0000000e+00   7.1973839e-03
   9.0169128e+04   8.0195405e+02   3.1424494e+01   2.7068492e-14   8.3337854e+02   1.0000000e+00   7.1964308e-03
   1.4583220e+06   1.0000000e-01   3.7166438e-02   5.8077875e-13   1.3716644e-01   1.0000000e+00   7.1806231e-03
   2.3269436e+06   2.3951066e-01   2.1936927e-01   3.1116989e-13   4.5887993e-01   1.0000000e+00   7.1469230e-03
   3.0527508e+05   4.2475568e+01   6.7224892e+00   5.8314521e-14   4.9198058e+01   1.0000000e+00   7.1444019e-03
   2.4940162e+05   7.8322026e+01   8.4034348e+00   4.9382263e-14   8.6725461e+01   1.0000000e+00   7.1336783e-03
   2.5523781e+05   7.2429670e+01   9.5399631e+00   5.0263914e-14   8.1969634e+01   1.0000000e+00   7.1184475e-03
   1.5590997e+05   2.6722080e+02   1.2858952e+01   3.5931770e-14   2.8007975e+02   1.0000000e+00   7.1043938e-03
   1.0611462e+06   1.0000003e-01   1.6421319e-02   7.0833784e-13   1.1642135e-01   1.0000000e+00   7.0949331e-03
   1.0130415e+05   5.6594016e+02   2.4428130e+01   2.9602527e-14   5.9036829e+02   1.0000000e+00   7.0717418e-03
   1.0283063e+05   6.3268222e+02   2.4201151e+01   2.8768973e-14   6.5688337e+02   1.0000000e+00   7.0646199e-03
   1.6272549e+05   2.4373843e+02   1.4315147e+01   3.6693143e-14   2.5805358e+02   1.0000000e+00   7.0537642e-03
   1.2932300e+05   3.5327059e+02   2.3256456e+01   3.3276975e-14   3.7652704e+02   1.0000000e+00   7.0379278e-03
   1.4623740e+05   3.4722765e+02   2.1526903e+01   3.3450709e-14   3.6875456e+02   1.0000000e+00   7.0318393e-03
   1.0477509e+05   5.7121718e+02   2.2446290e+01   2.9533705e-14   5.9366347e+02   1.0000000e+00   7.0145120e-03
   1.6780369e+06   1.8012005e+00   1.1147774e+00   1.4477410e-13   2.9159779e+00   1.0000000e+00   6.9860560e-03
   5.0439109e+05   1.5005748e+01   3.1379067e+00   7.7875113e-14   1.8143655e+01   1.0000000e+00   6.9620270e-03
   9.1252303e+04   7.6997596e+02   2.9202119e+01   2.7359932e-14   7.9917808e+02   1.0000000e+00   6.9522723e-03
   1.7734350e+06   1.0080538e-01   5.1778549e-02   5.3457209e-13   1.5258393e-01   1.0000000e+00   6.9400008e-03
   8.2683307e+04   9.9999064e+02   7.4556212e+01   2.5514636e-14   1.0745469e+03   1.0000000e+00   6.9378146e-03
   1.4414430e+06   1.0045021e-01   3.9551355e-02   5.7253706e-13   1.4000156e-01   1.0000000e+00   6.9345083e-03
   1.3746808e+06   1.5777258e+00   8.9485069e-01   1.5283372e-13   2.4725765e+00   1.0000000e+00   6.9207831e-03
   2.0891163e+06   2.3685039e-01   2.4378422e-01   3.0672778e-13   4.8063461e-01   1.0000000e+00   6.9125717e-03
   4.8615542e+05   2.6760026e+01   3.9353759e+00   6.6248106e-14   3.0695402e+01   1.0000000e+00   6.9107014e-03
   1.2860302e+05   4.1268121e+02   2.0259831e+01   3.2045457e-14   4.3294104e+02   1.0000000e+00   6.9092253e-03
   1.4934800e+05   3.2538737e+02   2.1597108e+01   3.3982492e-14   3.4698448e+02   1.0000000e+00   6.9081753e-03
   9.4173842e+04   7.5826401e+02   2.7080973e+01   2.7479511e-14   7.8534499e+02   1.0000000e+00   6.8370011e-03
   9.9027868e+05   1.0000000e-01   1.5022831e-02   7.2415417e-13   1.1502283e-01   1.0000000e+00   6.8171787e-03
   2.1202634e+06   1.9078577e-01   1.6559955e-01   3.4975716e-13   3.5638531e-01   1.0000000e+00   6.8036435e-03
   2.1526552e+06   1.6070116e-01   1.3922299e-01   3.7902728e-13   2.9992414e-01   1.0000000e+00   6.7941622e-03
   1.7043671e+06   1.0841880e+00   7.5647252e-01   1.7166978e-13   1.8406605e+00   1.0000000e+00   6.7914823e-03
   4.8095930e+05   2.9487926e+01   5.2063424e+00   6.3877500e-14   3.4694268e+01   1.0000000e+00   6.7800550e-03
   1.1056739e+05   5.5270516e+02   2.2407264e+01   2.9772325e-14   5.7511243e+02   1.0000000e+00   6.7616354e-03
   2.7323510e+05   6.5470085e+01   7.1755253e+00   5.1838917e-14   7.2645610e+01   1.0000000e+00   6.7590295e-03
   2.0105221e+06   3.7997638e-01   2.6281668e-01   2.6751197e-13   6.4279306e-01   1.0000000e+00   6.7536090e-03
   1.2416375e+06   2.5824026e+00   1.2081560e+00   1.3024413e-13   3.7905586e+00   1.0000000e+00   6.6858938e-03
   1.0916979e+06   1.0000000e-01   1.7248471e-02   6.9981064e-13   1.1724847e-01   1.0000000e+00   6.6821356e-03
   1.7926483e+06   8.1523708e-01   4.3564914e-01   2.0182341e-13   1.2508862e+00   1.0000000e+00   6.6333029e-03
   1.9820060e+06   3.8706414e-01   2.8821350e-01   2.6141717e-13   6.7527765e-01   1.0000000e+00   6.6184280e-03
   8.4525942e+05   1.0000023e-01   1.0212142e-02   7.9677845e-13   1.1021237e-01   1.0000000e+00   6.6080464e-03
   8.6380804e+04   8.8035502e+02   3.3366745e+01   2.6439195e-14   9.1372176e+02   1.0000000e+00   6.6013545e-03
   1.0072654e+05   6.9281799e+02   2.6981142e+01   2.8106006e-14   7.1979913e+02   1.0000000e+00   6.5919500e-03
   1.4311723e+06   1.0000000e-01   3.0969861e-02   6.0622682e-13   1.3096986e-01   1.0000000e+00   6.5787899e-03
   9.3142688e+04   7.1878545e+02   2.5882181e+01   2.7863311e-14   7.4466763e+02   1.0000000e+00   6.5651924e-03
   1.3646579e+05   3.8934791e+02   2.0848943e+01   3.2516352e-14   4.1019685e+02   1.0000000e+00   6.5550832e-03
   2.3775377e+06   1.0000000e-01   7.8921575e-02   4.8512362e-13   1.7892158e-01   1.0000000e+00   6.5431906e-03
   2.0194172e+05   2.1506818e+02   1.5075012e+01   3.8037540e-14   2.3014319e+02   1.0000000e+00   6.5424417e-03
   1.0166583e+06   1.0003037e-01   2.0400617e-02   6.7489584e-13   1.2043098e-01   1.0000000e+00   6.5366916e-03
   1.7620846e+06   1.0000001e-01   4.6604414e-02   5.4915759e-13   1.4660442e-01   1.0000000e+00   6.5149431e-03
   2.1287311e+06   2.2788895e-01   1.6334499e-01   3.3534860e-13   3.9123394e-01   1.0000000e+00   6.4994140e-03
   1.5488447e+05   3.0413257e+02   1.6381457e+01   3.4687636e-14   3.2051403e+02   1.0000000e+00   6.4769778e-03
   1.3123650e+06   1.0000000e-01   2.7187719e-02   6.2593001e-13   1.2718772e-01   1.0000000e+00   6.4554059e-03
   1.0698087e+06   1.0000003e-01   1.6660070e-02   7.0582069e-13   1.1666010e-01   1.0000000e+00   6.4411771e-03
   1.3644564e+06   1.0000006e-01   3.2996788e-02   5.9800716e-13   1.3299685e-01   1.0000000e+00   6.4370657e-03
   1.1658346e+05   4.5001352e+02   1.6588510e+01   3.1451530e-14   4.6660203e+02   1.0000000e+00   6.4362585e-03
   1.7656611e+06   1.0005962e-01   4.1121670e-02   5.6651148e-13   1.4118129e-01   1.0000000e+00   6.4307320e-03
   1.4947441e+05   3.1049523e+02   1.9780372e+01   3.4401685e-14   3.3027560e+02   1.0000000e+00   6.4270988e-03
   2.0626707e+05   1.4545778e+02   1.0445066e+01   4.1967041e-14   1.5590284e+02   1.0000000e+00   6.4104831e-03
   1.3953223e+05   3.1624444e+02   2.0756748e+01   3.4228839e-14   3.3700118e+02   1.0000000e+00   6.3976714e-03
   1.2731689e+06   1.0000040e-01   2.5901751e-02   6.3345995e-13   1.2590215e-01   1.0000000e+00   6.3861047e-03
   1.2594773e+05   3.9443397e+02   2.1528577e+01   3.2386649e-14   4.1596255e+02   1.0000000e+00   6.3634898e-03
   2.1492458e+05   1.3436878e+02   9.9284479e+00   4.2850997e-14   1.4429722e+02   1.0000000e+00   6.3241882e-03
   1.1895364e+06   3.3042850e+00   1.5068756e+00   1.1971783e-13   4.8111606e+00   1.0000000e+00   6.3066932e-03
   8.0355806e+04   8.9046305e+02   3.2869495e+01   2.6404118e-14   9.2333254e+02   1.0000000e+00   6.2941656e-03
   1.8994128e+06   3.6931328e-01   2.4275005e-01   2.7366484e-13   6.1206333e-01   1.0000000e+00   6.2705890e-03
   8.9567946e+04   7.9616837e+02   3.3296262e+01   2.7107732e-14   8.2946463e+02   1.0000000e+00   6.2400072e-03
   1.7631190e+06   1.0000000e-01   6.1056525e-02   5.1681915e-13   1.6105652e-01   1.0000000e+00   6.2004563e-03
   2.3416419e+06   1.5830201e-01   1.4879993e-01   3.7457616e-13   3.0710194e-01   1.0000000e+00   6.1981027e-03
   8.5854527e+04   1.0000000e+03   4.3993989e+01   2.5586487e-14   1.0439940e+03   1.0000000e+00   6.1946609e-03
   1.8699623e+06   1.2641612e+00   7.3128179e-01   1.6780839e-13   1.9954429e+00   1.0000000e+00   6.1873586e-03
   1.3754333e+06   1.0000000e-01   3.3856594e-02   5.9439520e-13   1.3385659e-01   1.0000000e+00   6.1584518e-03
   1.6199136e+05   2.3502530e+02   1.3953467e+01   3.7046302e-14   2.4897877e+02   1.0000000e+00   6.1575899e-03
   2.2871427e+06   1.0000000e-01   8.7348526e-02   4.7354473e-13   1.8734853e-01   1.0000000e+00   6.1369724e-03
   8.1954320e+04   9.8987946e+02   3.1321656e+01   2.5696174e-14   1.0212011e+03   1.0000000e+00   6.1227262e-03
   2.2358108e+05   1.2104206e+02   1.1850498e+01   4.3820323e-14   1.3289256e+02   1.0000000e+00   6.1202422e-03
   2.1230054e+05   1.3816511e+02   1.1805097e+01   4.2399636e-14   1.4997021e+02   1.0000000e+00   6.1184156e-03
   1.1166226e+06   1.0000000e-01   1.8849332e-02   6.8467637e-13   1.1884933e-01   1.0000000e+00   6.1175227e-03
   1.1697835e+05   4.7536253e+02   2.2111419e+01   3.0908781e-14   4.9747395e+02   1.0000000e+00   6.0711744e-03
   1.3850966e+06   1.0000000e-01   2.8461536e-02   6.1883644e-13   1.2846154e-01   1.0000000e+00   6.0707875e-03
   2.2407914e+05   1.1777863e+02   1.1617286e+01   4.4143663e-14   1.2939591e+02   1.0000000e+00   6.0596905e-03
   2.2508130e+06   2.9356415e-01   2.4013166e-01   2.9057895e-13   5.3369581e-01   1.0000000e+00   6.0592829e-03
   1.2301183e+06   2.1333535e+00   1.1263045e+00   1.3781209e-13   3.2596580e+00   1.0000000e+00   6.0470362e-03
   2.0259638e+06   3.3711182e-01   2.2852903e-01   2.8350071e-13   5.6564084e-01   1.0000000e+00   6.0291130e-03
   8.4573542e+04   9.0276719e+02   3.3099105e+01   2.6278493e-14   9.3586629e+02   1.0000000e+00   6.0044185e-03
   8.3085717e+04   9.8472783e+02   3.4823774e+01   2.5709360e-14   1.0195516e+03   1.0000000e+00   6.0005731e-03
   1.5529616e+05   3.2884348e+02   2.1123617e+01   3.3955129e-14   3.4996710e+02   1.0000000e+00   5.9904578e-03
   1.8662734e+05   1.5758380e+02   1.0959051e+01   4.1147752e-14   1.6854285e+02   1.0000000e+00   5.9578606e-03
   1.2146966e+05   4.8479499e+02   2.2629942e+01   3.0762752e-14   5.0742493e+02   1.0000000e+00   5.9529990e-03
   2.2205008e+05   1.4202268e+02   1.1474458e+01   4.2158380e-14   1.5349714e+02   1.0000000e+00   5.9517274e-03
   2.3252520e+06   1.2824208e-01   1.4066414e-01   4.0062679e-13   2.6890623e-01   1.0000000e+00   5.9444480e-03
   2.3117068e+06   1.1654272e-01   1.1673792e-01   4.2713429e-13   2.3328064e-01   1.0000000e+00   5.9430657e-03
   9.3810486e+04   7.4443495e+02   2.6170641e+01   2.7613575e-14   7.7060559e+02   1.0000000e+00   5.9400118e-03
   1.1750174e+05   4.6811020e+02   2.2342687e+01   3.1023706e-14   4.9045288e+02   1.0000000e+00   5.9397263e-03
   1.2137963e+06   1.0000000e-01   2.2670500e-02   6.5433177e-13   1.2267050e-01   1.0000000e+00   5.9393756e-03
   1.9876560e+06   4.1906107e-01   3.1043915e-01   2.5264677e-13   7.2950021e-01   1.0000000e+00   5.9270877e-03
   9.0165676e+04   8.0525859e+02   3.2020716e+01   2.7036804e-14   8.3727931e+02   1.0000000e+00   5.9041725e-03
   1.7648140e+06   1.0033010e-01   5.7649184e-02   5.2264454e-13   1.5797928e-01   1.0000000e+00   5.8754873e-03
   7.2591187e+05   6.1001488e+00   1.5371108e+00   1.0290738e-13   7.6372596e+00   1.0000000e+00   5.8714755e-03
   8.2481832e+04   1.0000000e+03   9.4203308e+01   2.5496692e-14   1.0942033e+03   1.0000000e+00   5.8696011e-03
   1.5059463e+05   3.3889138e+02   2.2055773e+01   3.3662825e-14   3.6094715e+02   1.0000000e+00   5.8606951e-03
   9.4512584e+04   6.7046027e+02   2.6612976e+01   2.8351925e-14   6.9707324e+02   1.0000000e+00   5.8442050e-03
   8.3839451e+04   1.0000000e+03   7.7084680e+01   2.5513441e-14   1.0770847e+03   1.0000000e+00   5.8210472e-03
   1.4225851e+06   1.0000000e-01   3.0146533e-02   6.1021444e-13   1.3014653e-01   1.0000000e+00   5.8127461e-03
   1.3782413e+06   1.0000000e-01   2.3141049e-02   6.5255990e-13   1.2314105e-01   1.0000000e+00   5.8052385e-03
   8.3971071e+04   9.4093040e+02   3.1764493e+01   2.6017266e-14   9.7269489e+02   1.0000000e+00   5.7995532e-03
   1.1685963e+05   4.7962694e+02   2.2112114e+01   3.0840172e-14   5.0173905e+02   1.0000000e+00   5.7699229e-03
   2.1306222e+06   1.6330931e-01   1.3948478e-01   3.7739470e-13   3.0279408e-01   1.0000000e+00   5.7467867e-03
   2.0958136e+05   1.3551488e+02   1.1891691e+01   4.2608885e-14   1.4740657e+02   1.0000000e+00   5.7398591e-03
   1.4207401e+06   1.0000000e-01   2.9312771e-02   6.1442935e-13   1.2931277e-01   1.0000000e+00   5.7362070e-03
   4.2305368e+05   5.2323151e+01   5.8948087e+00   5.5750528e-14   5.8217960e+01   1.0000000e+00   5.7310155e-03
   2.3145509e+06   1.2060084e-01   1.2406033e-01   4.1791433e-13   2.4466117e-01   1.0000000e+00   5.7298580e-03
   1.8900451e+05   1.5295213e+02   1.0890970e+01   4.1462439e-14   1.6384310e+02   1.0000000e+00   5.7286007e-03
   2.2991959e+06   1.0296480e-01   7.2622308e-02   4.9139648e-13   1.7558711e-01   1.0000000e+00   5.7231538e-03
   8.5579593e+04   9.5598233e+02   3.3216009e+01   2.5910008e-14   9.8919834e+02   1.0000000e+00   5.7228595e-03
   9.4805898e+04   7.3551577e+02   2.6798071e+01   2.7689719e-14   7.6231385e+02   1.0000000e+00   5.7168694e-03
   2.4857990e+05   9.1534438e+01   7.9038656e+00   4.7438086e-14   9.9438303e+01   1.0000000e+00   5.7057445e-03
   1.0608947e+05   6.2553456e+02   2.3129982e+01   2.8870315e-14   6.4866454e+02   1.0000000e+00   5.6942459e-03
   1.6409416e+06   8.0820305e-01   4.9118250e-01   1.9753578e-13   1.2993856e+00   1.0000000e+00   5.6915311e-03
   1.3541775e+06   1.0000000e-01   2.8789926e-02   6.1720805e-13   1.2878993e-01   1.0000000e+00   5.6842435e-03
   2.0668458e+06   1.0000000e-01   8.0410887e-02   4.8365580e-13   1.8041089e-01   1.0000000e+00   5.6821095e-03
   1.7893847e+06   1.0006990e-01   4.3906291e-02   5.5732809e-13   1.4397619e-01   1.0000000e+00   5.6756855e-03
   2.3602641e+06   1.1219177e-01   1.0107304e-01   4.4492594e-13   2.1326481e-01   1.0000000e+00   5.6695637e-03
   2.0895742e+06   1.9992527e-01   1.6330962e-01   3.4660258e-13   3.6323489e-01   1.0000000e+00   5.6621509e-03
   1.0276940e+05   6.2870695e+02   2.4333238e+01   2.8812134e-14   6.5304019e+02   1.0000000e+00   5.6462740e-03
   1.6037869e+05   2.8239287e+02   1.6817006e+01   3.5315814e-14   2.9920988e+02   1.0000000e+00   5.6453950e-03
   9.5481326e+04   7.0003059e+02   2.5847455e+01   2.8042414e-14   7.2587805e+02   1.0000000e+00   5.6359844e-03
   1.7767218e+06   1.0000000e-01   4.9264669e-02   5.4191560e-13   1.4926467e-01   1.0000000e+00   5.6204874e-03
   8.5740375e+04   8.9246090e+02   3.3709219e+01   2.6348243e-14   9.2617012e+02   1.0000000e+00   5.6192723e-03
   1.0855371e+06   1.0000000e-01   1.7412656e-02   6.9816244e-13   1.1741266e-01   1.0000000e+00   5.6168842e-03
   8.4110636e+04   9.2138347e+02   3.1607082e+01   2.6154419e-14   9.5299055e+02   1.0000000e+00   5.6100207e-03
   9.1216528e+04   7.6197969e+02   2.9137887e+01   2.7432823e-14   7.9111758e+02   1.0000000e+00   5.6099289e-03
   2.2227637e+06   2.8127905e-01   2.1291861e-01   3.0115634e-13   4.9419766e-01   1.0000000e+00   5.6050779e-03
   1.0100890e+05   6.8708523e+02   2.6774479e+01   2.8165334e-14   7.1385971e+02   1.0000000e+00   5.5928516e-03
   2.0173550e+06   3.2299226e-01   2.5891340e-01   2.7939441e-13   5.8190566e-01   1.0000000e+00   5.5888308e-03
   3.1318580e+05   5.9663927e+01   8.4467097e+00   5.2663216e-14   6.8110637e+01   1.0000000e+00   5.5843358e-03
   1.3322969e+05   3.8677162e+02   2.2186466e+01   3.2531463e-14   4.0895809e+02   1.0000000e+00   5.5820150e-03
   1.0191971e+05   6.3643751e+02   2.9315634e+01   2.8676450e-14   6.6575315e+02   1.0000000e+00   5.5785920e-03
   1.0058556e+05   6.8399531e+02   2.6919890e+01   2.8193229e-14   7.1091520e+02   1.0000000e+00   5.5779665e-03
   1.8944527e+05   1.6710740e+02   1.0650958e+01   4.0532627e-14   1.7775836e+02   1.0000000e+00   5.5593147e-03
   1.2392162e+06   2.0524482e+00   9.7767278e-01   1.4149693e-13   3.0301210e+00   1.0000000e+00   5.5463541e-03
   1.0715280e+05   5.8823023e+02   2.5166570e+01   2.9281565e-14   6.1339680e+02   1.0000000e+00   5.5423879e-03
   1.7814356e+06   1.0164404e-01   4.6889912e-02   5.4619240e-13   1.4853395e-01   1.0000000e+00   5.5337291e-03
   9.1441632e+05   1.0000000e-01   1.4993035e-02   7.2621071e-13   1.1499304e-01   1.0000000e+00   5.5237351e-03
   1.2728217e+06   4.5376531e+00   1.5231897e+00   1.1262756e-13   6.0608428e+00   1.0000000e+00   5.5226480e-03
   1.0303144e+05   6.7956433e+02   2.6856441e+01   2.8248085e-14   7.0642077e+02   1.0000000e+00   5.5200834e-03
   1.2991553e+05   3.3558696e+02   2.3567263e+01   3.3722922e-14   3.5915422e+02   1.0000000e+00   5.4992266e-03
   8.7442630e+04   8.3771830e+02   3.4779864e+01   2.6760310e-14   8.7249816e+02   1.0000000e+00   5.4741370e-03
   2.1360736e+06   3.0134330e-01   2.4786915e-01   2.8664525e-13   5.4921245e-01   1.0000000e+00   5.4717348e-03
   1.1604102e+05   5.0938611e+02   2.2616057e+01   3.0378899e-14   5.3200217e+02   1.0000000e+00   5.4618251e-03
   2.4896967e+05   7.3057226e+01   1.0317893e+01   5.0156836e-14   8.3375119e+01   1.0000000e+00   5.4609082e-03
   2.4572275e+05   9.9763543e+01   8.4467493e+00   4.6331754e-14   1.0821029e+02   1.0000000e+00   5.4553745e-03
   1.3123390e+05   3.7239311e+02   2.1581863e+01   3.2846860e-14   3.9397497e+02   1.0000000e+00   5.4534690e-03
   2.3548586e+06   1.0376661e-01   8.7392963e-02   4.6910071e-13   1.9115957e-01   1.0000000e+00   5.4480071e-03
   8.8744723e+04   8.4032270e+02   3.4770987e+01   2.6736775e-14   8.7509369e+02   1.0000000e+00   5.4466348e-03
   1.4212032e+06   1.0000000e-01   2.9638110e-02   6.1276067e-13   1.2963811e-01   1.0000000e+00   5.4363945e-03
   2.2570193e+06   1.6129380e-01   1.2682462e-01   3.8630592e-13   2.8811841e-01   1.0000000e+00   5.4340865e-03
   9.8159351e+05   3.6076894e+00   1.1112772e+00   1.2100032e-13   4.7189666e+00   1.0000000e+00   5.4339870e-03
   3.0264036e+05   5.2668610e+01   6.3410866e+00   5.4940359e-14   5.9009696e+01   1.0000000e+00   5.4275547e-03
   1.3966808e+05   3.3392277e+02   2.1105908e+01   3.3754525e-14   3.5502868e+02   1.0000000e+00   5.4087986e-03
   2.1582056e+06   1.0000000e-01   8.5385356e-02   4.7664496e-13   1.8538536e-01   1.0000000e+00   5.4027920e-03
   1.1194548e+06   1.0000000e-01   1.8886328e-02   6.8433990e-13   1.1888633e-01   1.0000000e+00   5.3861334e-03
   8.2682760e+04   9.3792250e+02   3.2313688e+01   2.6037100e-14   9.7023619e+02   1.0000000e+00   5.3806132e-03
   8.3368607e+04   9.9999339e+02   5.1394177e+01   2.5554242e-14   1.0513876e+03   1.0000000e+00   5.3710650e-03
   1.2831908e+05   4.1088922e+02   1.6726727e+01   3.2160273e-14   4.2761594e+02   1.0000000e+00   5.3479797e-03
   1.2439130e+06   1.0003440e-01   2.0498020e-02   6.7112434e-13   1.2053242e-01   1.0000000e+00   5.3473964e-03
   1.1561305e+06   1.0000000e-01   2.4860415e-02   6.4167321e-13   1.2486041e-01   1.0000000e+00   5.3419768e-03
   9.2099755e+04   7.4448662e+02   3.0945767e+01   2.7578367e-14   7.7543238e+02   1.0000000e+00   5.3357282e-03
   1.6903695e+06   7.4798369e-01   4.5928447e-01   2.0367331e-13   1.2072682e+00   1.0000000e+00   5.3053206e-03
   1.4277440e+06   1.0000000e-01   3.1633294e-02   6.0315342e-13   1.3163329e-01   1.0000000e+00   5.3029670e-03
   1.3902109e+06   1.0000000e-01   3.2157997e-02   6.0111798e-13   1.3215800e-01   1.0000000e+00   5.2991206e-03
   2.3144412e+06   2.7737035e-01   1.9132464e-01   3.1034052e-13   4.6869499e-01   1.0000000e+00   5.2779745e-03
   8.2921326e+04   1.0000000e+03   9.7176250e+01   2.5494724e-14   1.0971763e+03   1.0000000e+00   5.2753171e-03
   1.2200380e+05   4.8044164e+02   2.3255920e+01   3.0822295e-14   5.0369756e+02   1.0000000e+00   5.2693401e-03
   8.4749074e+04   9.4176688e+02   3.4787294e+01   2.5994176e-14   9.7655417e+02   1.0000000e+00   5.2662404e-03
   2.1561612e+06   1.0000000e-01   8.4497729e-02   4.7773216e-13   1.8449773e-01   1.0000000e+00   5.2580360e-03
   1.0447957e+05   6.0908434e+02   2.2347262e+01   2.9064909e-14   6.3143160e+02   1.0000000e+00   5.2522395e-03
   1.1846233e+06   5.2127576e+00   1.7561651e+00   1.0692216e-13   6.9689227e+00   1.0000000e+00   5.2510615e-03
   2.0300589e+06   3.8195865e-01   2.4694314e-01   2.7078363e-13   6.2890179e-01   1.0000000e+00   5.2351462e-03
   1.0389856e+05   6.4297139e+02   2.5814015e+01   2.8639753e-14   6.6878541e+02   1.0000000e+00   5.1997900e-03
   1.2191990e+06   2.5775908e+00   1.1303384e+00   1.3130632e-13   3.7079292e+00   1.0000000e+00   5.1834774e-03
   3.1233344e+05   4.5416034e+01   6.7266768e+00   5.7062645e-14   5.2142711e+01   1.0000000e+00   5.1545812e-03
   2.0258812e+06   4.4062995e-01   2.7399579e-01   2.5627423e-13   7.1462574e-01   1.0000000e+00   5.1495401e-03
   1.3541774e+06   1.0016325e-01   3.0589306e-02   6.0825413e-13   1.3075255e-01   1.0000000e+00   5.1432787e-03
   2.1417436e+06   1.0000000e-01   5.8851027e-02   5.2044046e-13   1.5885103e-01   1.0000000e+00   5.1276275e-03
   1.1858095e+06   1.0000000e-01   2.1253738e-02   6.6474424e-13   1.2125374e-01   1.0000000e+00   5.1221834e-03
   1.8568944e+06   1.2734438e+00   6.9702205e-01   1.6887423e-13   1.9704658e+00   1.0000000e+00   5.1204600e-03
   1.1278947e+05   5.3748644e+02   2.3150882e+01   2.9969612e-14   5.6063732e+02   1.0000000e+00   5.0885164e-03
   2.0291332e+06   3.1459067e-01   2.3080966e-01   2.8772934e-13   5.4540032e-01   1.0000000e+00   5.0870922e-03
   2.3654855e+06   1.1035257e-01   8.5361048e-02   4.6495287e-13   1.9571362e-01   1.0000000e+00   5.0662912e-03
   1.4791412e+05   2.3255699e+02   1.4973943e+01   3.7229001e-14   2.4753093e+02   1.0000000e+00   5.0638193e-03
   2.2607991e+06   1.2759985e-01   9.6751645e-02   4.3538324e-13   2.2435150e-01   1.0000000e+00   5.0607343e-03
   1.6776495e+06   2.4554456e+00   1.0820275e+00   1.3716561e-13   3.5374731e+00   1.0000000e+00   5.0590078e-03
   2.3191045e+06   1.2484786e-01   1.1414938e-01   4.2152243e-13   2.3899724e-01   1.0000000e+00   5.0460974e-03
   9.4545174e+04   7.2098844e+02   2.5862219e+01   2.7837246e-14   7.4685066e+02   1.0000000e+00   5.0433179e-03
   9.2788749e+04   7.6085860e+02   3.3169946e+01   2.7411361e-14   7.9402855e+02   1.0000000e+00   5.0333822e-03
   1.5990294e+06   9.0759788e-01   5.7985909e-01   1.8683796e-13   1.4874570e+00   1.0000000e+00   5.0160178e-03
   1.5955336e+05   2.5024879e+02   1.7263020e+01   3.6352243e-14   2.6751181e+02   1.0000000e+00   5.0129325e-03
   1.2247504e+05   4.1386036e+02   1.6317257e+01   3.2115480e-14   4.3017762e+02   1.0000000e+00   4.9895523e-03
   8.3769403e+04   1.0000000e+03   5.0498464e+01   2.5557427e-14   1.0504985e+03   1.0000000e+00   4.9783388e-03
   5.5005451e+05   2.8031567e+01   5.1771487e+00   6.5185297e-14   3.3208715e+01   1.0000000e+00   4.9576361e-03
   9.4370610e+04   7.5208053e+02   2.7167389e+01   2.7534284e-14   7.7924792e+02   1.0000000e+00   4.9490965e-03
   8.3305128e+04   1.0000000e+03   8.0940504e+01   2.5508391e-14   1.0809405e+03   1.0000000e+00   4.9474368e-03
   8.2819478e+04   9.1432225e+02   3.2786151e+01   2.6202522e-14   9.4710840e+02   1.0000000e+00   4.9295239e-03
   1.2801026e+06   4.7214411e+00   2.6141865e+00   1.0572474e-13   7.3356276e+00   1.0000000e+00   4.9104469e-03
   1.6474861e+06   1.0145704e-01   5.1112006e-02   5.3652167e-13   1.5256905e-01   1.0000000e+00   4.9050428e-03
   7.8441032e+04   9.9998782e+02   4.5193722e+01   2.5582976e-14   1.0451815e+03   1.0000000e+00   4.8956751e-03
   8.4112359e+04   9.4816299e+02   3.1626399e+01   2.5968939e-14   9.7978939e+02   1.0000000e+00   4.8940716e-03
   2.3587598e+06   1.1281511e-01   1.0131535e-01   4.4406957e-13   2.1413047e-01   1.0000000e+00   4.8924220e-03
   1.3775574e+05   3.6077356e+02   2.4290584e+01   3.3065524e-14   3.8506414e+02   1.0000000e+00   4.8706947e-03
   1.7583597e+05   2.0301261e+02   1.0688552e+01   3.8610082e-14   2.1370116e+02   1.0000000e+00   4.8686581e-03
   1.4004754e+05   3.3276097e+02   2.0545136e+01   3.3794103e-14   3.5330611e+02   1.0000000e+00   4.8605987e-03
   1.7043671e+06   1.0343003e+00   5.2738249e-01   1.8418735e-13   1.5616828e+00   1.0000000e+00   4.8470843e-03
   1.7053931e+05   1.7082622e+02   1.5155756e+01   4.0217983e-14   1.8598198e+02   1.0000000e+00   4.8444560e-03
   8.8296927e+05   1.0000000e-01   1.0998824e-02   7.8227880e-13   1.1099882e-01   1.0000000e+00   4.8390025e-03
   2.2186374e+06   1.0521577e-01   1.0334244e-01   4.5117239e-13   2.0855821e-01   1.0000000e+00   4.8172206e-03
   1.7772280e+05   1.9377840e+02   1.0399910e+01   3.9084344e-14   2.0417831e+02   1.0000000e+00   4.8165943e-03
   9.0694585e+04   8.0815479e+02   3.1641303e+01   2.7014633e-14   8.3979609e+02   1.0000000e+00   4.8116936e-03
   2.0412559e+06   4.4256527e-01   3.4742313e-01   2.4400696e-13   7.8998840e-01   1.0000000e+00   4.7829365e-03
   2.0732836e+06   6.7368389e-01   6.7480798e-01   1.9647696e-13   1.3484919e+00   1.0000000e+00   4.7808978e-03
   8.8165038e+04   9.3133474e+02   3.0836658e+01   2.6099873e-14   9.6217140e+02   1.0000000e+00   4.7650700e-03
   2.1518996e+06   1.8809974e-01   1.6338572e-01   3.5186999e-13   3.5148546e-01   1.0000000e+00   4.7606778e-03
   1.1076470e+05   5.4815218e+02   2.2345355e+01   2.9833900e-14   5.7049754e+02   1.0000000e+00   4.7602571e-03
   1.2175156e+05   4.5518604e+02   2.6013925e+01   3.1191579e-14   4.8119996e+02   1.0000000e+00   4.7578015e-03
   8.3301751e+04   1.0000000e+03   6.9465307e+01   2.5521520e-14   1.0694653e+03   1.0000000e+00   4.7520410e-03
   1.7371496e+06   6.7199203e-01   3.4555545e-01   2.2038703e-13   1.0175475e+00   1.0000000e+00   4.7500466e-03
   3.5520225e+05   3.5595847e+01   3.3993022e+00   6.2230162e-14   3.8995149e+01   1.0000000e+00   4.7322978e-03
   1.7717264e+05   1.8234530e+02   1.0232713e+01   3.9713315e-14   1.9257801e+02   1.0000000e+00   4.7265455e-03
   8.4478278e+05   1.0000000e-01   1.1621433e-02   7.7212886e-13   1.1162143e-01   1.0000000e+00   4.7230249e-03
   1.4927944e+05   3.2234582e+02   2.0207276e+01   3.4085007e-14   3.4255309e+02   1.0000000e+00   4.7169913e-03
   9.0300749e+04   8.3226157e+02   3.1819206e+01   2.6818270e-14   8.6408078e+02   1.0000000e+00   4.7044437e-03
   2.3251975e+06   1.0783897e-01   9.8381533e-02   4.5219567e-13   2.0622050e-01   1.0000000e+00   4.7001811e-03
   8.2493281e+04   8.8858734e+02   3.0747799e+01   2.6410221e-14   9.1933514e+02   1.0000000e+00   4.6848050e-03
   2.3888841e+06   1.4148648e-01   1.2334295e-01   4.0160166e-13   2.6482943e-01   1.0000000e+00   4.6825732e-03
   1.8319218e+05   1.5530529e+02   1.0440005e+01   4.1380415e-14   1.6574530e+02   1.0000000e+00   4.6787615e-03
   2.2766355e+06   1.0000000e-01   6.0405183e-02   5.1867018e-13   1.6040518e-01   1.0000000e+00   4.6721249e-03
   1.1381174e+05   5.2885463e+02   2.3219782e+01   3.0089305e-14   5.5207442e+02   1.0000000e+00   4.6704735e-03
   1.0296670e+05   6.3696080e+02   2.3855929e+01   2.8725740e-14   6.6081672e+02   1.0000000e+00   4.6687541e-03
   8.1671120e+04   1.0000000e+03   6.4836868e+01   2.5527774e-14   1.0648369e+03   1.0000000e+00   4.6625138e-03
   1.2894512e+05   3.8087697e+02   2.3353520e+01   3.2638489e-14   4.0423049e+02   1.0000000e+00   4.6611924e-03
   1.0715278e+05   5.8804765e+02   2.5183208e+01   2.9283607e-14   6.1323085e+02   1.0000000e+00   4.6595576e-03
   1.4445452e+06   1.0000000e-01   3.3214626e-02   5.9612728e-13   1.3321463e-01   1.0000000e+00   4.6588352e-03
   1.0083255e+05   7.0622313e+02   2.5334209e+01   2.7995019e-14   7.3155734e+02   1.0000000e+00   4.6465174e-03
   8.7397255e+04   8.4967937e+02   3.3247960e+01   2.6673602e-14   8.8292733e+02   1.0000000e+00   4.6400999e-03
   1.3116536e+06   1.0000000e-01   2.7008366e-02   6.2691988e-13   1.2700837e-01   1.0000000e+00   4.6371073e-03
   1.6925357e+05   1.9772424e+02   9.7122840e+00   3.8971616e-14   2.0743653e+02   1.0000000e+00   4.6350676e-03
   1.6485697e+05   2.2629045e+02   1.6346513e+01   3.7306812e-14   2.4263697e+02   1.0000000e+00   4.6336146e-03
   8.3804497e+04   9.6643745e+02   3.0566934e+01   2.5854170e-14   9.9700439e+02   1.0000000e+00   4.6255532e-03
   2.0971241e+06   4.5278039e-01   3.1251676e-01   2.4808647e-13   7.6529715e-01   1.0000000e+00   4.6245928e-03
   1.0796157e+05   5.8396300e+02   2.4397429e+01   2.9344050e-14   6.0836043e+02   1.0000000e+00   4.6188616e-03
   1.4946261e+05   3.2018868e+02   2.1568193e+01   3.4113609e-14   3.4175687e+02   1.0000000e+00   4.6173472e-03
   2.3748274e+06   1.2623727e-01   1.1451111e-01   4.1999513e-13   2.4074838e-01   1.0000000e+00   4.6129404e-03
   1.1071376e+05   5.3992161e+02   2.2583804e+01   2.9941813e-14   5.6250541e+02   1.0000000e+00   4.6105592e-03
   2.4289904e+06   1.0272845e-01   9.7410611e-02   4.5862736e-13   2.0013906e-01   1.0000000e+00   4.6066785e-03
   1.6239955e+05   2.2409793e+02   1.6018153e+01   3.7421650e-14   2.4011608e+02   1.0000000e+00   4.6047220e-03
   2.0360533e+06   3.3304336e-01   2.3782420e-01   2.8198541e-13   5.7086756e-01   1.0000000e+00   4.5983081e-03
   1.2832880e+06   1.0003332e-01   1.9902520e-02   6.7721526e-13   1.1993584e-01   1.0000000e+00   4.5964667e-03
   9.0410913e+04   8.2931339e+02   3.1838934e+01   2.6841619e-14   8.6115232e+02   1.0000000e+00   4.5942319e-03
   2.5361612e+05   9.8017157e+01   8.6071718e+00   4.6512197e-14   1.0662433e+02   1.0000000e+00   4.5746261e-03
   1.5608545e+05   2.5021112e+02   1.5996878e+01   3.6400942e-14   2.6620800e+02   1.0000000e+00   4.5613696e-03
   8.2374339e+04   9.7412532e+02   3.1566239e+01   2.5796759e-14   1.0056916e+03   1.0000000e+00   4.5561556e-03
   2.3642792e+06   2.0388949e-01   2.1213083e-01   3.2615434e-13   4.1602032e-01   1.0000000e+00   4.5525289e-03
   1.2313449e+05   4.2165146e+02   1.5926384e+01   3.1975073e-14   4.3757785e+02   1.0000000e+00   4.5500497e-03
   9.6563041e+04   6.7456798e+02   2.7261278e+01   2.8289542e-14   7.0182926e+02   1.0000000e+00   4.5392683e-03
   1.2147462e+05   4.5920186e+02   2.6414645e+01   3.1119602e-14   4.8561650e+02   1.0000000e+00   4.5390600e-03
   1.0108231e+05   6.6302794e+02   2.6966463e+01   2.8408562e-14   6.8999440e+02   1.0000000e+00   4.5360215e-03
   9.0706504e+04   8.1086917e+02   3.1639237e+01   2.6992226e-14   8.4250841e+02   1.0000000e+00   4.5235087e-03
   1.7688580e+06   5.7016203e-01   3.7033207e-01   2.2642958e-13   9.4049410e-01   1.0000000e+00   4.5151138e-03
   8.2148307e+04   9.6648243e+02   3.1649741e+01   2.5847186e-14   9.9813217e+02   1.0000000e+00   4.5082439e-03
   9.0153246e+04   8.2444743e+02   3.1953875e+01   2.6879610e-14   8.5640130e+02   1.0000000e+00   4.5031346e-03
   1.9873977e+06   4.3903711e-01   2.5947621e-01   2.5929738e-13   6.9851333e-01   1.0000000e+00   4.4904210e-03
   9.0145273e+04   9.2008313e+02   3.1650462e+01   2.6182855e-14   9.5173359e+02   1.0000000e+00   4.4773723e-03
   1.2892570e+05   3.5782550e+02   2.3032239e+01   3.3171586e-14   3.8085774e+02   1.0000000e+00   4.4741562e-03
   1.3953221e+05   3.1628549e+02   2.0779464e+01   3.4227281e-14   3.3706495e+02   1.0000000e+00   4.4723892e-03
   8.3556144e+04   1.0000000e+03   8.2517600e+01   2.5507296e-14   1.0825176e+03   1.0000000e+00   4.4661473e-03
   4.0416914e+05   6.0403116e+01   6.0240996e+00   5.3907576e-14   6.6427216e+01   1.0000000e+00   4.4629664e-03
   8.3767659e+04   9.6035565e+02   3.1797514e+01   2.5886125e-14   9.9215316e+02   1.0000000e+00   4.4537685e-03
   2.0412559e+06   4.3721814e-01   3.3329806e-01   2.4668460e-13   7.7051620e-01   1.0000000e+00   4.4537519e-03
   1.0300541e+05   5.7266546e+02   2.5256920e+01   2.9488956e-14   5.9792239e+02   1.0000000e+00   4.4533343e-03
   1.3393052e+05   3.6669631e+02   2.2890911e+01   3.2950129e-14   3.8958722e+02   1.0000000e+00   4.4146768e-03
   1.0198078e+05   6.7657810e+02   2.4914201e+01   2.8293367e-14   7.0149230e+02   1.0000000e+00   4.4045380e-03
   9.1257133e+05   1.0000000e-01   1.4159273e-02   7.3573197e-13   1.1415927e-01   1.0000000e+00   4.3908603e-03
   8.9426289e+04   8.2546018e+02   3.3562475e+01   2.6861863e-14   8.5902265e+02   1.0000000e+00   4.3685318e-03
   4.8306552e+05   3.4997750e+01   3.1587965e+00   6.3416113e-14   3.8156546e+01   1.0000000e+00   4.3533308e-03
   2.0893244e+06   1.8588207e-01   1.4975229e-01   3.5963919e-13   3.3563436e-01   1.0000000e+00   4.3389694e-03
   1.1086562e+05   5.4765810e+02   2.2316059e+01   2.9841056e-14   5.6997416e+02   1.0000000e+00   4.3371191e-03
   1.2392162e+06   1.9782088e+00   1.0335610e+00   1.4193809e-13   3.0117698e+00   1.0000000e+00   4.3300858e-03
   2.3812391e+06   1.3994036e-01   1.2123463e-01   4.0425230e-13   2.6117499e-01   1.0000000e+00   4.3113054e-03
   1.2842360e+05   4.0781847e+02   1.6628121e+01   3.2222050e-14   4.2444659e+02   1.0000000e+00   4.3069216e-03
   1.8228393e+05   1.6187825e+02   9.8495313e+00   4.0978209e-14   1.7172778e+02   1.0000000e+00   4.3061251e-03
   8.7583246e+04   9.3621636e+02   3.0545749e+01   2.6066243e-14   9.6676211e+02   1.0000000e+00   4.2936856e-03
   3.1092003e+05   4.3927720e+01   6.8831724e+00   5.7601135e-14   5.0810892e+01   1.0000000e+00   4.2916710e-03
   1.0468254e+05   5.6362134e+02   2.2408443e+01   2.9635546e-14   5.8602978e+02   1.0000000e+00   4.2833979e-03
   1.4966048e+05   2.9959763e+02   1.9514184e+01   3.4708343e-14   3.1911181e+02   1.0000000e+00   4.2618821e-03
   1.3491817e+05   3.6337725e+02   2.2634641e+01   3.3028418e-14   3.8601189e+02   1.0000000e+00   4.2611224e-03
   9.7155537e+04   7.0950181e+02   2.6050613e+01   2.7944799e-14   7.3555242e+02   1.0000000e+00   4.2486554e-03
   8.1993273e+04   9.7069635e+02   3.1861418e+01   2.5818070e-14   1.0025578e+03   1.0000000e+00   4.2349285e-03
   2.2393381e+06   3.1113868e-01   3.2612214e-01   2.6962316e-13   6.3726082e-01   1.0000000e+00   4.2318369e-03
   8.2822084e+04   9.1538030e+02   3.1930279e+01   2.6199882e-14   9.4731058e+02   1.0000000e+00   4.2304964e-03
   1.0133828e+05   6.6016316e+02   2.6690043e+01   2.8441749e-14   6.8685321e+02   1.0000000e+00   4.2186044e-03
   8.3301776e+04   9.9991396e+02   6.9416780e+01   2.5522121e-14   1.0693307e+03   1.0000000e+00   4.2161589e-03
   8.5183641e+04   8.9593358e+02   3.4784224e+01   2.6317848e-14   9.3071781e+02   1.0000000e+00   4.1977334e-03
   9.4246968e+04   7.5661776e+02   2.7067194e+01   2.7494386e-14   7.8368495e+02   1.0000000e+00   4.1907489e-03
   1.8822806e+05   1.7913267e+02   1.0796832e+01   3.9820841e-14   1.8992950e+02   1.0000000e+00   4.1772708e-03
   1.1478028e+05   4.7334709e+02   2.1871030e+01   3.0950642e-14   4.9521812e+02   1.0000000e+00   4.1756565e-03
   9.0252260e+04   8.9699355e+02   3.2421707e+01   2.6335123e-14   9.2941526e+02   1.0000000e+00   4.1738711e-03
   2.3229384e+06   1.2141991e-01   1.1416923e-01   4.2451486e-13   2.3558914e-01   1.0000000e+00   4.1675010e-03
   8.4995643e+05   1.0000023e-01   1.0281712e-02   7.9544781e-13   1.1028194e-01   1.0000000e+00   4.1576722e-03
   1.0311678e+05   6.8283867e+02   2.4986700e+01   2.8236403e-14   7.0782537e+02   1.0000000e+00   4.1570012e-03
   8.3785033e+04   9.5176336e+02   3.2000361e+01   2.5942255e-14   9.8376372e+02   1.0000000e+00   4.1541793e-03
   9.0758586e+04   8.1265726e+02   3.2057699e+01   2.6974806e-14   8.4471496e+02   1.0000000e+00   4.1383804e-03
   2.4633855e+05   8.6940241e+01   9.6663288e+00   4.7867823e-14   9.6606570e+01   1.0000000e+00   4.1299480e-03
   1.6335899e+05   2.8668690e+02   1.6382463e+01   3.5228691e-14   3.0306937e+02   1.0000000e+00   4.1277389e-03
   1.6698705e+06   1.6880165e+00   7.5100852e-01   1.5595764e-13   2.4390250e+00   1.0000000e+00   4.1273334e-03
   1.1180128e+05   4.9824245e+02   2.1925084e+01   3.0559558e-14   5.2016753e+02   1.0000000e+00   4.1250018e-03
   1.2840845e+05   3.6748772e+02   2.3258064e+01   3.2942571e-14   3.9074578e+02   1.0000000e+00   4.1224368e-03
   1.7597995e+06   1.0000000e-01   3.8849213e-02   5.7497015e-13   1.3884921e-01   1.0000000e+00   4.1145547e-03
