   7.7316888e+05   1.0000000e+07   3.2694883e+07   1.0000000e+03   1.0000000e+03   1.9151990e+02   2.7398801e+01   9.6444782e+01   7.7700934e-14   2.3153635e+03   1.0000000e+00             Inf
   1.4135297e+07   4.5346542e+06   1.4688051e+07   1.0000000e-01   1.0000000e-01   1.0000000e-01   1.0000000e-02   1.0000000e-02   2.5904578e-12   3.2000000e-01   1.0000000e+00             Inf
   7.3725474e+05   9.9972133e+06   3.9966344e+07   9.9999997e+02   6.6556111e+02   1.0666060e+02   2.2445047e+01   6.8516223e+01   7.8637488e-14   1.8631829e+03   1.0000000e+00   2.0217371e-02
   1.4135072e+07   4.5242022e+06   1.4687314e+07   1.0000000e-01   1.2501075e-01   1.0000336e-01   1.0000000e-02   1.0000000e-02   2.3628586e-12   3.4501411e-01   1.0000000e+00   1.9892952e-02
   7.6773372e+05   9.8175159e+06   3.9401780e+07   1.0000000e+03   5.7717673e+02   6.9368671e+01   2.0970160e+01   7.3033200e+01   7.9057833e-14   1.7405488e+03   1.0000000e+00   1.9796100e-02
   7.5033166e+05   1.0000000e+07   4.2898560e+07   9.9994047e+02   6.7081436e+02   1.4424524e+02   2.7081231e+01   6.6642741e+01   7.8618851e-14   1.9087240e+03   1.0000000e+00   1.9703478e-02
   1.4134086e+07   4.5258639e+06   1.4685896e+07   1.0000000e-01   1.1951432e-01   1.0000000e-01   1.0217931e-02   1.0140759e-02   2.4054155e-12   3.3987301e-01   1.0000000e+00   1.8740098e-02
   1.3779269e+07   3.9392052e+06   1.4669015e+07   1.1592355e-01   4.5081425e-01   1.0024254e-01   1.5759510e-02   1.0055944e-02   1.4829862e-12   6.9279579e-01   1.0000000e+00   1.7396829e-02
   1.4140204e+07   4.5302273e+06   1.4706113e+07   3.5553807e-01   1.0622764e+00   1.5180289e-01   5.3254907e-02   1.0000000e-02   9.2951450e-13   1.6328723e+00   1.0000000e+00   1.6224554e-02
   7.5309720e+05   9.9996299e+06   4.4739312e+07   9.9999480e+02   5.7531290e+02   9.9778423e+01   2.2349243e+01   7.1736841e+01   7.9043069e-14   1.7691722e+03   1.0000000e+00   1.6173218e-02
   7.5286208e+05   1.0000000e+07   3.5035508e+07   1.0000000e+03   7.8602102e+02   1.8472025e+02   2.7708283e+01   8.1407580e+01   7.8164094e-14   2.0798571e+03   1.0000000e+00   1.6083757e-02
   1.4244102e+07   4.3837518e+06   1.4885377e+07   2.1237413e+00   6.0846411e+00   2.8978092e-01   2.7887170e-01   3.8787770e-01   4.0601051e-13   9.1649127e+00   1.0000000e+00   1.6014159e-02
   1.9782921e+07   7.9349714e+05   2.1175255e+07   4.3218941e+01   9.7813606e+02   2.2391452e+00   9.3408777e+00   5.7118336e+00   8.1754924e-14   1.0386469e+03   1.0000000e+00   1.5102611e-02
   7.7359260e+05   9.9999999e+06   3.7152099e+07   9.9908415e+02   8.1038399e+02   1.4771034e+02   2.7614423e+01   6.1169697e+01   7.8185631e-14   2.0459626e+03   1.0000000e+00   1.4686197e-02
   1.4151584e+07   4.2666427e+06   1.4657122e+07   1.2325207e-01   4.4351023e-01   1.0000059e-01   2.2711604e-02   1.1360080e-02   1.4425552e-12   7.0083457e-01   1.0000000e+00   1.4511138e-02
   1.4151578e+07   4.2665848e+06   1.4657265e+07   1.2765685e-01   4.3260524e-01   1.0000060e-01   2.2691900e-02   1.0794083e-02   1.4485734e-12   6.9374868e-01   1.0000000e+00   1.4307744e-02
   1.4151070e+07   4.2816804e+06   1.4703689e+07   2.0451265e-01   5.2704377e-01   1.0102437e-01   3.6579964e-02   1.0063437e-02   1.2709778e-12   8.7922419e-01   1.0000000e+00   1.4149198e-02
   1.4136523e+07   4.5037589e+06   1.4723569e+07   1.0000000e-01   1.0677176e-01   1.0000856e-01   1.0111651e-02   1.0000000e-02   2.5253335e-12   3.2689197e-01   1.0000000e+00   1.3983539e-02
   1.4155525e+07   4.3246321e+06   1.4717985e+07   2.3282220e-01   6.1961991e-01   1.0001697e-01   3.2833673e-02   1.1003420e-02   1.1838401e-12   9.9629618e-01   1.0000000e+00   1.3914074e-02
   1.4138416e+07   4.2782014e+06   1.4886795e+07   2.8483018e-01   6.4004074e-01   1.0000000e-01   2.4309806e-02   1.4532983e-02   1.1542861e-12   1.0637137e+00   1.0000000e+00   1.3794498e-02
   7.5256788e+05   9.9996576e+06   3.4919029e+07   1.0000000e+03   8.1258807e+02   1.8185667e+02   2.7409368e+01   8.1186792e+01   7.8097880e-14   2.1030409e+03   1.0000000e+00   1.3787819e-02
   1.4124540e+07   4.5175075e+06   1.4700638e+07   1.0425731e-01   1.9569845e-01   1.0106691e-01   1.2910980e-02   1.2180620e-02   1.9640904e-12   4.2611427e-01   1.0000000e+00   1.3696656e-02
   1.4163807e+07   3.6012234e+06   1.2822861e+07   3.1418829e-01   1.1438229e+00   1.0004038e-01   3.5411121e-02   1.0000000e-02   9.6161428e-13   1.6034627e+00   1.0000000e+00   1.3624251e-02
   1.4139712e+07   4.2711266e+06   1.4630184e+07   1.0000000e-01   1.5769264e-01   1.0000000e-01   1.0000000e-02   1.0751330e-02   2.1880125e-12   3.7844397e-01   1.0000000e+00   1.3596752e-02
   1.4152056e+07   4.2285346e+06   1.4505723e+07   1.3068745e+00   3.7683973e+00   1.2610392e-01   8.9820371e-02   4.7479714e-02   5.2877027e-13   5.3386758e+00   1.0000000e+00   1.3392111e-02
   1.4115484e+07   4.0313241e+06   1.4801985e+07   2.5654921e-01   7.7733618e-01   1.0000678e-01   2.8256066e-02   6.1785080e-02   1.0864416e-12   1.2239333e+00   1.0000000e+00   1.3391648e-02
   2.0000000e+07   9.0130112e+05   2.3579473e+07   3.4975133e+01   7.1583597e+02   2.0618915e+00   8.3450371e+00   5.1046406e+00   8.8695547e-14   7.6632268e+02   1.0000000e+00   1.3066394e-02
   1.4166092e+07   4.2692438e+06   1.4702820e+07   1.4134654e-01   4.4069841e-01   1.0003119e-01   2.7156845e-02   1.7364518e-02   1.4106081e-12   7.2659750e-01   1.0000000e+00   1.2880244e-02
   1.4077481e+07   4.3000498e+06   1.4260937e+07   1.2337378e-01   3.8796396e-01   1.0000043e-01   1.4753261e-02   1.1059443e-02   1.5238968e-12   6.3715087e-01   1.0000000e+00   1.2876046e-02
   1.4139050e+07   4.2495970e+06   1.4623504e+07   1.0000333e-01   1.6343427e-01   1.0068610e-01   1.0000124e-02   1.0269944e-02   2.1605949e-12   3.8439378e-01   1.0000000e+00   1.2827642e-02
   2.0000000e+07   1.2734669e+06   1.6191501e+07   2.6110256e+01   4.2008727e+02   3.7860372e+00   7.9092677e+00   2.2675723e+00   1.0247547e-13   4.6016040e+02   1.0000000e+00   1.2670612e-02
   1.4075189e+07   4.2919859e+06   1.4261853e+07   1.2420804e-01   4.0544029e-01   1.0002035e-01   1.4458072e-02   1.1049595e-02   1.5019426e-12   6.5517634e-01   1.0000000e+00   1.2603982e-02
   1.4136785e+07   4.5139359e+06   1.4721491e+07   1.0000000e-01   1.1417953e-01   1.0000000e-01   1.0000000e-02   1.0035844e-02   2.4542407e-12   3.3421538e-01   1.0000000e+00   1.2511277e-02
   1.9997803e+07   8.0410271e+05   3.0689611e+07   2.3244259e+02   9.9991133e+02   4.4124190e+01   3.8101236e+01   3.8649697e+01   8.0392655e-14   1.3532290e+03   1.0000000e+00   1.2490755e-02
   1.4329122e+07   4.3793245e+06   1.4494108e+07   1.0000000e-01   2.6116434e-01   1.0012124e-01   1.0876237e-02   1.0000000e-02   1.7933567e-12   4.8216181e-01   1.0000000e+00   1.2305364e-02
   1.3854907e+07   3.8262285e+06   1.2493095e+07   4.9801817e-01   1.7959395e+00   1.6843686e-01   1.2925040e-01   3.6088717e-02   7.4559998e-13   2.6277337e+00   1.0000000e+00   1.2101821e-02
   1.9562647e+07   7.9914582e+05   2.3896905e+07   9.8358348e+01   9.9944892e+02   7.7667572e+00   1.0763721e+01   6.6461337e+00   8.0808262e-14   1.1229839e+03   1.0000000e+00   1.1856256e-02
   1.4168068e+07   4.2543155e+06   1.4648387e+07   1.0017308e-01   1.5349747e-01   1.0002889e-01   1.0191395e-02   1.0007723e-02   2.2135533e-12   3.7389856e-01   1.0000000e+00   1.1853399e-02
   7.7743510e+05   9.9999525e+06   3.4693139e+07   1.0000000e+03   8.9051647e+02   1.7046650e+02   2.6780859e+01   9.6728401e+01   7.7927946e-14   2.1844922e+03   1.0000000e+00   1.1724607e-02
   1.9570100e+07   9.4161691e+05   2.3155955e+07   3.2139460e+01   7.3793550e+02   2.0023527e+00   7.8634718e+00   5.5832816e+00   8.8174280e-14   7.8552406e+02   1.0000000e+00   1.1685437e-02
   1.9987815e+07   8.0326334e+05   2.3459069e+07   6.9012464e+01   1.0000000e+03   2.9373137e+00   1.6886481e+01   8.2935371e+00   8.0863905e-14   1.0971298e+03   1.0000000e+00   1.1629432e-02
   1.4124180e+07   4.5490907e+06   1.4712987e+07   1.0000000e-01   1.1552811e-01   1.0008443e-01   1.1668507e-02   1.0449279e-02   2.4299639e-12   3.3773033e-01   1.0000000e+00   1.1409040e-02
   1.9856673e+07   8.0600892e+05   2.2743671e+07   3.6979652e+01   9.5757458e+02   2.1373767e+00   9.7548799e+00   6.6399077e+00   8.2281382e-14   1.0130864e+03   1.0000000e+00   1.1373119e-02
   1.4133574e+07   4.0402050e+06   1.4786675e+07   3.6893257e-01   1.2889101e+00   1.0000000e-01   4.7207869e-02   5.7916444e-02   8.6687954e-13   1.8629670e+00   1.0000000e+00   1.1228051e-02
   1.9969601e+07   8.0764170e+05   3.0283317e+07   1.7979978e+02   1.0000000e+03   3.3805658e+01   3.3947338e+01   3.5202207e+01   8.0439040e-14   1.2827550e+03   1.0000000e+00   1.1225481e-02
   1.4135200e+07   4.5113548e+06   1.4679576e+07   1.0047238e-01   1.0997745e-01   1.0000003e-01   1.0066227e-02   1.0034578e-02   2.4923368e-12   3.3055067e-01   1.0000000e+00   1.1185846e-02
   1.9999525e+07   8.1732853e+05   4.2553448e+07   3.2477637e+02   1.0000000e+03   5.5841494e+01   6.8871671e+01   4.2131594e+01   8.0329283e-14   1.4916211e+03   1.0000000e+00   1.1126770e-02
   1.2450322e+07   3.4681703e+06   1.3990589e+07   3.8861442e+00   1.3996441e+01   2.4867244e-01   8.4005414e-01   2.7940885e-01   3.0785300e-13   1.9250720e+01   1.0000000e+00   1.1094997e-02
   1.9674685e+07   1.2210953e+06   1.7028070e+07   2.6018873e+01   4.0396664e+02   4.2704748e+00   5.6416092e+00   2.7331731e+00   1.0337697e-13   4.4263077e+02   1.0000000e+00   1.1026603e-02
   1.4146281e+07   4.3131172e+06   1.4473017e+07   1.5200833e-01   5.7318136e-01   1.0000000e-01   1.8076376e-02   1.2207240e-02   1.2978130e-12   8.5547330e-01   1.0000000e+00   1.1024974e-02
   1.2265137e+07   3.2603263e+06   1.4087168e+07   4.2593565e+00   1.1442104e+01   3.6528705e-01   7.2317248e-01   2.7573907e-01   3.2438913e-13   1.7065659e+01   1.0000000e+00   1.1013887e-02
   1.4347789e+07   4.3081703e+06   1.4515042e+07   1.0000000e-01   1.8364070e-01   1.0011386e-01   1.0066112e-02   1.0000000e-02   2.0531661e-12   4.0382067e-01   1.0000000e+00   1.0721613e-02
   1.4124360e+07   4.5632813e+06   1.4703205e+07   1.1971627e-01   1.8630167e-01   1.0000000e-01   1.0000000e-02   1.0000000e-02   1.9869750e-12   4.2601793e-01   1.0000000e+00   1.0650218e-02
   2.0000000e+07   9.2677832e+05   2.3524601e+07   3.1552687e+01   6.8889033e+02   1.9505383e+00   8.0716382e+00   5.1148829e+00   8.9673274e-14   7.3558007e+02   1.0000000e+00   1.0610840e-02
   1.3754729e+07   3.9477515e+06   1.2463228e+07   2.6460321e+00   5.2474950e+00   3.7711378e-01   4.6994040e-01   6.5726531e-02   4.2860643e-13   8.8063079e+00   1.0000000e+00   1.0555885e-02
   1.4148536e+07   4.5132085e+06   1.4709686e+07   1.0059335e-01   1.1220528e-01   1.0000000e-01   1.0000000e-02   1.0000000e-02   2.4711967e-12   3.3279862e-01   1.0000000e+00   1.0541797e-02
   2.0000000e+07   8.0606690e+05   2.8280024e+07   2.6587460e+02   1.0000000e+03   3.9949652e+01   4.0715126e+01   4.0378132e+01   8.0369030e-14   1.3869175e+03   1.0000000e+00   1.0513015e-02
   1.3768437e+07   3.7396737e+06   1.2327222e+07   8.0506217e-01   2.3948246e+00   1.0000043e-01   1.5347335e-01   1.3395980e-01   6.4757491e-13   3.5873203e+00   1.0000000e+00   1.0387114e-02
   7.2779841e+05   1.0000000e+07   3.8963750e+07   9.9827983e+02   6.9199747e+02   1.4946398e+02   2.5615856e+01   6.7742560e+01   7.8566920e-14   1.9330997e+03   1.0000000e+00   1.0366573e-02
   1.4135200e+07   4.5202378e+06   1.4687603e+07   1.0015359e-01   1.0867750e-01   1.0000003e-01   1.0065667e-02   1.0031625e-02   2.5035879e-12   3.2892841e-01   1.0000000e+00   1.0361485e-02
   1.4132676e+07   4.2732473e+06   1.4541616e+07   1.0000000e-01   1.8772785e-01   1.0000000e-01   1.2470100e-02   1.0000000e-02   2.0345531e-12   4.1019795e-01   1.0000000e+00   1.0294539e-02
   1.3133448e+07   3.1530150e+06   1.4166222e+07   9.4549019e+00   2.4138889e+01   7.8271219e-01   1.1421828e+00   4.1557926e-01   2.3871731e-13   3.5934265e+01   1.0000000e+00   1.0259810e-02
   7.6301748e+05   1.0000000e+07   3.3825672e+07   1.0000000e+03   8.7405392e+02   1.7470887e+02   2.6225665e+01   9.4278353e+01   7.7942496e-14   2.1692668e+03   1.0000000e+00   1.0248985e-02
   1.4164252e+07   3.4638017e+06   1.2778691e+07   1.2180878e+00   5.4477437e+00   3.2306048e-01   1.1901587e-01   1.1802916e-01   4.6685701e-13   7.2259370e+00   1.0000000e+00   1.0240347e-02
   1.9723573e+07   8.8810952e+05   2.2799831e+07   3.0522920e+01   7.7884951e+02   1.7104368e+00   7.9229392e+00   5.3803783e+00   8.6995590e-14   8.2438619e+02   1.0000000e+00   1.0188327e-02
   7.3496506e+05   9.9966356e+06   3.3876379e+07   9.9965562e+02   9.4285335e+02   1.8366923e+02   2.8625269e+01   9.4267438e+01   7.7822142e-14   2.2490709e+03   1.0000000e+00   1.0132897e-02
   7.4883183e+05   9.9998612e+06   3.8854563e+07   9.9999796e+02   6.7586118e+02   1.4989566e+02   2.6116528e+01   6.3504449e+01   7.8567035e-14   1.9153758e+03   1.0000000e+00   1.0127103e-02
   1.4168262e+07   4.3303413e+06   1.4684388e+07   1.0001701e-01   3.2443500e-01   1.0092175e-01   1.5684273e-02   1.0220258e-02   1.6549605e-12   5.5127829e-01   1.0000000e+00   1.0105711e-02
   1.4167809e+07   4.3442312e+06   1.4685506e+07   1.0022003e-01   3.3288754e-01   1.0088915e-01   1.5286962e-02   1.0000000e-02   1.6409952e-12   5.5928368e-01   1.0000000e+00   1.0101032e-02
   7.4553511e+05   1.0000000e+07   3.5207823e+07   1.0000000e+03   9.6341245e+02   1.8941154e+02   2.7245460e+01   9.3182472e+01   7.7783272e-14   2.2732519e+03   1.0000000e+00   1.0069566e-02
   1.7150714e+07   1.5773798e+06   1.6546450e+07   2.1625887e+01   1.8873824e+02   6.5395024e+00   1.5870115e+00   3.5167531e+00   1.2794257e-13   2.2200740e+02   1.0000000e+00   1.0067130e-02
   2.0000000e+07   1.0548461e+06   1.8444868e+07   2.8463781e+01   5.6097113e+02   8.5713039e+00   7.9115749e+00   5.3361536e+00   9.4585382e-14   6.1125395e+02   1.0000000e+00   9.9838293e-03
   1.9999992e+07   8.0923953e+05   2.9956844e+07   2.1992619e+02   9.9999999e+02   4.2671607e+01   3.6409920e+01   3.7112118e+01   8.0401050e-14   1.3361198e+03   1.0000000e+00   9.9465329e-03
   1.4135077e+07   4.5016503e+06   1.4681317e+07   1.0000000e-01   1.0534888e-01   1.0000003e-01   1.0448029e-02   1.0019047e-02   2.5387218e-12   3.2581599e-01   1.0000000e+00   9.9093441e-03
   1.4277052e+07   4.3913339e+06   1.4848383e+07   1.2254411e+00   4.0029456e+00   1.8396511e-01   7.3820788e-02   1.9264947e-01   5.1403166e-13   5.6788220e+00   1.0000000e+00   9.8967326e-03
   7.5878635e+05   9.9370749e+06   3.9282269e+07   9.9999837e+02   5.6216774e+02   6.7070470e+01   2.1021951e+01   7.3133738e+01   7.9096144e-14   1.7233923e+03   1.0000000e+00   9.8393884e-03
   1.4135200e+07   4.5202378e+06   1.4687603e+07   1.0000000e-01   1.4048246e-01   1.0000000e-01   1.0000000e-02   1.0000000e-02   2.2548924e-12   3.6048246e-01   1.0000000e+00   9.8041802e-03
   1.4066399e+07   4.4497837e+06   1.4993567e+07   1.0895910e+00   2.6018354e+00   1.0000000e-01   1.4995029e-01   1.6932269e-02   6.0917206e-13   3.9583089e+00   1.0000000e+00   9.8039305e-03
   7.7817553e+05   1.0000000e+07   3.4106001e+07   1.0000000e+03   9.4009888e+02   1.8046512e+02   2.5727477e+01   9.0046348e+01   7.7834351e-14   2.2363378e+03   1.0000000e+00   9.7803212e-03
   7.5126766e+05   9.9999931e+06   3.9370857e+07   1.0000000e+03   5.2922115e+02   6.6569823e+01   2.0160455e+01   7.3551353e+01   7.9258427e-14   1.6895028e+03   1.0000000e+00   9.7419473e-03
   1.4139050e+07   4.2594716e+06   1.4727894e+07   1.5066327e-01   5.0877353e-01   1.0347430e-01   4.4087268e-02   1.7391168e-02   1.3232691e-12   8.2438954e-01   1.0000000e+00   9.7051777e-03
   1.4147489e+07   4.2529831e+06   1.4657897e+07   1.0184662e-01   2.4352373e-01   1.0000002e-01   1.0965261e-02   1.0040095e-02   1.8486117e-12   4.6637572e-01   1.0000000e+00   9.6782631e-03
   2.0000000e+07   8.1860897e+05   1.6989158e+07   1.3029888e+02   9.9978294e+02   1.6971482e+01   1.8573177e+01   1.1469722e+01   8.0607356e-14   1.1770962e+03   1.0000000e+00   9.6443353e-03
   1.4279482e+07   2.3938086e+06   1.4994823e+07   6.7773919e+00   3.0931464e+01   9.0233479e-01   1.1393044e+00   4.5714483e-01   2.2905836e-13   4.0207640e+01   1.0000000e+00   9.6299961e-03
   1.9891054e+07   8.0542897e+05   4.1117921e+07   2.7913276e+02   1.0000000e+03   5.4318999e+01   5.2002887e+01   4.7773552e+01   8.0352622e-14   1.4332282e+03   1.0000000e+00   9.6291373e-03
   1.9858316e+07   9.1239383e+05   2.2705767e+07   3.2520259e+01   7.9052540e+02   2.0007682e+00   7.7786797e+00   5.4749428e+00   8.6614328e-14   8.3830005e+02   1.0000000e+00   9.5813630e-03
   1.9161840e+07   1.1668286e+06   1.8304140e+07   2.7546092e+01   5.0224045e+02   7.6714170e+00   5.9130240e+00   4.2149855e+00   9.7726452e-14   5.4758597e+02   1.0000000e+00   9.5810420e-03
   1.4074904e+07   4.2981532e+06   1.4272474e+07   1.2281943e-01   3.8301586e-01   1.0000000e-01   1.4271695e-02   1.0000000e-02   1.5342698e-12   6.3010698e-01   1.0000000e+00   9.5189864e-03
   2.0000000e+07   9.6805462e+05   2.3289750e+07   3.5602666e+01   6.7358786e+02   2.0912252e+00   8.2410819e+00   4.9599231e+00   9.0069297e-14   7.2448276e+02   1.0000000e+00   9.5184176e-03
   1.4033439e+07   4.5165297e+06   1.4688562e+07   1.0000000e-01   1.3963765e-01   1.0000000e-01   1.0000000e-02   1.0000000e-02   2.2624753e-12   3.5963765e-01   1.0000000e+00   9.4658133e-03
   7.3354581e+05   9.9707947e+06   3.4512795e+07   9.9996544e+02   8.3397197e+02   1.6686983e+02   2.5972002e+01   9.8018754e+01   7.8057497e-14   2.1247980e+03   1.0000000e+00   9.4612683e-03
   1.4168269e+07   4.3372099e+06   1.4672922e+07   1.0070326e-01   2.8141674e-01   1.0091255e-01   1.5385899e-02   1.0000000e-02   1.7367510e-12   5.0841845e-01   1.0000000e+00   9.4609824e-03
   1.9912992e+07   8.0937984e+05   2.8722407e+07   2.4915969e+02   9.9998985e+02   4.5978964e+01   3.9554011e+01   4.0076076e+01   8.0379309e-14   1.3747586e+03   1.0000000e+00   9.4593601e-03
   1.3844153e+07   3.8309085e+06   1.2115128e+07   3.4294901e-01   1.2395725e+00   1.1205326e-01   8.3955310e-02   5.6105109e-02   8.9029158e-13   1.8346352e+00   1.0000000e+00   9.4413551e-03
   1.4348759e+07   4.3097023e+06   1.4530809e+07   1.0000000e-01   1.7752565e-01   1.0006745e-01   1.0000000e-02   1.0029471e-02   2.0803771e-12   3.9762257e-01   1.0000000e+00   9.4301761e-03
   1.3811131e+07   3.8658864e+06   1.2424479e+07   5.9669696e-01   1.5960779e+00   1.0523810e-01   1.0045188e-01   8.3908600e-02   7.6644615e-13   2.4823735e+00   1.0000000e+00   9.3707758e-03
   1.6994851e+07   1.7608828e+06   1.6704640e+07   2.4147704e+01   1.7335161e+02   7.9292275e+00   2.5910245e+00   3.3762420e+00   1.2986639e-13   2.1139581e+02   1.0000000e+00   9.3543462e-03
   1.3280630e+07   2.0676654e+06   1.4669071e+07   1.2258011e+01   7.5639770e+01   1.7173009e+00   1.9482412e+00   5.9156102e-01   1.7021869e-13   9.2154884e+01   1.0000000e+00   9.3471473e-03
   7.7297829e+05   9.9996395e+06   3.9415218e+07   1.0000000e+03   7.4227825e+02   1.5438922e+02   2.4692527e+01   5.9295430e+01   7.8380271e-14   1.9806554e+03   1.0000000e+00   9.3294027e-03
   1.4148704e+07   4.2662442e+06   1.4620789e+07   1.9769572e-01   6.6237318e-01   1.0010068e-01   1.6623151e-02   1.0000000e-02   1.2078226e-12   9.8679274e-01   1.0000000e+00   9.2561184e-03
   1.4166830e+07   4.2518254e+06   1.4620703e+07   1.0000000e-01   2.6029558e-01   1.0000233e-01   1.0000000e-02   1.0000000e-02   1.8125798e-12   4.8029791e-01   1.0000000e+00   9.2195628e-03
   1.3840300e+07   3.8430601e+06   1.2414633e+07   5.4258262e-01   1.5905431e+00   1.0204582e-01   1.1437401e-01   1.8669785e-02   7.8487389e-13   2.3682154e+00   1.0000000e+00   9.1951077e-03
   1.9999735e+07   8.1458421e+05   4.2875900e+07   3.3795446e+02   9.9979219e+02   5.8653319e+01   6.9546626e+01   4.1677298e+01   8.0328340e-14   1.5076239e+03   1.0000000e+00   9.1893598e-03
   1.4167007e+07   4.3105631e+06   1.4656759e+07   1.0060692e-01   2.6834196e-01   1.0010534e-01   2.3639063e-02   1.0000000e-02   1.7558831e-12   5.0269328e-01   1.0000000e+00   9.1521218e-03
   1.2258509e+07   3.1742122e+06   1.4166687e+07   4.9472321e+00   2.2178427e+01   5.2422986e-01   7.9760978e-01   4.9772533e-01   2.5984679e-13   2.8945224e+01   1.0000000e+00   9.1389884e-03
   1.3677017e+07   4.0022289e+06   1.2814888e+07   2.3530955e+00   8.1638274e+00   3.9167156e-01   3.3988741e-01   6.8849375e-02   3.7792931e-13   1.1317331e+01   1.0000000e+00   9.1187987e-03
   1.9725273e+07   8.5363241e+05   2.3367117e+07   3.2308859e+01   7.0030976e+02   1.9703321e+00   8.0788701e+00   5.8166817e+00   8.9458419e-14   7.4848450e+02   1.0000000e+00   9.1038304e-03
   1.4134799e+07   4.5019661e+06   1.4666860e+07   1.0000000e-01   1.3630885e-01   1.0000519e-01   1.0000000e-02   1.0000000e-02   2.2849706e-12   3.5631404e-01   1.0000000e+00   9.0966944e-03
   7.6288895e+05   1.0000000e+07   3.3946346e+07   1.0000000e+03   8.6569059e+02   1.7530467e+02   2.6204310e+01   9.3596994e+01   7.7961779e-14   2.1607966e+03   1.0000000e+00   9.0437693e-03
   1.4134822e+07   4.5080657e+06   1.4687377e+07   1.0000000e-01   1.3711288e-01   1.0001313e-01   1.0000000e-02   1.0000000e-02   2.2786741e-12   3.5712601e-01   1.0000000e+00   8.9538753e-03
   1.3815260e+07   3.9761861e+06   1.4681876e+07   2.1709698e-01   7.9425861e-01   1.1627977e-01   3.9687372e-02   1.3178606e-02   1.1077846e-12   1.1805013e+00   1.0000000e+00   8.9374291e-03
   1.3824789e+07   3.9808972e+06   1.4685183e+07   2.2421563e-01   7.3894919e-01   1.1600696e-01   3.9058856e-02   1.8720779e-02   1.1266628e-12   1.1369514e+00   1.0000000e+00   8.9282559e-03
   1.9957396e+07   8.0489066e+05   2.9836325e+07   1.1390597e+02   1.0000000e+03   3.8757487e+01   3.1282926e+01   3.2896005e+01   8.0548495e-14   1.2168424e+03   1.0000000e+00   8.8816726e-03
   7.5180415e+05   9.9869744e+06   3.7347243e+07   9.9850182e+02   7.2492084e+02   1.4105189e+02   2.8146047e+01   6.1286548e+01   7.8424813e-14   1.9539071e+03   1.0000000e+00   8.8691806e-03
   1.4148871e+07   4.2470460e+06   1.4654860e+07   1.0185429e-01   2.3549507e-01   1.0000000e-01   1.0672437e-02   1.0000000e-02   1.8732889e-12   4.5802180e-01   1.0000000e+00   8.8609243e-03
   1.3744556e+07   3.9766320e+06   1.3158932e+07   3.3692875e+00   7.6635006e+00   4.6476736e-01   3.7237556e-01   1.7487802e-01   3.6606497e-13   1.2044809e+01   1.0000000e+00   8.8477941e-03
   1.4168132e+07   3.4554060e+06   1.2504321e+07   1.6420044e+00   5.5020809e+00   3.9299502e-01   1.6123671e-01   6.6490430e-02   4.5141428e-13   7.7648074e+00   1.0000000e+00   8.8410944e-03
   1.4153691e+07   4.2561529e+06   1.4704812e+07   1.0009434e-01   2.1597160e-01   1.0102875e-01   1.3772853e-02   1.0000000e-02   1.9259078e-12   4.4086754e-01   1.0000000e+00   8.7989630e-03
   1.3638529e+07   4.0431457e+06   1.3083032e+07   8.7350872e-01   3.5510332e+00   2.3139140e-01   2.2126425e-01   8.0069030e-02   5.4689960e-13   4.9572666e+00   1.0000000e+00   8.7275185e-03
   1.4125022e+07   4.5667741e+06   1.4699945e+07   1.0000000e-01   1.4127134e-01   1.0006911e-01   1.1100121e-02   1.1041210e-02   2.2378440e-12   3.6348178e-01   1.0000000e+00   8.7082464e-03
   1.3704459e+07   2.2150109e+06   1.4938770e+07   1.3151407e+01   8.6714962e+01   1.6639468e+00   1.7878732e+00   5.2422742e-01   1.6311417e-13   1.0384242e+02   1.0000000e+00   8.6441800e-03
   1.4176088e+07   4.2650344e+06   1.4676859e+07   2.9823642e-01   8.2171933e-01   1.0022899e-01   4.0193859e-02   4.3018153e-02   1.0305101e-12   1.3033967e+00   1.0000000e+00   8.6194972e-03
   1.9795100e+07   9.1509885e+05   2.2117656e+07   3.2769527e+01   8.4079930e+02   1.9702749e+00   7.7442537e+00   5.4035888e+00   8.5360095e-14   8.8868695e+02   1.0000000e+00   8.6186491e-03
   7.4978724e+05   9.9065075e+06   3.8986546e+07   9.9989249e+02   5.1162458e+02   7.2610768e+01   2.2349301e+01   7.2205651e+01   7.9377029e-14   1.6786828e+03   1.0000000e+00   8.6079078e-03
   7.5308844e+05   9.9996409e+06   3.6353149e+07   9.9999720e+02   7.9442205e+02   1.8772945e+02   2.7400294e+01   8.3418601e+01   7.8154098e-14   2.0929676e+03   1.0000000e+00   8.6065526e-03
   1.4386213e+07   2.2426871e+06   1.5345227e+07   7.5393767e+00   5.9158645e+01   1.7197369e+00   1.6631182e+00   2.4119003e-01   1.8698653e-13   7.0322066e+01   1.0000000e+00   8.5853223e-03
   1.4157145e+07   4.2832830e+06   1.4635422e+07   1.5044549e-01   5.1196991e-01   1.0000156e-01   2.2560638e-02   1.1769970e-02   1.3400800e-12   7.9674757e-01   1.0000000e+00   8.5846570e-03
   2.0000000e+07   8.0711475e+05   3.4169284e+07   2.7481086e+02   1.0000000e+03   5.5833574e+01   6.2016054e+01   5.1381891e+01   8.0345820e-14   1.4440424e+03   1.0000000e+00   8.5537421e-03
   1.4072370e+07   4.2784971e+06   1.4239391e+07   1.2237550e-01   3.5428678e-01   1.0000000e-01   1.4858537e-02   1.0987215e-02   1.5739714e-12   6.0250803e-01   1.0000000e+00   8.5133273e-03
   1.3884140e+07   2.4723931e+06   1.5666176e+07   6.9209958e+00   3.2857171e+01   1.6701249e+00   1.2426217e+00   5.3980476e-01   2.2243907e-13   4.3230718e+01   1.0000000e+00   8.4471385e-03
   7.7324567e+05   9.9999998e+06   3.7515231e+07   1.0000000e+03   7.5366762e+02   1.5494136e+02   2.5965997e+01   6.3143362e+01   7.8318747e-14   1.9977183e+03   1.0000000e+00   8.4315878e-03
   1.9988778e+07   8.1404797e+05   4.4221892e+07   3.3004839e+02   1.0000000e+03   5.3502474e+01   5.7561440e+01   4.0756615e+01   8.0332667e-14   1.4818689e+03   1.0000000e+00   8.4129824e-03
   2.0000000e+07   8.1019102e+05   3.3708565e+07   1.9295674e+02   1.0000000e+03   4.0164734e+01   3.8387525e+01   3.7288946e+01   8.0419142e-14   1.3087979e+03   1.0000000e+00   8.4050376e-03
   1.8842859e+07   1.5562181e+06   1.5917784e+07   2.0348108e+01   2.1873856e+02   4.5232395e+00   4.3622992e+00   1.6300500e+00   1.2216346e-13   2.4960225e+02   1.0000000e+00   8.3663355e-03
   1.9757113e+07   8.0437977e+05   1.6149928e+07   1.4580946e+02   1.0000000e+03   1.6942806e+01   1.8492817e+01   1.3514869e+01   8.0570504e-14   1.1947600e+03   1.0000000e+00   8.3586487e-03
   7.8331347e+05   9.9693184e+06   4.2183174e+07   9.9999927e+02   6.3350426e+02   1.0045213e+02   2.1605121e+01   6.6335153e+01   7.8807012e-14   1.8218959e+03   1.0000000e+00   8.3554008e-03
   7.8359679e+05   9.9350169e+06   4.0651405e+07   1.0000000e+03   6.0456972e+02   1.0379266e+02   2.2093902e+01   6.6272591e+01   7.8919239e-14   1.7967289e+03   1.0000000e+00   8.3540340e-03
   1.9168335e+07   1.1289504e+06   1.6064505e+07   2.8105869e+01   5.5424258e+02   4.4438124e+00   5.8172660e+00   4.9725585e+00   9.5401424e-14   5.9758209e+02   1.0000000e+00   8.2966201e-03
   1.8845123e+07   7.9082937e+05   1.5761299e+07   1.0320263e+02   1.0000000e+03   1.3261835e+01   1.8614220e+01   1.2281519e+01   8.0706669e-14   1.1473602e+03   1.0000000e+00   8.2060432e-03
   7.4755773e+05   1.0000000e+07   4.1542472e+07   1.0000000e+03   4.5402377e+02   7.4382576e+01   2.4679703e+01   7.4853073e+01   7.9747889e-14   1.6279391e+03   1.0000000e+00   8.1877989e-03
   1.4345284e+07   4.3294517e+06   1.4553146e+07   1.0000000e-01   2.9932203e-01   1.0007971e-01   1.0000000e-02   1.0455054e-02   1.7180239e-12   5.1985679e-01   1.0000000e+00   8.1685244e-03
   2.0000000e+07   7.6938971e+05   2.3362079e+07   3.0577229e+01   8.9783368e+02   2.3953367e+00   6.9825466e+00   3.9438524e+00   8.4031006e-14   9.4173264e+02   1.0000000e+00   8.1566213e-03
   1.4149915e+07   4.2793628e+06   1.4697199e+07   2.2898407e-01   9.0292124e-01   1.0000000e-01   4.0408724e-02   1.2537095e-02   1.0442119e-12   1.2848511e+00   1.0000000e+00   8.1566147e-03
   7.5304552e+05   1.0000000e+07   4.1709834e+07   9.9993150e+02   5.8005056e+02   1.1959960e+02   2.2233349e+01   6.3624865e+01   7.9000262e-14   1.7854399e+03   1.0000000e+00   8.1493508e-03
   1.4110076e+07   4.0462595e+06   1.4790248e+07   2.4677848e-01   8.1041075e-01   1.0000000e-01   2.9162311e-02   5.7707670e-02   1.0742036e-12   1.2440592e+00   1.0000000e+00   8.1303067e-03
   1.4161251e+07   4.2943039e+06   1.4653622e+07   1.3484416e-01   4.8806437e-01   1.0000152e-01   2.2747089e-02   1.1951724e-02   1.3796553e-12   7.5760886e-01   1.0000000e+00   8.1281687e-03
   1.4151182e+07   4.2817836e+06   1.4700755e+07   1.9797626e-01   5.4249971e-01   1.0103278e-01   3.6848945e-02   1.0091007e-02   1.2622953e-12   8.8844870e-01   1.0000000e+00   8.1159600e-03
   1.4167939e+07   4.2708600e+06   1.4695953e+07   2.2049768e-01   5.7376752e-01   1.0000003e-01   4.0970752e-02   1.0000000e-02   1.2221773e-12   9.4523598e-01   1.0000000e+00   8.1137934e-03
   1.9767633e+07   1.0174194e+06   2.0841779e+07   3.8839575e+01   6.0736904e+02   1.9793252e+00   1.0170015e+01   6.3005956e+00   9.2381399e-14   6.6465855e+02   1.0000000e+00   8.1050354e-03
   1.4157803e+07   4.2712196e+06   1.4632282e+07   1.4975117e-01   4.9815098e-01   1.0000131e-01   2.1911408e-02   1.1625747e-02   1.3545857e-12   7.8144063e-01   1.0000000e+00   8.0594533e-03
   1.9815373e+07   9.8633859e+05   2.3209508e+07   3.2417014e+01   7.5575956e+02   2.0133851e+00   7.8785330e+00   5.6250250e+00   8.7788551e-14   8.0369351e+02   1.0000000e+00   8.0516177e-03
   1.3681737e+07   3.9880047e+06   1.2842235e+07   2.4303944e+00   7.2087620e+00   4.0656693e-01   3.3842212e-01   6.8642476e-02   3.9015384e-13   1.0452788e+01   1.0000000e+00   8.0222904e-03
   1.9664044e+07   1.2204904e+06   1.7304122e+07   2.6674982e+01   3.7302363e+02   4.1780039e+00   6.2870075e+00   2.6926980e+00   1.0542079e-13   4.1285632e+02   1.0000000e+00   8.0177285e-03
   1.9647734e+07   8.9895112e+05   2.3412989e+07   3.1078583e+01   7.0931714e+02   1.9630901e+00   8.1268900e+00   5.6088533e+00   8.9064053e-14   7.5609455e+02   1.0000000e+00   8.0089301e-03
   2.0000000e+07   8.1138924e+05   4.2814473e+07   3.5242671e+02   1.0000000e+03   6.1978869e+01   6.8922501e+01   3.8459913e+01   8.0320873e-14   1.5217880e+03   1.0000000e+00   8.0039027e-03
   2.0000000e+07   8.9461673e+05   2.3040445e+07   3.1633226e+01   7.4534025e+02   2.0214142e+00   8.3881673e+00   5.2413290e+00   8.7880862e-14   7.9262439e+02   1.0000000e+00   8.0019360e-03
   1.8922354e+07   8.0495613e+05   1.6196762e+07   1.1775258e+02   1.0000000e+03   1.3236322e+01   2.1750350e+01   1.0709222e+01   8.0646719e-14   1.1634485e+03   1.0000000e+00   7.9913845e-03
   1.3899481e+07   3.7976913e+06   1.2331123e+07   3.1424827e-01   1.2041996e+00   1.0000000e-01   7.0969910e-02   6.1142531e-02   9.1162412e-13   1.7505603e+00   1.0000000e+00   7.9728233e-03
   1.9999580e+07   8.0835004e+05   3.3683289e+07   2.9048259e+02   1.0000000e+03   6.2322893e+01   5.7086010e+01   6.2263259e+01   8.0340185e-14   1.4721548e+03   1.0000000e+00   7.9369251e-03
   1.4167778e+07   4.2609156e+06   1.4682587e+07   1.0000000e-01   1.7662011e-01   1.0000000e-01   1.0237417e-02   1.0000000e-02   2.0927444e-12   3.9685752e-01   1.0000000e+00   7.9228879e-03
   7.3281192e+05   1.0000000e+07   3.9967714e+07   1.0000000e+03   4.8044617e+02   7.1159494e+01   2.2326531e+01   6.7061775e+01   7.9578653e-14   1.6409940e+03   1.0000000e+00   7.9212216e-03
   1.4132028e+07   4.5320662e+06   1.4764955e+07   1.0000000e-01   1.2652926e-01   1.0000000e-01   1.0077430e-02   1.0968583e-02   2.3488301e-12   3.4757527e-01   1.0000000e+00   7.8932796e-03
   1.4148668e+07   4.2843137e+06   1.4633007e+07   1.7849835e-01   6.0952394e-01   1.0006656e-01   1.6850307e-02   1.2176866e-02   1.2506255e-12   9.1711602e-01   1.0000000e+00   7.8720957e-03
   1.4124330e+07   4.5632561e+06   1.4703363e+07   1.0000196e-01   1.3183132e-01   1.0005973e-01   1.1037979e-02   1.1039379e-02   2.3015284e-12   3.5397037e-01   1.0000000e+00   7.8717176e-03
   1.3848492e+07   3.8178969e+06   1.2471349e+07   8.9705190e-01   2.9979942e+00   1.0000000e-01   1.2844963e-01   5.9716561e-02   5.9711190e-13   4.1832123e+00   1.0000000e+00   7.8568814e-03
   7.3700722e+05   9.9973087e+06   4.0234239e+07   1.0000000e+03   6.4978717e+02   1.0154659e+02   2.2348793e+01   6.7521119e+01   7.8701799e-14   1.8412037e+03   1.0000000e+00   7.8361643e-03
   1.4149915e+07   4.2802788e+06   1.4694963e+07   2.3312480e-01   8.9285154e-01   1.0000000e-01   3.8179331e-02   1.0000000e-02   1.0509740e-12   1.2741557e+00   1.0000000e+00   7.8334652e-03
   1.3688079e+07   3.9387346e+06   1.2992482e+07   3.3029148e+00   9.4969054e+00   4.9604825e-01   3.4185382e-01   7.9648926e-02   3.4834874e-13   1.3717371e+01   1.0000000e+00   7.7988910e-03
   1.4339843e+07   4.3093527e+06   1.4529362e+07   1.0000000e-01   2.1974184e-01   1.0000000e-01   1.2267554e-02   1.0000000e-02   1.9093107e-12   4.4200939e-01   1.0000000e+00   7.7819139e-03
   1.3689291e+07   3.9361512e+06   1.2937801e+07   3.3548661e+00   8.6937578e+00   4.8106832e-01   3.3139519e-01   7.9775816e-02   3.5745914e-13   1.2940863e+01   1.0000000e+00   7.7729906e-03
   1.4140210e+07   4.2714160e+06   1.4629130e+07   1.0000000e-01   1.5052763e-01   1.0000000e-01   1.0000000e-02   1.0742757e-02   2.2292147e-12   3.7127038e-01   1.0000000e+00   7.7492551e-03
   1.4168030e+07   4.2577529e+06   1.4682971e+07   1.0025667e-01   1.7518895e-01   1.0000000e-01   1.0041959e-02   1.0013377e-02   2.1002831e-12   3.9550096e-01   1.0000000e+00   7.7321060e-03
   1.4164253e+07   3.4638016e+06   1.2778691e+07   1.1933435e+00   5.3523407e+00   3.1798654e-01   9.1911225e-02   7.5621500e-02   4.7634953e-13   7.0312035e+00   1.0000000e+00   7.7135044e-03
   1.4136659e+07   4.5079669e+06   1.4720712e+07   1.0000000e-01   1.0269158e-01   1.0000000e-01   1.0129874e-02   1.0000000e-02   2.5662041e-12   3.2282146e-01   1.0000000e+00   7.6960174e-03
   1.4095020e+07   2.2083711e+06   1.5317891e+07   7.5146437e+00   5.1774031e+01   1.7785647e+00   1.2023189e+00   3.5946457e-01   1.9466299e-13   6.2629023e+01   1.0000000e+00   7.6948318e-03
   1.7955119e+07   1.2702306e+06   1.6115073e+07   2.0623068e+01   3.3843908e+02   3.5781995e+00   7.4282857e+00   3.0958312e+00   1.0886335e-13   3.7316447e+02   1.0000000e+00   7.6823147e-03
   7.7439751e+05   9.9999998e+06   3.7181833e+07   9.9926105e+02   7.8745665e+02   1.5089656e+02   2.7969869e+01   6.2954350e+01   7.8236286e-14   2.0285385e+03   1.0000000e+00   7.6516884e-03
   1.9927886e+07   8.1063457e+05   1.7015465e+07   1.3572079e+02   1.0000000e+03   1.8014310e+01   1.9646282e+01   1.2331635e+01   8.0578864e-14   1.1857130e+03   1.0000000e+00   7.6446557e-03
   1.4073126e+07   4.2925067e+06   1.4262895e+07   1.2726183e-01   4.0965127e-01   1.0002058e-01   1.4507033e-02   1.1043299e-02   1.4922535e-12   6.6248401e-01   1.0000000e+00   7.5603016e-03
   7.7739594e+05   1.0000000e+07   3.4650096e+07   1.0000000e+03   9.1092970e+02   1.7442965e+02   2.6734277e+01   9.7726275e+01   7.7885777e-14   2.2098199e+03   1.0000000e+00   7.5594122e-03
   1.3815128e+07   3.9713448e+06   1.4689366e+07   2.2149366e-01   7.8627557e-01   1.1457810e-01   3.8162735e-02   1.4273682e-02   1.1088459e-12   1.1747838e+00   1.0000000e+00   7.5317811e-03
   1.4128380e+07   4.5687197e+06   1.4704028e+07   1.0000000e-01   1.2896651e-01   1.0006007e-01   1.1071716e-02   1.1036136e-02   2.3210517e-12   3.5113443e-01   1.0000000e+00   7.5259684e-03
   1.4339355e+07   4.3087098e+06   1.4529528e+07   1.0000148e-01   1.8009875e-01   1.0006711e-01   1.0000000e-02   1.0028524e-02   2.0690522e-12   4.0019587e-01   1.0000000e+00   7.5203694e-03
   7.7359263e+05   9.9999999e+06   3.7152099e+07   9.9907680e+02   8.1028620e+02   1.4765922e+02   2.7571902e+01   6.1180081e+01   7.8186100e-14   2.0457742e+03   1.0000000e+00   7.5100022e-03
   1.3677190e+07   3.9647440e+06   1.2999301e+07   2.2062090e+00   1.2287484e+01   2.9630136e-01   3.2831000e-01   2.0652225e-01   3.4044998e-13   1.5324826e+01   1.0000000e+00   7.4923461e-03
   1.4133473e+07   4.2897607e+06   1.4667181e+07   1.0002243e-01   1.5529771e-01   1.0000000e-01   1.0003193e-02   1.0000000e-02   2.1994344e-12   3.7532333e-01   1.0000000e+00   7.4835994e-03
   7.6029022e+05   9.9796240e+06   4.0830950e+07   1.0000000e+03   6.1547569e+02   1.0924646e+02   2.1589093e+01   6.4635892e+01   7.8842089e-14   1.8109471e+03   1.0000000e+00   7.4703381e-03
   7.4392267e+05   9.9723549e+06   3.6502463e+07   9.9999978e+02   7.7169022e+02   1.5408445e+02   2.5749698e+01   6.3683676e+01   7.8259225e-14   2.0152078e+03   1.0000000e+00   7.4639264e-03
   1.9677411e+07   1.2051097e+06   1.7159913e+07   2.5833424e+01   3.9587049e+02   4.2979702e+00   6.4020719e+00   3.4534139e+00   1.0380405e-13   4.3585737e+02   1.0000000e+00   7.4426609e-03
   1.4154687e+07   4.2787624e+06   1.4702423e+07   2.3159322e-01   6.1140778e-01   1.0001765e-01   3.5491522e-02   1.0014566e-02   1.1919725e-12   9.8852473e-01   1.0000000e+00   7.4250410e-03
   2.0000000e+07   1.0205216e+06   1.8314658e+07   4.0954750e+01   5.7355477e+02   5.7561384e+00   7.9718700e+00   2.5537624e+00   9.3798559e-14   6.3079129e+02   1.0000000e+00   7.4044703e-03
   1.4168068e+07   4.2579158e+06   1.4649022e+07   1.0017457e-01   1.6997629e-01   1.0000000e-01   1.0012727e-02   1.0007661e-02   2.1256204e-12   3.9017124e-01   1.0000000e+00   7.3845301e-03
   1.3814451e+07   3.8607030e+06   1.2398223e+07   6.1188222e-01   1.5732264e+00   1.0523072e-01   9.9946583e-02   8.4918286e-02   7.6898090e-13   2.4752042e+00   1.0000000e+00   7.3829853e-03
   1.2380806e+07   3.5072433e+06   1.4030040e+07   4.5485257e+00   1.3516181e+01   7.0640826e-01   8.3795978e-01   2.8040652e-01   2.9957509e-13   1.9889482e+01   1.0000000e+00   7.3800369e-03
   1.3805304e+07   3.8100621e+06   1.2437924e+07   5.8085559e-01   1.4909781e+00   1.0000001e-01   8.7562745e-02   2.0997495e-02   8.0107233e-13   2.2803939e+00   1.0000000e+00   7.3793082e-03
   1.4252763e+07   1.7165286e+06   1.6614122e+07   2.3396892e+01   1.2784972e+02   3.5116641e+00   3.5076591e+00   4.8724369e+00   1.4212545e-13   1.6313837e+02   1.0000000e+00   7.3578690e-03
   1.8711177e+07   1.5109576e+06   1.6058442e+07   1.8342869e+01   2.9425132e+02   7.8239723e+00   5.2278082e+00   2.3609943e+00   1.1346111e-13   3.2800697e+02   1.0000000e+00   7.3507132e-03
   7.5942566e+05   1.0000000e+07   3.9776925e+07   1.0000000e+03   4.0785564e+02   7.6108365e+01   2.4460508e+01   6.9318867e+01   8.0128145e-14   1.5777434e+03   1.0000000e+00   7.3339781e-03
   1.9057053e+07   1.1291191e+06   1.6401857e+07   3.2713051e+01   4.5618689e+02   3.8271238e+00   6.5727167e+00   2.6606603e+00   9.9922792e-14   5.0196044e+02   1.0000000e+00   7.3140630e-03
   1.9130527e+07   1.3822587e+06   1.6301536e+07   1.9877047e+01   3.1191683e+02   3.7623265e+00   6.0526795e+00   2.8694169e+00   1.1115848e-13   3.4447830e+02   1.0000000e+00   7.2890147e-03
   1.9026330e+07   1.0635603e+06   1.8414734e+07   2.6871620e+01   5.2166536e+02   7.5690602e+00   6.4436959e+00   4.8587310e+00   9.6622821e-14   5.6740847e+02   1.0000000e+00   7.2602276e-03
   1.4322980e+07   4.3112977e+06   1.4532580e+07   1.0000000e-01   2.4404360e-01   1.0000000e-01   1.2803180e-02   1.1481159e-02   1.8336752e-12   4.6832794e-01   1.0000000e+00   7.2235974e-03
   7.4352984e+05   1.0000000e+07   3.4227918e+07   1.0000000e+03   9.2002114e+02   1.7543347e+02   2.5939292e+01   1.0000000e+02   7.7854160e-14   2.2213939e+03   1.0000000e+00   7.1997611e-03
   1.3788686e+07   3.9565144e+06   1.4683988e+07   2.1300266e-01   7.2755509e-01   1.1599103e-01   3.8337551e-02   1.8815924e-02   1.1414703e-12   1.1137023e+00   1.0000000e+00   7.1997583e-03
   1.6969095e+07   1.7822195e+06   1.6432431e+07   2.4745386e+01   1.9322056e+02   7.8070144e+00   2.2959670e+00   3.5904415e+00   1.2656429e-13   2.3165937e+02   1.0000000e+00   7.1978793e-03
   1.3896335e+07   3.7988688e+06   1.2267698e+07   2.8691757e-01   1.2097585e+00   1.0000000e-01   6.8359678e-02   5.9753012e-02   9.2097761e-13   1.7247887e+00   1.0000000e+00   7.1706548e-03
   1.9885920e+07   8.8908248e+05   2.2394081e+07   3.2603151e+01   8.0281494e+02   1.8645654e+00   7.8449098e+00   5.7724937e+00   8.6245564e-14   8.5090006e+02   1.0000000e+00   7.1454169e-03
   1.2496584e+07   3.2464956e+06   1.4048366e+07   3.3144599e+00   1.1193308e+01   5.6038814e-01   6.0330457e-01   1.8498955e-01   3.3184406e-13   1.5856450e+01   1.0000000e+00   7.1436905e-03
   7.6405383e+05   9.9999895e+06   3.3896418e+07   1.0000000e+03   8.5682256e+02   1.7409814e+02   2.6124713e+01   9.1322248e+01   7.7983279e-14   2.1483677e+03   1.0000000e+00   7.0892234e-03
   1.9886572e+07   8.0923952e+05   2.8450717e+07   2.7617808e+02   1.0000000e+03   4.2112885e+01   4.1818253e+01   3.8973667e+01   8.0364324e-14   1.3990829e+03   1.0000000e+00   7.0882950e-03
   1.4134054e+07   4.5277157e+06   1.4686470e+07   1.0000000e-01   1.1889377e-01   1.0000000e-01   1.0296029e-02   1.0140667e-02   2.4099417e-12   3.3933047e-01   1.0000000e+00   7.0519892e-03
   7.5292865e+05   1.0000000e+07   3.9494807e+07   1.0000000e+03   5.3533232e+02   7.1441826e+01   2.0108214e+01   7.4209202e+01   7.9220449e-14   1.7010916e+03   1.0000000e+00   7.0478308e-03
   7.5186022e+05   9.9999457e+06   4.1899268e+07   9.9992287e+02   5.7485582e+02   1.1729751e+02   2.2001428e+01   6.3885424e+01   7.9028074e-14   1.7779630e+03   1.0000000e+00   7.0439736e-03
   1.9206190e+07   1.1448311e+06   1.6806231e+07   2.4667595e+01   3.5132499e+02   4.7968614e+00   7.2137542e+00   3.5396966e+00   1.0744011e-13   3.9154290e+02   1.0000000e+00   7.0385484e-03
   1.9228863e+07   1.2081344e+06   1.6956019e+07   2.5713499e+01   3.6335122e+02   5.3470860e+00   6.9532725e+00   3.4642575e+00   1.0616844e-13   4.0482934e+02   1.0000000e+00   7.0223337e-03
   1.6843999e+07   1.6197721e+06   1.6071906e+07   2.1886986e+01   2.0603136e+02   3.8517829e+00   3.9647776e+00   3.8895600e+00   1.2421922e-13   2.3962447e+02   1.0000000e+00   7.0218304e-03
   1.4167825e+07   4.4110704e+06   1.4685205e+07   1.0108398e-01   3.0981818e-01   1.0000000e-01   1.0000000e-02   1.0000000e-02   1.6959558e-12   5.3090215e-01   1.0000000e+00   7.0194557e-03
   1.9684112e+07   8.3326257e+05   2.2535787e+07   3.8387255e+01   9.3461428e+02   1.8989010e+00   9.7219506e+00   6.8238222e+00   8.2790888e-14   9.9144621e+02   1.0000000e+00   7.0172010e-03
   1.4112800e+07   4.2613264e+06   1.4987891e+07   1.0263911e-01   2.3729759e-01   1.0004099e-01   1.2721933e-02   1.0076004e-02   1.8579883e-12   4.6277564e-01   1.0000000e+00   7.0072864e-03
   1.4168128e+07   4.2705420e+06   1.4696273e+07   1.8010510e-01   5.9321450e-01   1.0025499e-01   4.0541048e-02   1.0593669e-02   1.2355496e-12   9.2470930e-01   1.0000000e+00   6.9861170e-03
   1.4393106e+07   3.5861787e+06   1.2196032e+07   8.9170265e+00   2.1784868e+01   8.2166921e-01   6.6240794e-01   6.6033235e-01   2.4684875e-13   3.2846304e+01   1.0000000e+00   6.9768946e-03
   2.0000000e+07   1.2306913e+06   1.6202257e+07   2.4894688e+01   4.3278152e+02   3.8007355e+00   8.4711901e+00   2.3460738e+00   1.0164185e-13   4.7229420e+02   1.0000000e+00   6.9759650e-03
   2.0000000e+07   9.4669693e+05   2.3488667e+07   3.1595649e+01   6.3200258e+02   1.8175287e+00   7.9546948e+00   5.2292140e+00   9.1688756e-14   6.7859967e+02   1.0000000e+00   6.9747611e-03
   1.8841217e+07   7.9626220e+05   1.6163710e+07   1.1546965e+02   1.0000000e+03   1.3187004e+01   1.8478980e+01   1.1516931e+01   8.0668976e-14   1.1586526e+03   1.0000000e+00   6.9733042e-03
   7.6493733e+05   9.8356269e+06   3.2616597e+07   1.0000000e+03   1.0000000e+03   1.8200440e+02   2.6004896e+01   9.8787281e+01   7.7724455e-14   2.3067966e+03   1.0000000e+00   6.9533773e-03
   1.9138683e+07   1.3870762e+06   1.6270304e+07   2.3660214e+01   3.1849719e+02   3.1741071e+00   5.9541295e+00   2.8459548e+00   1.1029062e-13   3.5413160e+02   1.0000000e+00   6.9264024e-03
   1.9202776e+07   1.1547576e+06   1.6411818e+07   3.3080951e+01   4.4516870e+02   4.1071377e+00   6.7697266e+00   2.7029267e+00   1.0050054e-13   4.9182945e+02   1.0000000e+00   6.8953467e-03
   1.4320716e+07   2.4673149e+06   1.4959489e+07   7.1128649e+00   3.6936310e+01   1.6271728e+00   1.1587841e+00   2.3078645e-01   2.1527676e-13   4.7065918e+01   1.0000000e+00   6.8864024e-03
   1.3206159e+07   2.9470025e+06   1.4094926e+07   4.9406186e+00   2.3926726e+01   8.6059909e-01   1.6727083e+00   1.7513199e-01   2.5151784e-13   3.1575784e+01   1.0000000e+00   6.8579225e-03
   1.4135826e+07   4.2592622e+06   1.4722982e+07   1.5151322e-01   5.2290593e-01   1.0341554e-01   4.4097013e-02   1.7438729e-02   1.3101378e-12   8.3937043e-01   1.0000000e+00   6.8059883e-03
   1.4131015e+07   4.5440385e+06   1.4684306e+07   1.0000000e-01   1.2821771e-01   1.0000000e-01   1.0002467e-02   1.0000000e-02   2.3356046e-12   3.4822018e-01   1.0000000e+00   6.7648461e-03
   1.4115011e+07   4.0285671e+06   1.4711960e+07   2.2033068e-01   1.0116340e+00   1.0834075e-01   1.1698722e-01   1.8785236e-02   9.9836871e-13   1.4760779e+00   1.0000000e+00   6.7505279e-03
   1.4163011e+07   4.2604114e+06   1.4704035e+07   1.0056657e-01   2.2701738e-01   1.0105903e-01   1.3854795e-02   1.0000000e-02   1.8884696e-12   4.5249777e-01   1.0000000e+00   6.7435864e-03
   1.4178221e+07   4.2624764e+06   1.4660027e+07   1.0271871e-01   2.7588131e-01   1.0000014e-01   1.0000000e-02   1.0356261e-02   1.7693766e-12   4.9895642e-01   1.0000000e+00   6.7425312e-03
   2.0000000e+07   8.0356540e+05   2.8152712e+07   1.3090390e+02   1.0000000e+03   3.7477638e+01   3.2562700e+01   3.5347292e+01   8.0507514e-14   1.2362915e+03   1.0000000e+00   6.7257033e-03
   7.3481597e+05   9.9971874e+06   3.9568486e+07   1.0000000e+03   6.5548457e+02   1.0625768e+02   2.2417688e+01   6.5849608e+01   7.8677937e-14   1.8500096e+03   1.0000000e+00   6.7109230e-03
   7.7360539e+05   9.9996195e+06   3.9434611e+07   9.9999908e+02   7.3228425e+02   1.5326914e+02   2.4789818e+01   5.6538103e+01   7.8415989e-14   1.9668804e+03   1.0000000e+00   6.6982504e-03
   1.4138881e+07   4.2490907e+06   1.4623642e+07   1.0000334e-01   1.6436728e-01   1.0070418e-01   1.0000000e-02   1.0270498e-02   2.1557872e-12   3.8534530e-01   1.0000000e+00   6.6830839e-03
   1.4177744e+07   4.2626068e+06   1.4662900e+07   1.0004743e-01   2.7267444e-01   1.0000000e-01   1.0007356e-02   1.0274477e-02   1.7816732e-12   4.9300370e-01   1.0000000e+00   6.6440167e-03
   1.4144490e+07   4.2883510e+06   1.4517513e+07   1.0055805e-01   1.7185477e-01   1.0000000e-01   1.0000000e-02   1.0000000e-02   2.1121684e-12   3.9241282e-01   1.0000000e+00   6.6382828e-03
   1.4159013e+07   3.4434084e+06   1.2856509e+07   6.4172470e-01   2.4910385e+00   1.0000000e-01   1.2275126e-01   9.2956916e-02   6.5971000e-13   3.4484713e+00   1.0000000e+00   6.6382312e-03
   1.4165322e+07   4.2688700e+06   1.4705066e+07   1.5077929e-01   4.4615088e-01   1.0000000e-01   2.7258177e-02   1.8187329e-02   1.3933827e-12   7.4237568e-01   1.0000000e+00   6.6225853e-03
   2.0000000e+07   1.2726899e+06   1.6109044e+07   3.9311311e+01   4.3055408e+02   3.9516584e+00   9.0703860e+00   3.2379351e+00   1.0121910e-13   4.8612537e+02   1.0000000e+00   6.6033335e-03
   1.8800650e+07   8.0628562e+05   1.6412078e+07   9.6663270e+01   9.9907350e+02   1.3641943e+01   1.5767697e+01   1.2540577e+01   8.0761151e-14   1.1376870e+03   1.0000000e+00   6.5904876e-03
   1.9647445e+07   9.8227989e+05   2.0283193e+07   3.1707447e+01   6.5198838e+02   2.1779380e+00   1.0100590e+01   6.4686704e+00   9.0939955e-14   7.0244302e+02   1.0000000e+00   6.5743387e-03
   2.0000000e+07   8.3663966e+05   2.2218484e+07   4.3744414e+01   8.9107486e+02   1.7826115e+00   7.9899874e+00   7.6442779e+00   8.3701985e-14   9.5223615e+02   1.0000000e+00   6.5343364e-03
   7.4183627e+05   1.0000000e+07   3.8730248e+07   1.0000000e+03   4.8998152e+02   7.1352563e+01   2.2501897e+01   6.9471423e+01   7.9489943e-14   1.6533074e+03   1.0000000e+00   6.5330492e-03
   1.8739640e+07   1.2869728e+06   1.6004345e+07   1.6970259e+01   2.5741182e+02   3.0884658e+00   6.2869488e+00   3.3369683e+00   1.1763571e-13   2.8709446e+02   1.0000000e+00   6.5223366e-03
   1.4136589e+07   4.5077874e+06   1.4720360e+07   1.0000000e-01   1.0178428e-01   1.0000000e-01   1.0126948e-02   1.0000000e-02   2.5758897e-12   3.2191123e-01   1.0000000e+00   6.5117948e-03
   1.4123930e+07   4.5661368e+06   1.4702896e+07   1.0000000e-01   1.3102772e-01   1.0006044e-01   1.1150971e-02   1.0980562e-02   2.3064280e-12   3.5321969e-01   1.0000000e+00   6.4896523e-03
   1.4269743e+07   1.6342819e+06   1.6156476e+07   1.7869558e+01   1.0970443e+02   5.1093575e+00   1.9131399e+00   1.7794191e+00   1.5145528e-13   1.3637591e+02   1.0000000e+00   6.4875123e-03
   1.3831207e+07   3.8331026e+06   1.2424446e+07   5.3566583e-01   1.5549441e+00   1.0218924e-01   1.1438795e-01   1.9208059e-02   7.9192446e-13   2.3263951e+00   1.0000000e+00   6.4844169e-03
   1.8793110e+07   1.5552307e+06   1.5882382e+07   2.2555250e+01   2.7521362e+02   4.4210789e+00   5.2269491e+00   3.2185771e+00   1.1493801e-13   3.1063548e+02   1.0000000e+00   6.4838350e-03
   1.9996463e+07   7.8312899e+05   2.4078909e+07   6.6279270e+01   1.0000000e+03   2.7619096e+00   1.5025512e+01   7.2528143e+00   8.0911228e-14   1.0913195e+03   1.0000000e+00   6.4776129e-03
   7.7933453e+05   9.9995907e+06   3.4601024e+07   1.0000000e+03   9.9672576e+02   1.7350587e+02   2.6628494e+01   9.7834208e+01   7.7736734e-14   2.2946943e+03   1.0000000e+00   6.4653196e-03
   7.5358034e+05   1.0000000e+07   3.4242253e+07   1.0000000e+03   9.1988710e+02   1.8064542e+02   2.6266925e+01   9.9653761e+01   7.7848381e-14   2.2264532e+03   1.0000000e+00   6.4630173e-03
   1.4142193e+07   3.5729911e+06   1.2760664e+07   4.1843736e-01   1.4711119e+00   1.2281900e-01   8.3430936e-02   3.3750280e-02   8.2885133e-13   2.1295494e+00   1.0000000e+00   6.4341188e-03
   7.5495149e+05   9.9125995e+06   4.3135566e+07   9.9662956e+02   4.2883914e+02   7.3801791e+01   2.3766334e+01   7.8379728e+01   8.0056415e-14   1.6014165e+03   1.0000000e+00   6.4245778e-03
   1.4095758e+07   2.3270524e+06   1.5289461e+07   7.3073979e+00   4.5550742e+01   1.7008395e+00   1.2193891e+00   4.1309704e-01   2.0158284e-13   5.6191465e+01   1.0000000e+00   6.4151612e-03
   1.9623306e+07   8.0399212e+05   2.3653334e+07   9.8352305e+01   1.0000000e+03   8.0702446e+00   1.1392078e+01   6.6901135e+00   8.0784884e-14   1.1245047e+03   1.0000000e+00   6.3698607e-03
   1.9522693e+07   1.0524721e+06   1.7762006e+07   3.0618856e+01   4.8030683e+02   7.6006431e+00   6.4731624e+00   4.6678196e+00   9.8518996e-14   5.2966731e+02   1.0000000e+00   6.3672415e-03
   1.4149870e+07   4.3038467e+06   1.4624798e+07   3.0332197e-01   8.3366873e-01   1.0000000e-01   4.0061623e-02   4.1888027e-02   1.0225902e-12   1.3189403e+00   1.0000000e+00   6.3495294e-03
   1.9906774e+07   8.2338022e+05   2.3422454e+07   3.9020494e+01   9.4402634e+02   2.1999254e+00   8.0031462e+00   6.9136675e+00   8.2568898e-14   1.0001636e+03   1.0000000e+00   6.3487827e-03
   1.9839895e+07   8.5078098e+05   2.2508847e+07   3.0701100e+01   8.1799164e+02   1.9539575e+00   8.5494237e+00   5.5443230e+00   8.5875231e-14   8.6474044e+02   1.0000000e+00   6.3424035e-03
   7.4357179e+05   9.9999988e+06   3.7694893e+07   9.9860500e+02   7.1504216e+02   1.4325545e+02   2.8154476e+01   6.1329304e+01   7.8457824e-14   1.9463864e+03   1.0000000e+00   6.3339312e-03
   2.0000000e+07   8.0874945e+05   3.3640565e+07   2.8969513e+02   1.0000000e+03   5.7607508e+01   5.8401878e+01   5.7797193e+01   8.0340388e-14   1.4635017e+03   1.0000000e+00   6.3326641e-03
   1.9404496e+07   1.2492812e+06   1.6254764e+07   2.7563466e+01   3.8493372e+02   3.8907573e+00   7.6175728e+00   2.4962241e+00   1.0457205e-13   4.2650174e+02   1.0000000e+00   6.3260146e-03
   1.4356425e+07   4.3113822e+06   1.4532813e+07   1.0008907e-01   1.8164057e-01   1.0013411e-01   1.0003290e-02   1.0004013e-02   2.0614848e-12   4.0187105e-01   1.0000000e+00   6.3237612e-03
   1.4492518e+07   1.6040622e+06   1.6940430e+07   2.6327029e+01   1.4608410e+02   4.4979843e+00   3.2495834e+00   2.5124755e+00   1.3700467e-13   1.8267117e+02   1.0000000e+00   6.3225879e-03
   2.0000000e+07   8.4109399e+05   2.2414563e+07   3.1896462e+01   8.5159144e+02   2.4422871e+00   7.9350531e+00   4.7315743e+00   8.4965530e-14   8.9859681e+02   1.0000000e+00   6.3159741e-03
   2.0000000e+07   8.1279559e+05   3.2218058e+07   1.8136318e+02   1.0000000e+03   3.9769611e+01   3.8174848e+01   3.7105422e+01   8.0430714e-14   1.2964131e+03   1.0000000e+00   6.2998861e-03
   1.9677084e+07   9.8056563e+05   2.0990138e+07   3.6509163e+01   6.1509211e+02   2.0074345e+00   1.0255948e+01   6.2613157e+00   9.2135956e-14   6.7012598e+02   1.0000000e+00   6.2976210e-03
   1.9883289e+07   8.5755364e+05   2.3099858e+07   3.1094883e+01   8.3363792e+02   2.4199664e+00   8.1534408e+00   3.8108994e+00   8.5478757e-14   8.7911711e+02   1.0000000e+00   6.2893672e-03
   1.9834151e+07   8.1983480e+05   3.0561129e+07   1.6485269e+02   1.0000000e+03   2.3828524e+01   3.4352859e+01   3.5340979e+01   8.0462444e-14   1.2583751e+03   1.0000000e+00   6.2835052e-03
   1.4187164e+07   3.5191108e+06   1.2637135e+07   6.8679010e-01   2.2787847e+00   1.1838868e-01   1.0813449e-01   9.3715885e-02   6.7311133e-13   3.2858138e+00   1.0000000e+00   6.2789935e-03
   7.2635929e+05   9.9995864e+06   3.3669450e+07   1.0000000e+03   8.4878491e+02   1.6574260e+02   2.5510342e+01   9.4925807e+01   7.8025809e-14   2.1349637e+03   1.0000000e+00   6.2455757e-03
   1.9965653e+07   1.1990666e+06   1.6989868e+07   2.6610844e+01   3.8200950e+02   4.3847500e+00   6.6091056e+00   2.4701245e+00   1.0475047e-13   4.2208432e+02   1.0000000e+00   6.2320106e-03
   1.4136697e+07   4.5016370e+06   1.4720595e+07   1.0000318e-01   1.0431619e-01   1.0000000e-01   1.0195774e-02   1.0000000e-02   2.5502307e-12   3.2451514e-01   1.0000000e+00   6.1873937e-03
   7.0346296e+05   1.0000000e+07   4.1362423e+07   1.0000000e+03   6.1938618e+02   9.6814785e+01   2.2254948e+01   6.6247575e+01   7.8917404e-14   1.8047035e+03   1.0000000e+00   6.1723852e-03
   7.5924122e+05   9.9397603e+06   3.9434924e+07   1.0000000e+03   5.4387492e+02   6.7837266e+01   2.0719732e+01   7.3325813e+01   7.9192130e-14   1.7057577e+03   1.0000000e+00   6.1541318e-03
   1.9691093e+07   8.8941384e+05   2.2943263e+07   2.8567107e+01   8.3112830e+02   1.7223302e+00   7.6299367e+00   5.3877685e+00   8.5695112e-14   8.7443544e+02   1.0000000e+00   6.1513225e-03
   1.9156936e+07   1.1331994e+06   1.6158393e+07   2.6969678e+01   5.5117521e+02   3.9423312e+00   8.0715756e+00   2.8312296e+00   9.5609040e-14   5.9299002e+02   1.0000000e+00   6.1461243e-03
   1.9974137e+07   9.5556731e+05   2.3480451e+07   3.1362086e+01   6.3941223e+02   1.8088120e+00   7.9374268e+00   5.0884725e+00   9.1415436e-14   6.8560902e+02   1.0000000e+00   6.1305811e-03
   1.9999725e+07   8.1407017e+05   4.3059674e+07   3.4330288e+02   1.0000000e+03   5.8811117e+01   6.9600575e+01   4.1174209e+01   8.0322643e-14   1.5128888e+03   1.0000000e+00   6.1212606e-03
   1.3863570e+07   3.8482517e+06   1.2553936e+07   6.9798733e-01   2.7198008e+00   1.0000000e-01   1.0771395e-01   5.1181243e-02   6.3385741e-13   3.6766833e+00   1.0000000e+00   6.0982805e-03
   1.3784821e+07   3.7452109e+06   1.2326339e+07   8.7047238e-01   2.6972004e+00   1.0000000e-01   1.1209262e-01   9.7300114e-02   6.2141450e-13   3.8770655e+00   1.0000000e+00   6.0927573e-03
   1.4148746e+07   4.2471990e+06   1.4652539e+07   1.0192351e-01   2.3787354e-01   1.0000000e-01   1.0683513e-02   1.0000000e-02   1.8662129e-12   4.6048056e-01   1.0000000e+00   6.0912264e-03
   1.2604042e+07   2.9368098e+06   1.3923896e+07   4.5137399e+00   2.0058076e+01   5.8682818e-01   8.2977275e-01   6.0299445e-01   2.6907184e-13   2.6591411e+01   1.0000000e+00   6.0852065e-03
   1.3823804e+07   3.8170251e+06   1.2472639e+07   6.7006258e-01   1.9498738e+00   1.6781780e-01   9.9025095e-02   4.6046388e-02   7.0490879e-13   2.9328257e+00   1.0000000e+00   6.0792000e-03
   1.4244108e+07   1.7265989e+06   1.6345919e+07   1.6025583e+01   1.0564657e+02   4.9067659e+00   1.8102679e+00   2.0272047e+00   1.5280639e-13   1.3041639e+02   1.0000000e+00   6.0742906e-03
   1.9669257e+07   1.0334459e+06   2.1453204e+07   3.6921192e+01   5.9667141e+02   1.9341589e+00   1.0057079e+01   6.4466091e+00   9.2860983e-14   6.5203045e+02   1.0000000e+00   6.0727966e-03
   1.9833492e+07   9.1830186e+05   2.2802146e+07   3.1440126e+01   7.6863905e+02   2.0429522e+00   7.6229976e+00   5.5660180e+00   8.7262875e-14   8.1531115e+02   1.0000000e+00   6.0204344e-03
   1.9993040e+07   8.0162732e+05   3.0782581e+07   1.6717190e+02   1.0000000e+03   3.4021502e+01   3.4121846e+01   3.5130857e+01   8.0452984e-14   1.2704461e+03   1.0000000e+00   6.0185159e-03
   1.4169243e+07   4.2576501e+06   1.4682462e+07   1.0027145e-01   1.6792485e-01   1.0000065e-01   1.0051618e-02   1.0015565e-02   2.1355111e-12   3.8826414e-01   1.0000000e+00   6.0177650e-03
   1.3650501e+07   1.9586017e+06   1.4608741e+07   1.5184562e+01   1.2396941e+02   1.8214581e+00   2.0251451e+00   1.6192132e+00   1.4661305e-13   1.4461979e+02   1.0000000e+00   6.0164375e-03
   1.4060250e+07   4.2849896e+06   1.4231170e+07   1.2291429e-01   3.6413151e-01   1.0000000e-01   1.4409430e-02   1.1013797e-02   1.5596333e-12   6.1246903e-01   1.0000000e+00   6.0077436e-03
   1.4109022e+07   4.0461311e+06   1.4794087e+07   2.4920505e-01   8.3031562e-01   1.0000000e-01   2.9430269e-02   5.8728045e-02   1.0638769e-12   1.2676790e+00   1.0000000e+00   6.0064302e-03
   1.4168393e+07   4.2577222e+06   1.4691506e+07   1.0000157e-01   1.6642063e-01   1.0002978e-01   1.0000000e-02   1.0000000e-02   2.1438041e-12   3.8645198e-01   1.0000000e+00   5.9897781e-03
   7.7525600e+05   1.0000000e+07   3.7639853e+07   1.0000000e+03   7.2337605e+02   1.5712867e+02   2.6005185e+01   6.2891174e+01   7.8410917e-14   1.9694011e+03   1.0000000e+00   5.9644416e-03
   7.7056442e+05   9.9992454e+06   4.0568805e+07   1.0000000e+03   5.0103766e+02   7.2918983e+01   2.2435318e+01   7.0062312e+01   7.9433956e-14   1.6664543e+03   1.0000000e+00   5.9402204e-03
   1.4167308e+07   4.3324296e+06   1.4670468e+07   1.0030649e-01   3.0436640e-01   1.0028709e-01   1.0468652e-02   1.0299698e-02   1.7086919e-12   5.2572833e-01   1.0000000e+00   5.9274469e-03
   1.3817355e+07   3.9673810e+06   1.4685522e+07   2.2073890e-01   7.3456789e-01   1.1590069e-01   4.0144083e-02   1.8709736e-02   1.1312319e-12   1.1300613e+00   1.0000000e+00   5.9029827e-03
   1.4169211e+07   4.3292533e+06   1.4682442e+07   1.0035631e-01   3.1001056e-01   1.0089947e-01   1.5414326e-02   1.0024130e-02   1.6808113e-12   5.3670479e-01   1.0000000e+00   5.8889296e-03
   1.2681256e+07   3.1508390e+06   1.3970262e+07   4.8658055e+00   1.5600032e+01   5.9228132e-01   7.6751122e-01   3.1527462e-01   2.8820349e-13   2.2140905e+01   1.0000000e+00   5.8581756e-03
   2.0000000e+07   8.1105686e+05   4.0213027e+07   3.5635431e+02   1.0000000e+03   5.3963693e+01   7.4652829e+01   4.6440381e+01   8.0315094e-14   1.5314112e+03   1.0000000e+00   5.8560777e-03
   1.4069142e+07   4.2402900e+06   1.4150032e+07   1.2923704e-01   3.6220595e-01   1.0002803e-01   1.8575941e-02   1.0129542e-02   1.5477972e-12   6.2017651e-01   1.0000000e+00   5.8494534e-03
   7.7672574e+05   1.0000000e+07   3.4489545e+07   1.0000000e+03   9.6111113e+02   1.7408071e+02   2.6700721e+01   9.7983856e+01   7.7791268e-14   2.2598764e+03   1.0000000e+00   5.8327493e-03
   2.0000000e+07   8.0945551e+05   3.9396515e+07   2.6551889e+02   1.0000000e+03   5.0076145e+01   4.8058995e+01   4.6364846e+01   8.0360584e-14   1.4100189e+03   1.0000000e+00   5.8303083e-03
   1.9992299e+07   8.0780390e+05   3.4400349e+07   2.8133394e+02   9.9999175e+02   5.7372933e+01   6.3053157e+01   5.1269612e+01   8.0342762e-14   1.4530214e+03   1.0000000e+00   5.8129236e-03
   1.9263942e+07   1.0964226e+06   1.6061450e+07   2.9925820e+01   5.3934844e+02   4.2595043e+00   5.7417495e+00   4.4739995e+00   9.5831215e-14   5.8374952e+02   1.0000000e+00   5.8115009e-03
   2.0000000e+07   9.4601913e+05   2.3629786e+07   3.4437886e+01   6.6446840e+02   1.9846978e+00   7.9939646e+00   5.3349970e+00   9.0406384e-14   7.1421995e+02   1.0000000e+00   5.8089630e-03
   7.2591178e+05   9.9975092e+06   3.3616150e+07   1.0000000e+03   8.5776130e+02   1.6632721e+02   2.5569821e+01   9.4767771e+01   7.8006719e-14   2.1444261e+03   1.0000000e+00   5.8068806e-03
   7.7029645e+05   9.9992241e+06   4.0654324e+07   9.9998995e+02   4.5514610e+02   6.8161831e+01   2.2251614e+01   7.0708297e+01   7.9754209e-14   1.6162578e+03   1.0000000e+00   5.7962914e-03
   7.4399035e+05   9.9999987e+06   3.7611013e+07   9.9864706e+02   7.0752116e+02   1.4358403e+02   2.8124589e+01   6.1417238e+01   7.8479358e-14   1.9392941e+03   1.0000000e+00   5.7827032e-03
   7.7439742e+05   9.9999997e+06   3.7181833e+07   9.9920341e+02   7.8741992e+02   1.5090536e+02   2.7768755e+01   6.2810755e+01   7.8238181e-14   2.0281082e+03   1.0000000e+00   5.7674028e-03
   1.4139109e+07   4.2867363e+06   1.4596997e+07   1.0000000e-01   1.9496344e-01   1.0067902e-01   1.0000000e-02   1.3190720e-02   2.0100767e-12   4.1883318e-01   1.0000000e+00   5.7659602e-03
   1.9962668e+07   7.9997223e+05   2.9827634e+07   2.1327123e+02   1.0000000e+03   4.1211103e+01   3.8260164e+01   3.4018776e+01   8.0406940e-14   1.3267613e+03   1.0000000e+00   5.7628456e-03
   1.4078887e+07   4.2363228e+06   1.4169232e+07   1.2192778e-01   3.4312207e-01   1.0000000e-01   1.8432646e-02   1.0001669e-02   1.5881940e-12   5.9348416e-01   1.0000000e+00   5.7592833e-03
   1.4166110e+07   4.2648941e+06   1.4702347e+07   1.4114770e-01   4.4807808e-01   1.0000001e-01   2.7147900e-02   1.7584776e-02   1.4029496e-12   7.3395846e-01   1.0000000e+00   5.7504920e-03
   1.4496781e+07   1.8183532e+06   1.6967576e+07   2.7057059e+01   1.6616740e+02   4.5202891e+00   3.2621638e+00   2.7106897e+00   1.3159596e-13   2.0371760e+02   1.0000000e+00   5.7346981e-03
   1.4118846e+07   4.3181117e+06   1.4465019e+07   2.1210961e-01   6.1448456e-01   1.0068450e-01   2.0264436e-02   1.1328976e-02   1.2151987e-12   9.5887209e-01   1.0000000e+00   5.7306879e-03
   1.9893963e+07   8.0161616e+05   2.2137723e+07   2.9396543e+01   9.3450888e+02   3.0496744e+00   8.9412423e+00   6.6402211e+00   8.3015942e-14   9.8253656e+02   1.0000000e+00   5.7191002e-03
   7.7049989e+05   9.9992665e+06   4.0682301e+07   9.9998866e+02   4.7113520e+02   7.1140554e+01   2.2169339e+01   7.0669949e+01   7.9635690e-14   1.6351037e+03   1.0000000e+00   5.7064858e-03
   7.4131506e+05   1.0000000e+07   3.8768389e+07   1.0000000e+03   4.9252837e+02   7.2275181e+01   2.2540070e+01   6.8678566e+01   7.9474371e-14   1.6560222e+03   1.0000000e+00   5.7011677e-03
   1.4161547e+07   4.2920706e+06   1.4655469e+07   1.3695375e-01   5.0146096e-01   1.0000159e-01   2.2497584e-02   1.1685318e-02   1.3655584e-12   7.7259920e-01   1.0000000e+00   5.7010233e-03
   1.4480533e+07   1.9557123e+06   1.6951488e+07   2.6696189e+01   1.3436611e+02   4.5163649e+00   3.4468851e+00   2.5499568e+00   1.3906515e-13   1.7157550e+02   1.0000000e+00   5.6968368e-03
   1.9851801e+07   8.0592169e+05   2.2754841e+07   3.6127889e+01   9.5830918e+02   2.1387772e+00   9.5663134e+00   6.6679477e+00   8.2289505e-14   1.0128101e+03   1.0000000e+00   5.6965319e-03
   7.4406585e+05   9.9730471e+06   3.6627831e+07   1.0000000e+03   7.6761775e+02   1.5331067e+02   2.5826819e+01   6.3695193e+01   7.8271134e-14   2.0104504e+03   1.0000000e+00   5.6952564e-03
   7.5317699e+05   9.9996564e+06   3.5012419e+07   1.0000000e+03   7.8917451e+02   1.8528173e+02   2.7531595e+01   8.1182334e+01   7.8156288e-14   2.0831702e+03   1.0000000e+00   5.6671362e-03
   1.4073067e+07   4.2346218e+06   1.4156318e+07   1.2217649e-01   3.4757765e-01   1.0000091e-01   1.8364719e-02   1.0001641e-02   1.5810097e-12   5.9812142e-01   1.0000000e+00   5.6640558e-03
   1.4412387e+07   2.0135964e+06   1.7305940e+07   2.4875590e+01   1.5499684e+02   4.4472806e+00   3.1336768e+00   2.5326732e+00   1.3478684e-13   1.8998607e+02   1.0000000e+00   5.6501116e-03
   1.4268669e+07   4.3858047e+06   1.4870929e+07   1.1927353e+00   3.9204249e+00   1.7213477e-01   1.6281925e-01   2.5107554e-01   5.0429349e-13   5.6991898e+00   1.0000000e+00   5.6495994e-03
   1.8818495e+07   1.0238460e+06   1.8202832e+07   2.7056054e+01   5.3005321e+02   7.8695795e+00   5.8604807e+00   4.6450696e+00   9.6305722e-14   5.7548439e+02   1.0000000e+00   5.6420927e-03
   1.4168315e+07   4.3266785e+06   1.4668653e+07   1.0072488e-01   2.9211755e-01   1.0028916e-01   1.0608267e-02   1.0253364e-02   1.7313572e-12   5.1399322e-01   1.0000000e+00   5.6132521e-03
   1.9998116e+07   8.1331951e+05   4.0289422e+07   3.6023821e+02   9.9998994e+02   5.5066637e+01   7.8943752e+01   4.6348042e+01   8.0313243e-14   1.5405866e+03   1.0000000e+00   5.6115426e-03
   1.4117634e+07   4.5010428e+06   1.4717838e+07   1.0000000e-01   1.2650203e-01   1.0000000e-01   1.0000000e-02   1.0016356e-02   2.3554366e-12   3.4651839e-01   1.0000000e+00   5.5840166e-03
   1.4117225e+07   4.0428102e+06   1.4789668e+07   3.6672356e-01   1.3123492e+00   1.0000000e-01   4.7672416e-02   5.9397603e-02   8.6213412e-13   1.8861428e+00   1.0000000e+00   5.5741296e-03
   1.9561096e+07   1.1830398e+06   1.6239164e+07   2.8831035e+01   4.2597067e+02   3.9509764e+00   9.0768383e+00   2.6094802e+00   1.0172196e-13   4.7043900e+02   1.0000000e+00   5.5730437e-03
   1.3831207e+07   3.8331026e+06   1.2424446e+07   3.6579490e-01   1.4025417e+00   1.0000000e-01   1.0989885e-01   5.2029469e-02   8.4597113e-13   2.0302649e+00   1.0000000e+00   5.5643934e-03
   1.4124130e+07   4.5474862e+06   1.4706888e+07   1.0000000e-01   1.1633599e-01   1.0005988e-01   1.1695796e-02   1.0467171e-02   2.4231341e-12   3.3855884e-01   1.0000000e+00   5.5636356e-03
   1.4165477e+07   4.2475218e+06   1.4678427e+07   1.0000000e-01   2.5496170e-01   1.0000000e-01   1.0020300e-02   1.0000000e-02   1.8262296e-12   4.7498200e-01   1.0000000e+00   5.5534599e-03
   1.4415532e+07   2.7949932e+06   1.4556413e+07   1.4570093e+01   4.2098545e+01   2.3915014e+00   8.8543118e-01   1.6312363e+00   1.9682963e-13   6.1576806e+01   1.0000000e+00   5.5346377e-03
   1.4138377e+07   4.3633760e+06   1.4977117e+07   1.0229166e-01   3.3897791e-01   1.0092798e-01   1.4153774e-02   1.0000000e-02   1.6295954e-12   5.6635132e-01   1.0000000e+00   5.5196261e-03
   2.0000000e+07   8.1038427e+05   3.7580545e+07   3.9213680e+02   1.0000000e+03   5.5125039e+01   6.7776065e+01   4.5330801e+01   8.0309573e-14   1.5603687e+03   1.0000000e+00   5.5041696e-03
   1.2700213e+07   3.1849544e+06   1.3940307e+07   4.6979587e+00   1.5095434e+01   5.9729050e-01   7.4013804e-01   3.0941910e-01   2.9168527e-13   2.1440240e+01   1.0000000e+00   5.4980652e-03
   1.4248317e+07   1.6776886e+06   1.6721895e+07   1.5942977e+01   1.1702465e+02   5.1168598e+00   1.7995927e+00   1.6673899e+00   1.4859090e-13   1.4155146e+02   1.0000000e+00   5.4880641e-03
   1.4135266e+07   4.2615585e+06   1.4829582e+07   1.0000000e-01   1.9084688e-01   1.0000004e-01   1.1022374e-02   1.0608035e-02   2.0273078e-12   4.1247733e-01   1.0000000e+00   5.4756387e-03
   1.4496780e+07   1.8315593e+06   1.6980674e+07   2.6787173e+01   1.5715849e+02   4.5465497e+00   3.2164704e+00   2.5009945e+00   1.3354788e-13   1.9420968e+02   1.0000000e+00   5.4715864e-03
   1.4318984e+07   2.5371752e+06   1.5092361e+07   7.7052719e+00   3.8033784e+01   1.5531851e+00   1.2900871e+00   2.8587084e-01   2.1125416e-13   4.8868199e+01   1.0000000e+00   5.4523869e-03
   1.3830283e+07   2.0549549e+06   1.4279746e+07   1.3815712e+01   6.5080914e+01   1.9563271e+00   1.9377672e+00   4.5750335e-01   1.7716831e-13   8.3248224e+01   1.0000000e+00   5.4477955e-03
   1.4170826e+07   4.2572775e+06   1.4634833e+07   1.0066631e-01   2.5554315e-01   1.0000000e-01   1.1331441e-02   1.0000000e-02   1.8165182e-12   4.7754090e-01   1.0000000e+00   5.4344986e-03
   2.0000000e+07   7.6380498e+05   2.0905413e+07   5.1736422e+01   9.9998743e+02   2.3446312e+00   9.1965993e+00   7.1934671e+00   8.1177312e-14   1.0704585e+03   1.0000000e+00   5.4272484e-03
   2.0000000e+07   1.0220312e+06   1.8624688e+07   2.7604616e+01   5.9276917e+02   8.9809658e+00   7.5196319e+00   5.0716147e+00   9.3313194e-14   6.4194600e+02   1.0000000e+00   5.4153401e-03
   1.9968948e+07   8.0312941e+05   2.9551346e+07   1.2487873e+02   9.9999705e+02   3.7065232e+01   3.2146869e+01   3.1693057e+01   8.0522731e-14   1.2257809e+03   1.0000000e+00   5.4055373e-03
   1.4158692e+07   3.4918166e+06   1.2884790e+07   6.2936096e-01   2.4420101e+00   1.0000000e-01   1.2055652e-01   9.3887573e-02   6.6403646e-13   3.3858152e+00   1.0000000e+00   5.4035755e-03
   1.9924127e+07   7.8633021e+05   2.1150237e+07   4.9632493e+01   9.9884369e+02   2.3141575e+00   9.1991329e+00   6.9728331e+00   8.1204070e-14   1.0669623e+03   1.0000000e+00   5.4011348e-03
   1.4167895e+07   4.3108322e+06   1.4658417e+07   1.0000000e-01   2.6722540e-01   1.0010584e-01   2.3574380e-02   1.0000000e-02   1.7597399e-12   5.0090562e-01   1.0000000e+00   5.3716118e-03
   1.9429536e+07   1.0052382e+06   1.8368841e+07   2.6648494e+01   5.1297882e+02   7.6214515e+00   6.2459529e+00   4.6435507e+00   9.7110657e-14   5.5813827e+02   1.0000000e+00   5.3561061e-03
   1.4167634e+07   4.2577239e+06   1.4682911e+07   1.0025336e-01   1.7169361e-01   1.0000000e-01   1.0047709e-02   1.0013478e-02   2.1169597e-12   3.9200815e-01   1.0000000e+00   5.3544468e-03
   1.9999959e+07   8.1264551e+05   3.3039268e+07   1.8096141e+02   1.0000000e+03   3.9293647e+01   3.8845479e+01   3.8230462e+01   8.0429814e-14   1.2973310e+03   1.0000000e+00   5.3543493e-03
   2.0000000e+07   7.9825550e+05   2.1112968e+07   4.3969265e+01   9.9664257e+02   2.2598507e+00   9.4802972e+00   5.7507266e+00   8.1337981e-14   1.0581027e+03   1.0000000e+00   5.3426344e-03
   7.4053497e+05   1.0000000e+07   3.8805480e+07   9.9999880e+02   5.0400361e+02   7.3459518e+01   2.2341928e+01   6.9902318e+01   7.9400690e-14   1.6697062e+03   1.0000000e+00   5.3048525e-03
   2.0000000e+07   9.6327627e+05   2.3443297e+07   2.7623810e+01   6.6828070e+02   1.8320536e+00   7.9452589e+00   5.7726329e+00   9.0524835e-14   7.1145445e+02   1.0000000e+00   5.2994749e-03
   1.7427798e+07   1.3795231e+06   1.4441223e+07   1.5488638e+01   3.0707077e+02   2.6440647e+00   3.5140463e+00   5.5780378e+00   1.1316759e-13   3.3429556e+02   1.0000000e+00   5.2574685e-03
   1.4111283e+07   4.2364855e+06   1.4201817e+07   1.1867336e-01   3.3286867e-01   1.0000003e-01   1.8951535e-02   1.0163591e-02   1.6083377e-12   5.8065719e-01   1.0000000e+00   5.2440799e-03
   7.5879365e+05   9.9376831e+06   3.9381625e+07   1.0000000e+03   5.5285814e+02   6.8444799e+01   2.0831501e+01   7.3133737e+01   7.9143960e-14   1.7152682e+03   1.0000000e+00   5.2422961e-03
   1.3685696e+07   4.0089393e+06   1.2827974e+07   2.4577111e+00   7.3618998e+00   3.9940077e-01   3.3671407e-01   6.8651442e-02   3.8743656e-13   1.0624377e+01   1.0000000e+00   5.2384343e-03
   7.7885576e+05   1.0000000e+07   3.4581965e+07   9.9999999e+02   1.0000000e+03   1.7474119e+02   2.6699909e+01   9.7851889e+01   7.7730086e-14   2.2992930e+03   1.0000000e+00   5.2325390e-03
   1.4135925e+07   4.2438697e+06   1.4724522e+07   1.6879277e-01   4.9900904e-01   1.0345737e-01   4.1123300e-02   1.7451042e-02   1.3157291e-12   8.2983353e-01   1.0000000e+00   5.2323386e-03
   1.9860851e+07   1.0132600e+06   2.3923213e+07   3.2233988e+01   7.6356925e+02   2.0070537e+00   7.9235004e+00   5.3878701e+00   8.7726116e-14   8.1112166e+02   1.0000000e+00   5.2275256e-03
   1.4135491e+07   4.5166943e+06   1.4686391e+07   1.0000000e-01   1.0104864e-01   1.0000000e-01   1.0000000e-02   1.0000000e-02   2.5825647e-12   3.2104864e-01   1.0000000e+00   5.2254520e-03
   1.9999932e+07   8.0145757e+05   3.0783863e+07   1.6478100e+02   1.0000000e+03   3.3510491e+01   3.5471775e+01   3.5071983e+01   8.0453577e-14   1.2688352e+03   1.0000000e+00   5.2179405e-03
   1.4126821e+07   3.5509176e+06   1.2618448e+07   4.8445947e-01   1.5175376e+00   1.3398811e-01   6.5791190e-02   4.7331406e-02   8.1038298e-13   2.2491078e+00   1.0000000e+00   5.2175332e-03
   1.9892910e+07   7.7894780e+05   2.3855614e+07   5.9875653e+01   1.0000000e+03   4.1180711e+00   1.0226576e+01   7.0413705e+00   8.1021417e-14   1.0812617e+03   1.0000000e+00   5.2105638e-03
   1.9999923e+07   8.1126164e+05   4.0137829e+07   3.7090315e+02   9.9999979e+02   5.4206110e+01   7.6197558e+01   4.7178907e+01   8.0310835e-14   1.5484855e+03   1.0000000e+00   5.2021004e-03
   1.9218841e+07   1.4173848e+06   1.6291660e+07   2.3270445e+01   3.0282312e+02   3.7824054e+00   5.8697449e+00   2.8265823e+00   1.1171802e-13   3.3857230e+02   1.0000000e+00   5.1980723e-03
   7.5983285e+05   9.9838344e+06   4.1543029e+07   9.9993905e+02   4.0989872e+02   8.2270614e+01   2.4227874e+01   7.3242248e+01   8.0123608e-14   1.5895785e+03   1.0000000e+00   5.1684823e-03
   7.3738616e+05   9.9972219e+06   4.0060921e+07   9.9999996e+02   6.6183506e+02   1.0437075e+02   2.2479214e+01   6.8009845e+01   7.8653059e-14   1.8566948e+03   1.0000000e+00   5.1682968e-03
   1.9949378e+07   7.5383321e+05   2.2649198e+07   3.2862853e+01   9.1947342e+02   2.4722870e+00   7.9302549e+00   4.8294409e+00   8.3443709e-14   9.6756825e+02   1.0000000e+00   5.1632702e-03
   1.9450376e+07   1.0906019e+06   1.7625845e+07   2.9590875e+01   4.7456831e+02   7.3776664e+00   6.4078460e+00   4.5287795e+00   9.8827848e-14   5.2247348e+02   1.0000000e+00   5.1628551e-03
   1.9840518e+07   8.1981217e+05   3.0564896e+07   1.6155150e+02   1.0000000e+03   2.3351317e+01   3.4196995e+01   3.5201023e+01   8.0466791e-14   1.2543008e+03   1.0000000e+00   5.1597763e-03
   7.7473875e+05   1.0000000e+07   3.4320772e+07   9.9997145e+02   8.9870166e+02   1.7963240e+02   2.5979996e+01   9.2093325e+01   7.7908899e-14   2.1963788e+03   1.0000000e+00   5.1480522e-03
   7.5983284e+05   9.9838342e+06   4.1543029e+07   9.9994784e+02   4.0993992e+02   8.2244905e+01   2.4311616e+01   7.3259451e+01   8.0122812e-14   1.5897037e+03   1.0000000e+00   5.1402699e-03
   1.3678783e+07   1.9517517e+06   1.4660588e+07   1.6033561e+01   1.3294431e+02   1.8238467e+00   2.3191283e+00   1.8064268e+00   1.4348994e-13   1.5492728e+02   1.0000000e+00   5.1253986e-03
   1.4113021e+07   4.2361586e+06   1.4192750e+07   1.1896233e-01   3.3830350e-01   1.0000003e-01   1.8623130e-02   1.0000000e-02   1.5995245e-12   5.8588898e-01   1.0000000e+00   5.1239769e-03
   1.4137558e+07   4.2783258e+06   1.4883471e+07   2.8227161e-01   6.4968801e-01   1.0000000e-01   2.4223777e-02   1.4570045e-02   1.1492587e-12   1.0707534e+00   1.0000000e+00   5.1218660e-03
   1.9958233e+07   8.0900078e+05   2.9755304e+07   2.4389769e+02   1.0000000e+03   4.1683140e+01   3.9721293e+01   3.9716421e+01   8.0381599e-14   1.3650185e+03   1.0000000e+00   5.1020240e-03
   1.9542431e+07   8.1163806e+05   1.7409118e+07   1.5785140e+02   1.0000000e+03   1.3779701e+01   2.0687407e+01   1.2925914e+01   8.0549800e-14   1.2052444e+03   1.0000000e+00   5.1000001e-03
   2.0000000e+07   8.6079143e+05   2.2354951e+07   3.2785808e+01   8.6838738e+02   2.4689996e+00   7.6484547e+00   5.0573098e+00   8.4533640e-14   9.1634796e+02   1.0000000e+00   5.0868808e-03
   1.9947601e+07   8.0582540e+05   4.0299456e+07   2.7188079e+02   9.9998780e+02   5.4448447e+01   4.6938251e+01   4.8471193e+01   8.0359262e-14   1.4217265e+03   1.0000000e+00   5.0734408e-03
   1.2263427e+07   3.1729466e+06   1.4140547e+07   4.7679862e+00   1.7455025e+01   4.8332785e-01   8.3878782e-01   4.2638857e-01   2.7971255e-13   2.3971515e+01   1.0000000e+00   5.0703803e-03
   1.3660393e+07   3.9360676e+06   1.3138884e+07   1.0263266e+00   4.4656811e+00   2.4933327e-01   2.0018503e-01   9.8269957e-02   5.0022739e-13   6.0397960e+00   1.0000000e+00   5.0509267e-03
   1.4134825e+07   3.4728799e+06   1.2730640e+07   6.0330863e-01   2.2097911e+00   1.0000000e-01   8.1881208e-02   8.0301550e-02   6.9632567e-13   3.0752825e+00   1.0000000e+00   5.0351945e-03
   1.4268669e+07   4.3858047e+06   1.4870929e+07   1.1473526e+00   4.0675381e+00   2.6370981e-01   2.5478801e-01   3.6283358e-01   4.9203268e-13   6.0962221e+00   1.0000000e+00   5.0345420e-03
   1.8974566e+07   1.0466386e+06   1.8165353e+07   2.8780018e+01   5.9145204e+02   7.0636422e+00   7.2288419e+00   4.5826646e+00   9.3514773e-14   6.3910721e+02   1.0000000e+00   5.0115187e-03
   7.3791651e+05   1.0000000e+07   3.2660710e+07   1.0000000e+03   9.7416644e+02   1.8338905e+02   2.7831323e+01   9.8950184e+01   7.7742594e-14   2.2843370e+03   1.0000000e+00   4.9919889e-03
   7.3108759e+05   9.9956013e+06   3.9080058e+07   1.0000000e+03   4.0475478e+02   7.2481945e+01   2.4732140e+01   6.9522975e+01   8.0173837e-14   1.5714918e+03   1.0000000e+00   4.9867835e-03
   1.4163832e+07   3.6037424e+06   1.2810923e+07   3.1467569e-01   1.1081844e+00   1.0000000e-01   3.5103801e-02   1.0000000e-02   9.7204063e-13   1.5679638e+00   1.0000000e+00   4.9775191e-03
   1.3646845e+07   3.9032874e+06   1.3299445e+07   9.3537443e-01   2.7847030e+00   2.2220504e-01   1.9832795e-01   8.4396792e-02   5.8971910e-13   4.2250072e+00   1.0000000e+00   4.9752727e-03
   1.9947601e+07   8.0582540e+05   4.0299456e+07   2.7189236e+02   9.9998878e+02   5.4368731e+01   4.7034093e+01   4.8478828e+01   8.0359151e-14   1.4217628e+03   1.0000000e+00   4.9708928e-03
   1.4168192e+07   4.3364355e+06   1.4684821e+07   1.0135360e-01   3.1571831e-01   1.0093355e-01   1.5963691e-02   1.0267688e-02   1.6663721e-12   5.4423684e-01   1.0000000e+00   4.9626065e-03
   1.8688013e+07   1.2997269e+06   1.6293266e+07   1.6959883e+01   2.8829676e+02   3.0749792e+00   6.3079556e+00   3.3395638e+00   1.1392824e-13   3.1797914e+02   1.0000000e+00   4.9541058e-03
   1.4112281e+07   4.2368540e+06   1.4248437e+07   1.1892126e-01   3.2999104e-01   1.0002324e-01   1.9042028e-02   1.0162834e-02   1.6126932e-12   5.7814040e-01   1.0000000e+00   4.9476568e-03
   1.9655258e+07   9.8355833e+05   2.0720586e+07   3.7443492e+01   6.3657470e+02   1.9178471e+00   1.0331996e+01   6.1841577e+00   9.1319673e-14   6.9245219e+02   1.0000000e+00   4.9442142e-03
   1.9033439e+07   1.0497285e+06   1.8542958e+07   2.6996007e+01   4.9094356e+02   7.6398495e+00   6.4743041e+00   4.8723334e+00   9.8161673e-14   5.3692606e+02   1.0000000e+00   4.9186047e-03
   1.4144512e+07   4.3139177e+06   1.4473236e+07   1.5193425e-01   5.7310627e-01   1.0000000e-01   1.7798524e-02   1.2170156e-02   1.2986546e-12   8.5500920e-01   1.0000000e+00   4.9118330e-03
   1.4266256e+07   4.3767250e+06   1.4886380e+07   1.2267748e+00   4.1210930e+00   2.7906887e-01   2.7100338e-01   3.7134650e-01   4.8520082e-13   6.2692866e+00   1.0000000e+00   4.8963616e-03
   1.4179952e+07   4.2625841e+06   1.4659352e+07   1.0276821e-01   2.7259445e-01   1.0000000e-01   1.0020151e-02   1.0286313e-02   1.7766765e-12   4.9566912e-01   1.0000000e+00   4.8962248e-03
   1.7174955e+07   1.6057155e+06   1.6637747e+07   2.1011773e+01   1.6765275e+02   6.7135171e+00   1.4770949e+00   3.4935095e+00   1.3228565e-13   2.0034864e+02   1.0000000e+00   4.8838231e-03
   1.9998893e+07   8.0726468e+05   4.0379905e+07   3.8314695e+02   1.0000000e+03   5.6817329e+01   7.7817339e+01   4.3444318e+01   8.0308701e-14   1.5612259e+03   1.0000000e+00   4.8587385e-03
   1.9832906e+07   8.3169879e+05   2.3398419e+07   4.0266917e+01   9.1706554e+02   2.8626989e+00   7.9971525e+00   6.9922386e+00   8.3142410e-14   9.7518455e+02   1.0000000e+00   4.8549606e-03
   7.3789584e+05   1.0000000e+07   3.2659301e+07   1.0000000e+03   9.7301485e+02   1.8348666e+02   2.7833891e+01   9.8809536e+01   7.7744631e-14   2.2831449e+03   1.0000000e+00   4.8044688e-03
   1.8999668e+07   1.1757871e+06   1.6819057e+07   2.4650914e+01   3.4164487e+02   4.9722283e+00   7.1390822e+00   3.5456055e+00   1.0816903e-13   3.8195269e+02   1.0000000e+00   4.7924600e-03
   1.3894796e+07   3.7922004e+06   1.2335789e+07   3.3487976e-01   1.2185855e+00   1.0186681e-01   7.2974555e-02   6.1105549e-02   9.0101398e-13   1.7894122e+00   1.0000000e+00   4.7815091e-03
   1.7701526e+07   1.3226595e+06   1.4798880e+07   1.6078510e+01   2.7477502e+02   2.7175940e+00   3.6920482e+00   5.5436410e+00   1.1609904e-13   3.0280681e+02   1.0000000e+00   4.7731297e-03
   7.3715528e+05   9.9968026e+06   4.0244803e+07   1.0000000e+03   6.3209931e+02   1.1185416e+02   2.2229978e+01   6.5769814e+01   7.8769947e-14   1.8319533e+03   1.0000000e+00   4.7699591e-03
   1.4136490e+07   4.5074606e+06   1.4720850e+07   1.0000000e-01   1.0362459e-01   1.0000000e-01   1.0124375e-02   1.0000000e-02   2.5565535e-12   3.2374897e-01   1.0000000e+00   4.7510122e-03
   1.4146141e+07   4.2784655e+06   1.4650191e+07   1.0000000e-01   2.0900421e-01   1.0092984e-01   1.2176909e-02   1.0000000e-02   1.9525652e-12   4.3211096e-01   1.0000000e+00   4.7485127e-03
   1.9243118e+07   1.0917000e+06   1.6283781e+07   3.5396560e+01   4.5626124e+02   6.0668321e+00   8.8374127e+00   1.5952366e+00   9.9844364e-14   5.0815728e+02   1.0000000e+00   4.7357354e-03
   1.9947869e+07   7.8540035e+05   2.3813966e+07   5.8339812e+01   1.0000000e+03   3.9608486e+00   1.0083026e+01   6.9830850e+00   8.1030566e-14   1.0793668e+03   1.0000000e+00   4.7285293e-03
   1.3585472e+07   3.9781951e+06   1.2962384e+07   1.8068219e+00   5.8692756e+00   2.2805209e-01   1.2487796e-01   7.0326124e-02   4.4258991e-13   8.0993537e+00   1.0000000e+00   4.7210536e-03
   1.3842795e+07   3.8252927e+06   1.2451092e+07   6.1348316e-01   1.9113208e+00   1.7008756e-01   9.5227840e-02   4.6105713e-02   7.1576200e-13   2.8362251e+00   1.0000000e+00   4.6984510e-03
   1.8829557e+07   1.5258933e+06   1.5861594e+07   2.1155029e+01   2.4332332e+02   4.6959745e+00   5.5272264e+00   3.2148534e+00   1.1843051e-13   2.7791641e+02   1.0000000e+00   4.6957321e-03
   7.7777130e+05   1.0000000e+07   3.4541225e+07   1.0000000e+03   9.6077131e+02   1.7428145e+02   2.6734640e+01   9.7971034e+01   7.7793669e-14   2.2597584e+03   1.0000000e+00   4.6798084e-03
   1.3668485e+07   1.7658441e+06   1.4579126e+07   1.4602973e+01   1.3132291e+02   1.7914073e+00   2.2121280e+00   1.7896272e+00   1.4450898e-13   1.5171904e+02   1.0000000e+00   4.6597675e-03
   1.9200338e+07   1.1577074e+06   1.6237529e+07   3.5204096e+01   4.6116834e+02   5.6919380e+00   9.0039010e+00   1.5452243e+00   9.9585905e-14   5.1261350e+02   1.0000000e+00   4.6560178e-03
   1.4144086e+07   4.2823033e+06   1.4545709e+07   1.0000000e-01   1.9692940e-01   1.0003776e-01   1.1238304e-02   1.1718578e-02   1.9986271e-12   4.1992404e-01   1.0000000e+00   4.6536076e-03
   1.9106014e+07   1.4402020e+06   1.6380698e+07   2.3973568e+01   3.2342127e+02   3.2176133e+00   6.1116363e+00   2.7578465e+00   1.1003912e-13   3.5948194e+02   1.0000000e+00   4.6529947e-03
   1.4147939e+07   4.2779821e+06   1.4557666e+07   1.0000000e-01   2.0014660e-01   1.0000000e-01   1.0014545e-02   1.3306683e-02   1.9908490e-12   4.2346783e-01   1.0000000e+00   4.6397938e-03
   1.4133590e+07   3.3781939e+06   1.2759233e+07   6.0312849e-01   2.3253167e+00   1.0000708e-01   9.0973567e-02   7.5708491e-02   6.8612706e-13   3.1951343e+00   1.0000000e+00   4.6294319e-03
   1.4134337e+07   4.5196249e+06   1.4687756e+07   1.0015271e-01   1.1321840e-01   1.0000003e-01   1.0063986e-02   1.0031997e-02   2.4613971e-12   3.3346713e-01   1.0000000e+00   4.6208473e-03
   1.4121369e+07   3.4994129e+06   1.2736796e+07   3.1913053e-01   1.0151982e+00   1.0054392e-01   5.2315514e-02   1.9824229e-02   9.9062003e-13   1.5070124e+00   1.0000000e+00   4.6024042e-03
   1.9955004e+07   1.0099147e+06   1.8536295e+07   2.7622264e+01   5.7343821e+02   8.8154015e+00   7.5673698e+00   5.0631872e+00   9.4101866e-14   6.2250643e+02   1.0000000e+00   4.5763387e-03
   1.9852462e+07   8.7609452e+05   2.2303560e+07   3.2349012e+01   7.9779662e+02   1.8597285e+00   8.2002112e+00   5.7893735e+00   8.6374181e-14   8.4599494e+02   1.0000000e+00   4.5698424e-03
   1.9210732e+07   1.2022009e+06   1.8083694e+07   2.6909949e+01   4.7350253e+02   7.3482183e+00   5.9111580e+00   4.7099346e+00   9.9242647e-14   5.1838179e+02   1.0000000e+00   4.5607759e-03
   1.4143949e+07   4.2822030e+06   1.4545320e+07   1.0000000e-01   1.9594936e-01   1.0003730e-01   1.1220143e-02   1.1712016e-02   2.0025374e-12   4.1891883e-01   1.0000000e+00   4.5570791e-03
   1.4139705e+07   4.2651266e+06   1.4631268e+07   1.0000000e-01   1.5664400e-01   1.0000000e-01   1.0000000e-02   1.0758762e-02   2.1947526e-12   3.7740276e-01   1.0000000e+00   4.5469103e-03
   1.9991050e+07   8.0323751e+05   2.9566728e+07   1.2566910e+02   9.9999715e+02   3.8084006e+01   3.2818273e+01   3.2760556e+01   8.0518794e-14   1.2293291e+03   1.0000000e+00   4.5461829e-03
   1.9566247e+07   8.1177600e+05   1.6564308e+07   1.5850299e+02   1.0000000e+03   1.4291722e+01   1.9923729e+01   1.2324424e+01   8.0556300e-14   1.2050429e+03   1.0000000e+00   4.5370814e-03
   1.8902573e+07   1.0239928e+06   1.8362265e+07   2.6130102e+01   6.0621062e+02   7.6094289e+00   6.5715420e+00   4.7214209e+00   9.3079705e-14   6.5124312e+02   1.0000000e+00   4.5360174e-03
   2.0000000e+07   8.0863350e+05   3.3769933e+07   2.8198582e+02   1.0000000e+03   5.6769531e+01   6.1730600e+01   5.7009867e+01   8.0341762e-14   1.4574958e+03   1.0000000e+00   4.5279908e-03
   1.4082097e+07   4.2355118e+06   1.4165994e+07   1.1923881e-01   3.4117597e-01   1.0000000e-01   1.8354840e-02   1.0000000e-02   1.5954712e-12   5.8876963e-01   1.0000000e+00   4.5124534e-03
   2.0000000e+07   8.8703127e+05   2.2031909e+07   3.3337019e+01   8.5826083e+02   2.6377855e+00   7.4473167e+00   5.4270820e+00   8.4808687e-14   9.0711003e+02   1.0000000e+00   4.5048708e-03
   1.3944798e+07   2.2390323e+06   1.4645599e+07   1.5895396e+01   9.1095945e+01   1.6323831e+00   1.8966985e+00   1.0294669e+00   1.5894389e-13   1.1154989e+02   1.0000000e+00   4.4888801e-03
   7.7410718e+05   9.9999999e+06   3.7611429e+07   1.0000000e+03   7.4724140e+02   1.5513002e+02   2.5932330e+01   6.2629792e+01   7.8339818e-14   1.9909335e+03   1.0000000e+00   4.4820207e-03
   1.4130291e+07   4.5283247e+06   1.4687497e+07   1.0015153e-01   1.0897761e-01   1.0000000e-01   1.0065734e-02   1.0030501e-02   2.4993001e-12   3.2922537e-01   1.0000000e+00   4.4783150e-03
   1.9688905e+07   1.0270057e+06   2.1245720e+07   3.8143506e+01   6.4008621e+02   1.9351512e+00   1.0347343e+01   6.3727503e+00   9.1230773e-14   6.9688496e+02   1.0000000e+00   4.4667300e-03
   1.2685649e+07   3.0030723e+06   1.3996385e+07   4.9617516e+00   1.8840972e+01   5.8382193e-01   7.6891353e-01   6.3337127e-01   2.7171147e-13   2.5788831e+01   1.0000000e+00   4.4658572e-03
   1.3660913e+07   3.9049813e+06   1.3217686e+07   8.2145763e-01   2.9573649e+00   2.7038390e-01   1.9470380e-01   8.1519652e-02   5.8476461e-13   4.3254299e+00   1.0000000e+00   4.4635500e-03
   1.3763118e+07   1.9570131e+06   1.4797752e+07   1.5823959e+01   1.0235429e+02   1.8045924e+00   2.4099054e+00   1.8853223e+00   1.5358745e-13   1.2427807e+02   1.0000000e+00   4.4461411e-03
   7.5787243e+05   9.9999850e+06   3.9797730e+07   9.9999978e+02   4.4181183e+02   7.5232579e+01   2.4338960e+01   6.8671093e+01   7.9835079e-14   1.6100542e+03   1.0000000e+00   4.4443969e-03
   1.3863570e+07   3.8482517e+06   1.2553936e+07   7.1564718e-01   2.6693212e+00   1.3521441e-01   1.5646677e-01   8.1767725e-02   6.2426471e-13   3.7584173e+00   1.0000000e+00   4.4379164e-03
   1.9990289e+07   8.0003822e+05   2.9937685e+07   1.4401551e+02   1.0000000e+03   3.1547210e+01   3.4065015e+01   3.5239943e+01   8.0484388e-14   1.2448677e+03   1.0000000e+00   4.3973008e-03
   1.3662851e+07   3.9061131e+06   1.3242324e+07   9.2360497e-01   2.9531183e+00   2.2677624e-01   1.9784431e-01   8.3491306e-02   5.7867676e-13   4.3848351e+00   1.0000000e+00   4.3824809e-03
   1.7561139e+07   1.4745666e+06   1.4083228e+07   1.5863213e+01   2.0804052e+02   2.7918280e+00   3.9240393e+00   5.3336496e+00   1.2499293e-13   2.3595325e+02   1.0000000e+00   4.3738457e-03
   1.4173961e+07   4.2920535e+06   1.4664331e+07   1.3632212e-01   5.0217117e-01   1.0000163e-01   2.2634320e-02   1.1694580e-02   1.3653465e-12   7.7282381e-01   1.0000000e+00   4.3706471e-03
   1.3842551e+07   3.8266524e+06   1.2443498e+07   6.2273040e-01   1.9183887e+00   1.7029248e-01   9.5253881e-02   4.6715182e-02   7.1368389e-13   2.8533807e+00   1.0000000e+00   4.3609729e-03
   7.3676956e+05   9.9967840e+06   4.0248377e+07   1.0000000e+03   6.3141931e+02   1.1073066e+02   2.2229468e+01   6.5847518e+01   7.8773386e-14   1.8302270e+03   1.0000000e+00   4.3590842e-03
   7.2574305e+05   1.0000000e+07   3.3636154e+07   1.0000000e+03   8.4000737e+02   1.6933189e+02   2.5452990e+01   9.5210855e+01   7.8045559e-14   2.1300031e+03   1.0000000e+00   4.3566842e-03
   1.4107021e+07   4.2345739e+06   1.4135345e+07   1.1397229e-01   3.2925918e-01   1.0000003e-01   1.9021725e-02   1.1174397e-02   1.6207621e-12   5.7342762e-01   1.0000000e+00   4.3498339e-03
   1.4144512e+07   4.3139177e+06   1.4473236e+07   1.6846544e-01   6.1023775e-01   1.0000000e-01   2.9091208e-02   1.0000000e-02   1.2425465e-12   9.1779440e-01   1.0000000e+00   4.3475411e-03
   1.3258439e+07   2.0809195e+06   1.4668112e+07   1.2258230e+01   7.1488592e+01   1.7386240e+00   1.9539696e+00   5.4548241e-01   1.7306893e-13   8.7984897e+01   1.0000000e+00   4.3268475e-03
   1.9960758e+07   8.1020445e+05   3.3221034e+07   1.9593149e+02   1.0000000e+03   4.3334728e+01   3.9719157e+01   3.7896414e+01   8.0415059e-14   1.3168818e+03   1.0000000e+00   4.3166927e-03
   1.3631253e+07   4.0667228e+06   1.3144476e+07   8.6987868e-01   3.3074518e+00   2.2610646e-01   2.2599496e-01   7.8864624e-02   5.5898287e-13   4.7082966e+00   1.0000000e+00   4.3068480e-03
   1.9860098e+07   8.7199903e+05   2.2283901e+07   3.3755832e+01   8.7584722e+02   2.4596191e+00   7.6147877e+00   4.9201374e+00   8.4365404e-14   9.2459760e+02   1.0000000e+00   4.2917817e-03
   1.4131793e+07   4.5411098e+06   1.4686899e+07   1.0000000e-01   1.2967842e-01   1.0000000e-01   1.0010088e-02   1.0000000e-02   2.3253351e-12   3.4968851e-01   1.0000000e+00   4.2916583e-03
   1.4150399e+07   4.2800338e+06   1.4694972e+07   3.0081274e-01   8.5961971e-01   1.0000001e-01   3.8441700e-02   4.2212911e-02   1.0145962e-12   1.3410871e+00   1.0000000e+00   4.2863688e-03
   1.3836508e+07   3.8279459e+06   1.2491633e+07   6.1016773e-01   1.7673638e+00   1.6622209e-01   8.8809736e-02   6.5912522e-02   7.3515236e-13   2.6984759e+00   1.0000000e+00   4.2692753e-03
   1.4195344e+07   4.2517647e+06   1.4712557e+07   1.0000000e-01   1.9102857e-01   1.0000000e-01   1.3393510e-02   1.3277917e-02   2.0170245e-12   4.1770000e-01   1.0000000e+00   4.2689311e-03
   2.0000000e+07   8.7572074e+05   2.2404875e+07   3.3653486e+01   8.1583965e+02   2.6376971e+00   7.6457186e+00   5.4282504e+00   8.5835062e-14   8.6520480e+02   1.0000000e+00   4.2595078e-03
   1.3778022e+07   2.0380541e+06   1.4782358e+07   1.6009218e+01   8.7528857e+01   1.8721218e+00   2.3398925e+00   1.8365606e+00   1.6017273e-13   1.0958665e+02   1.0000000e+00   4.2206575e-03
   1.9958233e+07   8.0900078e+05   2.9755304e+07   2.4386203e+02   1.0000000e+03   4.1665611e+01   3.9722426e+01   3.9780194e+01   8.0381596e-14   1.3650303e+03   1.0000000e+00   4.2082002e-03
   1.4112818e+07   4.0373744e+06   1.4782808e+07   3.6898913e-01   1.3539841e+00   1.0000000e-01   4.7608282e-02   6.0184249e-02   8.5294670e-13   1.9307657e+00   1.0000000e+00   4.2055417e-03
   1.8821641e+07   8.0588744e+05   1.6429012e+07   9.7915685e+01   1.0000000e+03   1.3689783e+01   1.5610205e+01   1.2503057e+01   8.0737911e-14   1.1397187e+03   1.0000000e+00   4.2001005e-03
   1.9198089e+07   1.0190689e+06   1.8407643e+07   2.7593391e+01   5.1322761e+02   7.4263504e+00   6.3658208e+00   4.7343002e+00   9.7033840e-14   5.5934748e+02   1.0000000e+00   4.1984752e-03
   1.3836377e+07   3.8231046e+06   1.2499124e+07   6.1456442e-01   1.7593808e+00   1.6452042e-01   8.7285099e-02   6.7007599e-02   7.3626557e-13   2.6927583e+00   1.0000000e+00   4.1883904e-03
   1.4146134e+07   3.5038645e+06   1.2780006e+07   3.1871599e-01   1.0807520e+00   1.0252256e-01   5.2722591e-02   3.1222722e-02   9.6369798e-13   1.5859358e+00   1.0000000e+00   4.1647002e-03
   1.9821227e+07   8.4649067e+05   2.2437784e+07   3.0783986e+01   9.1679777e+02   1.9662885e+00   8.5169525e+00   5.4525229e+00   8.3453017e-14   9.6351752e+02   1.0000000e+00   4.1559401e-03
   1.9172571e+07   1.1650577e+06   1.6398568e+07   1.8389285e+01   3.3472674e+02   3.4879999e+00   5.1649343e+00   2.8511438e+00   1.0956408e-13   3.6462010e+02   1.0000000e+00   4.1364016e-03
   1.4386778e+07   1.9489492e+06   1.6758090e+07   2.5789239e+01   1.3252928e+02   4.4658750e+00   3.2537166e+00   2.5015704e+00   1.3977635e-13   1.6853968e+02   1.0000000e+00   4.1208366e-03
   1.4099596e+07   4.0460345e+06   1.4917861e+07   2.5256257e-01   8.1844183e-01   1.0000000e-01   3.0864095e-02   6.0311664e-02   1.0660537e-12   1.2621802e+00   1.0000000e+00   4.1199158e-03
   1.4097197e+07   2.3688935e+06   1.4969430e+07   6.8470462e+00   4.2345546e+01   1.3640957e+00   1.0048644e+00   5.0799964e-01   2.0700720e-13   5.2069552e+01   1.0000000e+00   4.1102415e-03
   2.0000000e+07   7.8176416e+05   2.2396816e+07   3.2498958e+01   8.6534488e+02   2.4674922e+00   7.8959099e+00   4.9383312e+00   8.4717421e-14   9.1314557e+02   1.0000000e+00   4.0998494e-03
   1.4081371e+07   4.2446447e+06   1.4199940e+07   1.0000000e-01   1.8983696e-01   1.0000000e-01   1.6648091e-02   1.0000000e-02   2.0208009e-12   4.1648505e-01   1.0000000e+00   4.0946853e-03
   1.3914058e+07   2.2793345e+06   1.5424063e+07   6.9777593e+00   6.7752767e+01   1.6694537e+00   1.1547226e+00   4.2709004e-01   1.8126956e-13   7.7981793e+01   1.0000000e+00   4.0892161e-03
   1.4130905e+07   4.5445616e+06   1.4684345e+07   1.0000000e-01   1.2872004e-01   1.0000000e-01   1.0002449e-02   1.0000000e-02   2.3318329e-12   3.4872249e-01   1.0000000e+00   4.0875526e-03
   1.4147424e+07   3.5810049e+06   1.2758501e+07   4.2107345e-01   1.5120753e+00   1.2232887e-01   8.0508926e-02   3.3637604e-02   8.2036182e-13   2.1696242e+00   1.0000000e+00   4.0851433e-03
   1.9966677e+07   8.0614703e+05   3.0003666e+07   1.4368712e+02   1.0000000e+03   3.2168860e+01   3.3957610e+01   3.6635758e+01   8.0483500e-14   1.2464493e+03   1.0000000e+00   4.0817249e-03
   1.4342060e+07   4.3292423e+06   1.4548233e+07   1.0084995e-01   3.1345442e-01   1.0002095e-01   1.0009745e-02   1.0502614e-02   1.6899972e-12   5.3483769e-01   1.0000000e+00   4.0808968e-03
   1.8632043e+07   1.1311162e+06   1.6444279e+07   1.7250651e+01   3.5305885e+02   3.2985424e+00   5.0230322e+00   2.6790669e+00   1.0837572e-13   3.8131014e+02   1.0000000e+00   4.0724599e-03
   1.9951650e+07   7.9830503e+05   2.2439769e+07   3.6749782e+01   1.0000000e+03   1.9141135e+00   9.4081368e+00   6.7022366e+00   8.1399868e-14   1.0547743e+03   1.0000000e+00   4.0710602e-03
   1.3706353e+07   2.1456299e+06   1.4488702e+07   1.2760664e+01   1.0616212e+02   1.6794452e+00   1.9912415e+00   3.4608497e-01   1.5586308e-13   1.2293956e+02   1.0000000e+00   4.0663405e-03
   1.4150158e+07   4.2794471e+06   1.4696450e+07   2.9552739e-01   8.8386374e-01   1.0004344e-01   3.7934301e-02   4.2479952e-02   1.0074227e-12   1.3598488e+00   1.0000000e+00   4.0579567e-03
   1.9995779e+07   8.0628954e+05   2.9330139e+07   2.1774996e+02   1.0000000e+03   4.0666215e+01   3.8088407e+01   3.3706159e+01   8.0401724e-14   1.3302107e+03   1.0000000e+00   4.0448362e-03
   1.4061570e+07   1.9695961e+06   1.4946769e+07   1.5440662e+01   1.6258425e+02   1.8396399e+00   2.5349873e+00   1.7641051e+00   1.3684124e-13   1.8416365e+02   1.0000000e+00   4.0423520e-03
   1.4167810e+07   4.3344679e+06   1.4685463e+07   1.0034389e-01   3.1258959e-01   1.0091692e-01   1.5675637e-02   1.0023827e-02   1.6752049e-12   5.3954987e-01   1.0000000e+00   4.0348904e-03
   1.2266889e+07   3.1880279e+06   1.4069027e+07   4.7794729e+00   1.7912674e+01   4.5746695e-01   8.0570553e-01   4.2751341e-01   2.7789625e-13   2.4382833e+01   1.0000000e+00   3.9691862e-03
   1.9998117e+07   8.1333067e+05   4.0127229e+07   3.5447327e+02   9.9999055e+02   5.5481181e+01   7.9055466e+01   4.6338873e+01   8.0314650e-14   1.5353393e+03   1.0000000e+00   3.9641074e-03
   1.4071935e+07   4.2972912e+06   1.4234713e+07   1.2169380e-01   3.6581813e-01   1.0000000e-01   1.4506202e-02   1.1196554e-02   1.5576052e-12   6.1321469e-01   1.0000000e+00   3.9547670e-03
   1.9874109e+07   8.0705564e+05   2.8394759e+07   2.7735384e+02   1.0000000e+03   4.2158060e+01   4.3298186e+01   4.0510581e+01   8.0361908e-14   1.4033207e+03   1.0000000e+00   3.9527754e-03
