   8.0241516e+05   1.0000000e-01   1.0000000e-02   8.0350128e-13   1.1000000e-01   1.0000000e+00             Inf
   8.0175293e+04   1.0000000e+03   1.0000000e+02   2.5553021e-14   1.1000000e+03   1.0000000e+00             Inf
   1.0265083e+05   5.9490825e+02   2.6190719e+01   2.9258233e-14   6.2109897e+02   1.0000000e+00   1.9679468e-02
   1.0110277e+05   6.0914313e+02   2.5473790e+01   2.9095056e-14   6.3461692e+02   1.0000000e+00   1.6346380e-02
   9.6236366e+04   6.9803596e+02   2.7566609e+01   2.8111661e-14   7.2560257e+02   1.0000000e+00   1.5553249e-02
   2.8099880e+05   7.8255623e+01   1.2016904e+01   4.8952884e-14   9.0272527e+01   1.0000000e+00   1.5433930e-02
   1.4633431e+05   3.0674375e+02   1.7250574e+01   3.4654516e-14   3.2399432e+02   1.0000000e+00   1.5155987e-02
   1.0992745e+06   3.3614451e+00   1.0691970e+00   1.2441408e-13   4.4306421e+00   1.0000000e+00   1.4239840e-02
   2.2658757e+06   1.2731072e-01   1.1848895e-01   4.1806016e-13   2.4579967e-01   1.0000000e+00   1.4073570e-02
   9.0241067e+04   7.6582945e+02   2.8240451e+01   2.7467066e-14   7.9406990e+02   1.0000000e+00   1.3794446e-02
   2.1917170e+06   1.0953423e-01   1.0453802e-01   4.4708821e-13   2.1407226e-01   1.0000000e+00   1.3654454e-02
   3.7636362e+05   3.8842718e+01   6.1507650e+00   5.9329632e-14   4.4993483e+01   1.0000000e+00   1.3470109e-02
   2.2215136e+06   1.0981744e-01   9.6438623e-02   4.5445433e-13   2.0625606e-01   1.0000000e+00   1.3073223e-02
   3.4080387e+05   4.5804659e+01   7.2729691e+00   5.6647448e-14   5.3077628e+01   1.0000000e+00   1.2969325e-02
   7.1746920e+05   7.9566230e+00   2.2920853e+00   9.2966555e-14   1.0248708e+01   1.0000000e+00   1.2797557e-02
   1.6783777e+06   1.0574232e+00   5.5889988e-01   1.8225322e-13   1.6163231e+00   1.0000000e+00   1.2340500e-02
   9.4198430e+04   7.0765899e+02   2.7185945e+01   2.8018436e-14   7.3484493e+02   1.0000000e+00   1.2188963e-02
   9.5764207e+04   7.5645886e+02   2.6936458e+01   2.7580034e-14   7.8339532e+02   1.0000000e+00   1.2037524e-02
   1.0616095e+06   1.0000000e-01   2.2809015e-02   6.5831583e-13   1.2280901e-01   1.0000000e+00   1.2032830e-02
   2.2092624e+06   4.9225024e-01   5.5509643e-01   2.2003400e-13   1.0473467e+00   1.0000000e+00   1.1772654e-02
   2.2209008e+06   4.0619796e-01   4.3785511e-01   2.4019758e-13   8.4405307e-01   1.0000000e+00   1.1606587e-02
   2.5281061e+05   7.0929979e+01   1.0215052e+01   5.0557220e-14   8.1145031e+01   1.0000000e+00   1.1512772e-02
   8.1455356e+04   9.9515496e+02   4.1641174e+01   2.5675643e-14   1.0367961e+03   1.0000000e+00   1.1498453e-02
   1.9211250e+06   5.7343001e-01   3.8453871e-01   2.2586757e-13   9.5796872e-01   1.0000000e+00   1.1488596e-02
   9.5430907e+04   6.9037312e+02   2.7602704e+01   2.8186601e-14   7.1797583e+02   1.0000000e+00   1.1434135e-02
   4.2657654e+05   3.3227796e+01   5.2345464e+00   6.2099076e-14   3.8462342e+01   1.0000000e+00   1.1305921e-02
   9.8370325e+05   1.0000000e-01   1.4916461e-02   7.2785101e-13   1.1491646e-01   1.0000000e+00   1.1223742e-02
   9.1474796e+04   7.4813856e+02   2.6163606e+01   2.7645175e-14   7.7430216e+02   1.0000000e+00   1.1166178e-02
   1.0158597e+06   1.0000000e-01   1.7447172e-02   7.0054457e-13   1.1744717e-01   1.0000000e+00   1.1158747e-02
   1.6804855e+06   8.7939489e-01   5.9080307e-01   1.8846706e-13   1.4701980e+00   1.0000000e+00   1.1143691e-02
   8.7542104e+04   8.7784777e+02   3.0348104e+01   2.6546916e-14   9.0819587e+02   1.0000000e+00   1.1038587e-02
   1.0245761e+06   1.0000000e-01   1.2654943e-02   7.6110219e-13   1.1265494e-01   1.0000000e+00   1.0918218e-02
   1.0346062e+06   2.0606006e+00   7.8274065e-01   1.4671334e-13   2.8433413e+00   1.0000000e+00   1.0891911e-02
   1.9397472e+06   3.8718925e-01   2.0913862e-01   2.8122310e-13   5.9632787e-01   1.0000000e+00   1.0770332e-02
   2.2704194e+06   1.2282114e-01   1.1421184e-01   4.2531352e-13   2.3703298e-01   1.0000000e+00   1.0758270e-02
   1.4938601e+06   1.0000000e-01   2.6658475e-02   6.3426907e-13   1.2665847e-01   1.0000000e+00   1.0725262e-02
   1.0498039e+05   5.5048940e+02   2.5209947e+01   2.9838363e-14   5.7569935e+02   1.0000000e+00   1.0670483e-02
   7.9545277e+04   1.0000000e+03   4.3925988e+01   2.5634356e-14   1.0439260e+03   1.0000000e+00   1.0655618e-02
   8.0571185e+04   1.0000000e+03   7.4625232e+01   2.5575030e-14   1.0746252e+03   1.0000000e+00   1.0652174e-02
   1.9294894e+06   3.4996071e-01   2.5544351e-01   2.7577734e-13   6.0540422e-01   1.0000000e+00   1.0648808e-02
   1.1836557e+05   4.9979979e+02   2.5041099e+01   3.0585815e-14   5.2484089e+02   1.0000000e+00   1.0639911e-02
   9.4535068e+05   1.0000000e-01   1.2175938e-02   7.6611660e-13   1.1217594e-01   1.0000000e+00   1.0592161e-02
   9.5290097e+05   1.0000000e-01   1.4365329e-02   7.3464508e-13   1.1436533e-01   1.0000000e+00   1.0514889e-02
   1.8426368e+06   1.0101539e-01   5.5193572e-02   5.2839665e-13   1.5620897e-01   1.0000000e+00   1.0479726e-02
   9.0392642e+04   7.7285395e+02   2.9506718e+01   2.7394923e-14   8.0236067e+02   1.0000000e+00   1.0439773e-02
   2.2284171e+06   1.0006252e-01   8.5793493e-02   4.7773086e-13   1.8585602e-01   1.0000000e+00   1.0380545e-02
   1.3988540e+05   3.1520158e+02   1.6352228e+01   3.4438005e-14   3.3155381e+02   1.0000000e+00   1.0371304e-02
   8.2994495e+04   8.8680957e+02   2.9395899e+01   2.6481051e-14   9.1620547e+02   1.0000000e+00   1.0366422e-02
   2.2668041e+06   1.1457084e-01   1.0866187e-01   4.3774547e-13   2.2323271e-01   1.0000000e+00   1.0285985e-02
   8.7579543e+04   8.2328057e+02   2.8921899e+01   2.6974597e-14   8.5220247e+02   1.0000000e+00   1.0282422e-02
   8.6381490e+04   8.3312273e+02   3.0217139e+01   2.6885867e-14   8.6333987e+02   1.0000000e+00   1.0267893e-02
   1.3752111e+05   2.6900205e+02   1.7026985e+01   3.5878126e-14   2.8602903e+02   1.0000000e+00   1.0085095e-02
   9.4399771e+05   1.0000000e-01   1.2705560e-02   7.5762317e-13   1.1270556e-01   1.0000000e+00   1.0007284e-02
   1.6209982e+06   1.5163233e+00   9.7899868e-01   1.5353364e-13   2.4953220e+00   1.0000000e+00   9.9761638e-03
   8.2994845e+04   9.0628096e+02   3.0333602e+01   2.6331341e-14   9.3661456e+02   1.0000000e+00   9.9406274e-03
   9.4727457e+04   6.3196372e+02   2.6075968e+01   2.8842239e-14   6.5803968e+02   1.0000000e+00   9.8894281e-03
   9.1265698e+04   7.5849361e+02   2.8881781e+01   2.7527254e-14   7.8737539e+02   1.0000000e+00   9.8503541e-03
   1.5101910e+06   1.0000000e-01   3.0559008e-02   6.1165163e-13   1.3055901e-01   1.0000000e+00   9.7241663e-03
   1.1040995e+05   4.6224723e+02   2.0292310e+01   3.1246436e-14   4.8253954e+02   1.0000000e+00   9.6826978e-03
   1.0991285e+05   4.6713428e+02   2.1145507e+01   3.1150334e-14   4.8827979e+02   1.0000000e+00   9.6727028e-03
   8.3628035e+05   1.0000000e-01   1.1373035e-02   7.7839331e-13   1.1137303e-01   1.0000000e+00   9.6529803e-03
   1.5247876e+06   1.0000000e-01   3.1428436e-02   6.0740157e-13   1.3142844e-01   1.0000000e+00   9.6416691e-03
   1.2701869e+05   3.7956215e+02   2.0292809e+01   3.2793402e-14   3.9985496e+02   1.0000000e+00   9.5967195e-03
   4.0343263e+05   3.5719473e+01   7.5452204e+00   6.0185842e-14   4.3264694e+01   1.0000000e+00   9.4979280e-03
   8.7451399e+04   7.2360915e+02   2.8555696e+01   2.7879623e-14   7.5216484e+02   1.0000000e+00   9.4398988e-03
   3.7284746e+05   5.0142151e+01   7.6507149e+00   5.5410708e-14   5.7792866e+01   1.0000000e+00   9.4055144e-03
   1.6174469e+06   1.0000000e-01   3.3694630e-02   5.9793405e-13   1.3369463e-01   1.0000000e+00   9.3594818e-03
   1.0724070e+05   5.0584613e+02   2.5118313e+01   3.0479259e-14   5.3096445e+02   1.0000000e+00   9.3476302e-03
   8.7219772e+05   3.8384369e+00   1.1031451e+00   1.1982089e-13   4.9415820e+00   1.0000000e+00   9.3409089e-03
   2.2792818e+06   1.0276397e-01   8.6222678e-02   4.7401788e-13   1.8898665e-01   1.0000000e+00   9.3166910e-03
   1.0220608e+06   1.0000000e-01   2.3974864e-02   6.5350397e-13   1.2397486e-01   1.0000000e+00   9.3135599e-03
   9.5049041e+04   6.2644175e+02   2.3009891e+01   2.8939807e-14   6.4945164e+02   1.0000000e+00   9.3115092e-03
   8.6701328e+04   8.6522506e+02   3.1106327e+01   2.6631165e-14   8.9633139e+02   1.0000000e+00   9.2991284e-03
   8.2931217e+04   7.9362224e+02   2.7400915e+01   2.7265164e-14   8.2102316e+02   1.0000000e+00   9.2655131e-03
   1.5797200e+05   2.6672085e+02   1.4185373e+01   3.5993877e-14   2.8090623e+02   1.0000000e+00   9.2613446e-03
   2.1864105e+05   1.3396222e+02   1.1924721e+01   4.2836723e-14   1.4588694e+02   1.0000000e+00   9.2146639e-03
   1.7671583e+06   1.1424627e+00   1.1028449e+00   1.6194792e-13   2.2453075e+00   1.0000000e+00   9.1988519e-03
   2.0847835e+05   1.4555411e+02   9.4916761e+00   4.2171650e-14   1.5504579e+02   1.0000000e+00   9.1935299e-03
   1.9375428e+06   6.1189957e-01   4.4170787e-01   2.1677670e-13   1.0536074e+00   1.0000000e+00   9.1594760e-03
   1.0590352e+06   2.3187368e+00   1.1752550e+00   1.3544567e-13   3.4939918e+00   1.0000000e+00   9.1045136e-03
   1.5559583e+05   2.1404192e+02   1.6343704e+01   3.7979022e-14   2.3038563e+02   1.0000000e+00   9.0062482e-03
   2.1714773e+06   3.8178824e-01   2.7321782e-01   2.6735212e-13   6.5500607e-01   1.0000000e+00   8.9903556e-03
   7.8186636e+04   9.4257111e+02   2.9632614e+01   2.6093952e-14   9.7220372e+02   1.0000000e+00   8.9753409e-03
   1.4904106e+05   2.9034766e+02   1.5193690e+01   3.5192863e-14   3.0554135e+02   1.0000000e+00   8.9745176e-03
   2.1669496e+05   1.5552896e+02   9.2670794e+00   4.1615743e-14   1.6479604e+02   1.0000000e+00   8.9574606e-03
   1.0838534e+05   5.3011687e+02   2.2133136e+01   3.0156959e-14   5.5225001e+02   1.0000000e+00   8.9437693e-03
   8.5690219e+04   8.5788262e+02   2.9506274e+01   2.6696926e-14   8.8738890e+02   1.0000000e+00   8.9164272e-03
   8.8419607e+05   1.0000000e-01   1.1035371e-02   7.8458277e-13   1.1103537e-01   1.0000000e+00   8.9016868e-03
   2.3060651e+06   1.3254619e-01   1.3325697e-01   4.0330371e-13   2.6580316e-01   1.0000000e+00   8.8522009e-03
   9.8234291e+05   1.0000000e-01   1.3430441e-02   7.4754004e-13   1.1343044e-01   1.0000000e+00   8.8309854e-03
   1.6135120e+06   1.4007000e+00   9.0921470e-01   1.5791595e-13   2.3099147e+00   1.0000000e+00   8.8265641e-03
   2.1273039e+05   1.5759479e+02   1.1846858e+01   4.1211288e-14   1.6944165e+02   1.0000000e+00   8.8260285e-03
   1.9705753e+06   5.9489247e-01   5.3610578e-01   2.1104344e-13   1.1309983e+00   1.0000000e+00   8.7931997e-03
   1.4327597e+06   1.0000000e-01   2.6996020e-02   6.3058989e-13   1.2699602e-01   1.0000000e+00   8.7699427e-03
   6.5306035e+05   1.4789618e+01   2.9323359e+00   7.8571876e-14   1.7721954e+01   1.0000000e+00   8.7654960e-03
   8.2534180e+05   2.6703669e+00   1.6520308e+00   1.3046080e-13   4.3223977e+00   1.0000000e+00   8.7077743e-03
   2.5190501e+06   1.6937868e-01   1.7256632e-01   3.5878369e-13   3.4194500e-01   1.0000000e+00   8.6738809e-03
   2.2789309e+06   1.4392420e-01   1.2563815e-01   4.0013698e-13   2.6956235e-01   1.0000000e+00   8.6496971e-03
   8.4030493e+04   9.1999609e+02   2.9980401e+01   2.6237983e-14   9.4997649e+02   1.0000000e+00   8.6187877e-03
   1.6383701e+05   2.1430413e+02   1.2370845e+01   3.8081430e-14   2.2667498e+02   1.0000000e+00   8.5993423e-03
   1.5768444e+05   2.3819612e+02   1.4349205e+01   3.6994715e-14   2.5254533e+02   1.0000000e+00   8.5957835e-03
   1.9840205e+06   6.4936963e-01   5.4345790e-01   2.0617064e-13   1.1928275e+00   1.0000000e+00   8.5210526e-03
   1.8345782e+06   5.2552089e-01   3.4855765e-01   2.3470462e-13   8.7407854e-01   1.0000000e+00   8.5154487e-03
   8.6303774e+04   8.5192193e+02   2.9806052e+01   2.6740894e-14   8.8172798e+02   1.0000000e+00   8.5134139e-03
   1.6529678e+06   1.0000214e-01   3.4707611e-02   5.9389896e-13   1.3470975e-01   1.0000000e+00   8.5041803e-03
   1.1600391e+06   1.0000055e-01   2.1826193e-02   6.6286337e-13   1.2182674e-01   1.0000000e+00   8.4859261e-03
   2.1664077e+06   2.0890257e-01   1.5882942e-01   3.4649794e-13   3.6773199e-01   1.0000000e+00   8.4637421e-03
   9.4982585e+05   1.0000000e-01   1.1992356e-02   7.6934188e-13   1.1199236e-01   1.0000000e+00   8.4172706e-03
   1.3656692e+05   2.9975237e+02   1.5792449e+01   3.4905480e-14   3.1554482e+02   1.0000000e+00   8.3895759e-03
   1.0729776e+05   4.9061601e+02   2.0888702e+01   3.0777764e-14   5.1150472e+02   1.0000000e+00   8.3790545e-03
   1.0045320e+05   6.5430355e+02   2.6804195e+01   2.8575803e-14   6.8110774e+02   1.0000000e+00   8.3785423e-03
   8.1321802e+05   1.0000000e-01   1.0801041e-02   7.8842559e-13   1.1080104e-01   1.0000000e+00   8.3768890e-03
   8.0779820e+04   1.0000000e+03   8.6044119e+01   2.5563829e-14   1.0860441e+03   1.0000000e+00   8.3523181e-03
   8.2939520e+04   9.9990836e+02   5.4346847e+01   2.5616294e-14   1.0542552e+03   1.0000000e+00   8.3476458e-03
   1.9890269e+06   2.9213305e-01   2.3491883e-01   2.9348055e-13   5.2705187e-01   1.0000000e+00   8.3285359e-03
   8.5076194e+05   6.7100208e+00   2.1210991e+00   9.7588690e-14   8.8311199e+00   1.0000000e+00   8.3197235e-03
   2.2821040e+06   1.8231859e-01   1.7504426e-01   3.5089193e-13   3.5736285e-01   1.0000000e+00   8.3184522e-03
   1.9885181e+06   6.9522072e-01   5.7179304e-01   2.0116988e-13   1.2670138e+00   1.0000000e+00   8.3132537e-03
   1.9266457e+05   1.6817257e+02   1.3605005e+01   4.0374767e-14   1.8177757e+02   1.0000000e+00   8.3014423e-03
   1.8313691e+06   1.0069933e-01   5.7349640e-02   5.2409050e-13   1.5804897e-01   1.0000000e+00   8.2870084e-03
   2.0444389e+06   1.7779479e-01   1.5632383e-01   3.6241110e-13   3.3411862e-01   1.0000000e+00   8.2827749e-03
   2.3793836e+06   2.5418666e-01   1.9702221e-01   3.1669960e-13   4.5120887e-01   1.0000000e+00   8.2671474e-03
   8.3225520e+04   9.2731986e+02   2.6642229e+01   2.6212675e-14   9.5396209e+02   1.0000000e+00   8.2572697e-03
   1.2341062e+05   4.7206017e+02   2.0908341e+01   3.1097948e-14   4.9296851e+02   1.0000000e+00   8.2546109e-03
   8.5215863e+04   8.6248070e+02   2.8948375e+01   2.6665925e-14   8.9142907e+02   1.0000000e+00   8.2148836e-03
   4.8279866e+05   2.9113932e+01   6.6869367e+00   6.3702127e-14   3.5800869e+01   1.0000000e+00   8.1880538e-03
   2.1765666e+06   1.0029653e-01   7.5214868e-02   4.9225375e-13   1.7551139e-01   1.0000000e+00   8.1413681e-03
   1.0676780e+05   6.5954764e+02   2.9772026e+01   2.8545017e-14   6.8931966e+02   1.0000000e+00   8.0784480e-03
   1.0703376e+05   5.3389807e+02   2.2599680e+01   3.0097686e-14   5.5649775e+02   1.0000000e+00   8.0709167e-03
   2.2416038e+06   3.8912449e-01   3.3039602e-01   2.5608026e-13   7.1952051e-01   1.0000000e+00   8.0650284e-03
   2.2233129e+06   1.0017085e-01   7.7893509e-02   4.8844413e-13   1.7806436e-01   1.0000000e+00   8.0400777e-03
   1.4913383e+06   1.0000000e-01   2.8205037e-02   6.2448533e-13   1.2820504e-01   1.0000000e+00   8.0338774e-03
   4.0637112e+05   1.8422619e+01   5.3748298e+00   7.3368072e-14   2.3797449e+01   1.0000000e+00   8.0289648e-03
   1.3661932e+05   3.3929741e+02   2.2604126e+01   3.3678092e-14   3.6190154e+02   1.0000000e+00   8.0244965e-03
   1.0553212e+06   3.6268563e+00   1.8452514e+00   1.1508131e-13   5.4721077e+00   1.0000000e+00   8.0174060e-03
   1.6160641e+06   1.0000000e-01   3.2420924e-02   6.0415223e-13   1.3242092e-01   1.0000000e+00   8.0001932e-03
   1.6162129e+06   1.0000000e-01   3.3017412e-02   6.0117895e-13   1.3301741e-01   1.0000000e+00   7.9942082e-03
   1.0581416e+05   5.7977307e+02   2.4946038e+01   2.9461825e-14   6.0471911e+02   1.0000000e+00   7.9595763e-03
   8.0486394e+05   1.0000000e-01   1.1218587e-02   7.8150084e-13   1.1121859e-01   1.0000000e+00   7.9564343e-03
   9.4539736e+04   6.7481645e+02   2.6752091e+01   2.8356456e-14   7.0156854e+02   1.0000000e+00   7.9410244e-03
   2.2190856e+06   1.0329708e-01   9.3364360e-02   4.6502372e-13   1.9666144e-01   1.0000000e+00   7.9394071e-03
   9.7876872e+04   6.2753258e+02   2.6475691e+01   2.8874103e-14   6.5400827e+02   1.0000000e+00   7.9335066e-03
   1.1411947e+06   1.0000000e-01   1.8967027e-02   6.8627869e-13   1.1896703e-01   1.0000000e+00   7.9310239e-03
   1.6482002e+06   1.0000000e-01   4.8489386e-02   5.4665946e-13   1.4848939e-01   1.0000000e+00   7.9262116e-03
   6.5051650e+05   1.7044630e+01   3.8569692e+00   7.4849683e-14   2.0901599e+01   1.0000000e+00   7.9085724e-03
   1.0640032e+05   5.7211574e+02   2.3911033e+01   2.9571345e-14   5.9602677e+02   1.0000000e+00   7.8718591e-03
   1.4957863e+06   1.0000000e-01   2.7735264e-02   6.2744727e-13   1.2773526e-01   1.0000000e+00   7.8480999e-03
   2.1862142e+06   1.0931121e-01   1.0970904e-01   4.4296989e-13   2.1902026e-01   1.0000000e+00   7.8391034e-03
   8.7464380e+04   8.1809981e+02   2.9034970e+01   2.7015805e-14   8.4713478e+02   1.0000000e+00   7.7931924e-03
   1.6834221e+06   1.0000000e-01   4.1722390e-02   5.6658075e-13   1.4172239e-01   1.0000000e+00   7.7880046e-03
   2.3405662e+06   1.2835012e-01   1.2389710e-01   4.1301469e-13   2.5224721e-01   1.0000000e+00   7.7675920e-03
   7.9823382e+04   1.0000000e+03   5.7656340e+01   2.5599901e-14   1.0576563e+03   1.0000000e+00   7.7601854e-03
   2.1921413e+06   2.8432301e-01   2.3120087e-01   2.9657955e-13   5.1552388e-01   1.0000000e+00   7.7507552e-03
   2.2397350e+06   1.4062840e-01   1.6295405e-01   3.8172541e-13   3.0358245e-01   1.0000000e+00   7.7383586e-03
   1.0399713e+06   1.0000003e-01   2.4235120e-02   6.5107137e-13   1.2423515e-01   1.0000000e+00   7.7367897e-03
   1.3382285e+05   3.5600344e+02   2.2750461e+01   3.3277078e-14   3.7875390e+02   1.0000000e+00   7.7309289e-03
   8.0585486e+04   1.0000000e+03   9.6034639e+01   2.5555840e-14   1.0960346e+03   1.0000000e+00   7.7194552e-03
   2.2944620e+06   1.3671479e-01   1.2149051e-01   4.0833720e-13   2.5820529e-01   1.0000000e+00   7.7169642e-03
   7.9396588e+05   1.0000000e-01   1.0667291e-02   7.9109929e-13   1.1066729e-01   1.0000000e+00   7.7073222e-03
   8.9307464e+04   8.3966849e+02   2.9100688e+01   2.6848889e-14   8.6876918e+02   1.0000000e+00   7.6953936e-03
   9.8528869e+05   1.0000000e-01   1.3716109e-02   7.4351934e-13   1.1371611e-01   1.0000000e+00   7.6920441e-03
   2.2134331e+06   1.3770156e-01   1.5267424e-01   3.8903831e-13   2.9037580e-01   1.0000000e+00   7.6759258e-03
   6.5185097e+05   1.5788451e+01   3.6015841e+00   7.6403184e-14   1.9390035e+01   1.0000000e+00   7.6755028e-03
   1.0435900e+05   5.2233720e+02   2.4540777e+01   3.0251445e-14   5.4687798e+02   1.0000000e+00   7.6623359e-03
   1.0937452e+06   1.0008736e-01   2.4406072e-02   6.4748551e-13   1.2449343e-01   1.0000000e+00   7.6589175e-03
   2.9098053e+05   6.3629761e+01   1.1863197e+01   5.1589267e-14   7.5492958e+01   1.0000000e+00   7.6564472e-03
   7.3333494e+05   9.8104205e+00   3.3990641e+00   8.5918589e-14   1.3209485e+01   1.0000000e+00   7.6534438e-03
   1.6839238e+06   1.0202309e-01   4.2700626e-02   5.6061574e-13   1.4472372e-01   1.0000000e+00   7.6521446e-03
   1.8975717e+05   1.5689064e+02   1.6688560e+01   4.0961846e-14   1.7357920e+02   1.0000000e+00   7.6429028e-03
   1.0348457e+05   5.8845185e+02   2.4882856e+01   2.9351832e-14   6.1333471e+02   1.0000000e+00   7.6292481e-03
   1.9960664e+06   2.9129486e-01   2.5030003e-01   2.9011882e-13   5.4159489e-01   1.0000000e+00   7.6020763e-03
   2.1698659e+06   1.0061144e-01   6.7725286e-02   5.0461150e-13   1.6833672e-01   1.0000000e+00   7.5809923e-03
   1.5588161e+06   1.0000000e-01   3.6580032e-02   5.8467660e-13   1.3658003e-01   1.0000000e+00   7.5726020e-03
   2.0434679e+06   1.0000000e-01   7.2222201e-02   4.9731398e-13   1.7222220e-01   1.0000000e+00   7.5547609e-03
   8.5569057e+04   8.4187955e+02   2.9861204e+01   2.6819451e-14   8.7174075e+02   1.0000000e+00   7.5334118e-03
   1.0705526e+05   5.5790242e+02   2.5506966e+01   2.9735595e-14   5.8340938e+02   1.0000000e+00   7.4894250e-03
   1.9885181e+06   6.6883687e-01   4.4017741e-01   2.1295202e-13   1.1090143e+00   1.0000000e+00   7.4400777e-03
   1.0384395e+06   6.4808085e+00   1.7518207e+00   1.0171465e-13   8.2326291e+00   1.0000000e+00   7.4219625e-03
   2.1652756e+06   3.5112259e-01   3.1280333e-01   2.6492998e-13   6.6392592e-01   1.0000000e+00   7.4089280e-03
   1.3023029e+05   4.0289106e+02   2.2513072e+01   3.2291189e-14   4.2540413e+02   1.0000000e+00   7.4039885e-03
   2.2819873e+06   1.2085862e-01   1.0953689e-01   4.3100300e-13   2.3039550e-01   1.0000000e+00   7.4033235e-03
   8.5848825e+04   9.3217807e+02   3.3477057e+01   2.6140585e-14   9.6565513e+02   1.0000000e+00   7.3868890e-03
   1.0693004e+05   5.1739737e+02   2.2730470e+01   3.0335129e-14   5.4012784e+02   1.0000000e+00   7.3860754e-03
   1.1605709e+05   4.9522325e+02   2.1297370e+01   3.0692928e-14   5.1652062e+02   1.0000000e+00   7.3744953e-03
   8.3135979e+05   1.0000000e-01   1.1649661e-02   7.7399162e-13   1.1164966e-01   1.0000000e+00   7.3643422e-03
   2.0094141e+06   2.8498399e-01   2.0158988e-01   3.0470087e-13   4.8657387e-01   1.0000000e+00   7.3439683e-03
   7.8136809e+04   9.4567225e+02   2.9756903e+01   2.6071369e-14   9.7542915e+02   1.0000000e+00   7.3037173e-03
   5.1918071e+05   2.0954046e+01   3.4511317e+00   7.1081633e-14   2.4405178e+01   1.0000000e+00   7.2924211e-03
   1.6618422e+05   2.0704021e+02   1.4359126e+01   3.8312896e-14   2.2139934e+02   1.0000000e+00   7.2644440e-03
   2.2706728e+06   3.3987748e-01   2.8801481e-01   2.7189852e-13   6.2789229e-01   1.0000000e+00   7.2347410e-03
   9.0074674e+04   8.7152219e+02   3.0058240e+01   2.6611705e-14   9.0158043e+02   1.0000000e+00   7.2235265e-03
   1.4808651e+05   3.2060788e+02   1.8442503e+01   3.4272805e-14   3.3905039e+02   1.0000000e+00   7.2182528e-03
   8.1507561e+04   8.9794259e+02   2.7441964e+01   2.6417812e-14   9.2538456e+02   1.0000000e+00   7.2045099e-03
   1.5369588e+06   1.0002861e-01   2.9709726e-02   6.1677019e-13   1.2973833e-01   1.0000000e+00   7.2027987e-03
   9.2399004e+04   7.9800147e+02   2.8821849e+01   2.7195375e-14   8.2682332e+02   1.0000000e+00   7.1894224e-03
   1.8207366e+06   1.0000000e-01   4.9524596e-02   5.4376258e-13   1.4952460e-01   1.0000000e+00   7.1815786e-03
   1.1779594e+06   1.0000000e-01   2.0471971e-02   6.7347125e-13   1.2047197e-01   1.0000000e+00   7.1556260e-03
   9.9680194e+05   1.0000000e-01   1.6117545e-02   7.1414422e-13   1.1611755e-01   1.0000000e+00   7.1472291e-03
   9.3613516e+05   1.0000000e-01   1.3186610e-02   7.5038901e-13   1.1318661e-01   1.0000000e+00   7.1280053e-03
   2.1737445e+06   1.0668512e-01   7.7088496e-02   4.8208972e-13   1.8377361e-01   1.0000000e+00   7.1183439e-03
   1.9803775e+06   2.5402528e-01   2.0900565e-01   3.1146436e-13   4.6303092e-01   1.0000000e+00   7.1135583e-03
   9.4923401e+05   1.0005087e-01   1.3940076e-02   7.4001438e-13   1.1399094e-01   1.0000000e+00   7.1033329e-03
   8.6467429e+05   1.0000000e-01   1.0496454e-02   7.9442128e-13   1.1049645e-01   1.0000000e+00   7.0846189e-03
   2.6600528e+05   9.7634622e+01   1.3502166e+01   4.6277848e-14   1.1113679e+02   1.0000000e+00   7.0597163e-03
   8.0759118e+04   9.6600386e+02   3.1956459e+01   2.5908667e-14   9.9796032e+02   1.0000000e+00   7.0343025e-03
   2.2666454e+06   2.1306121e-01   1.7154431e-01   3.3935893e-13   3.8460552e-01   1.0000000e+00   7.0338807e-03
   1.3695448e+05   3.4392294e+02   2.2676941e+01   3.3565969e-14   3.6659988e+02   1.0000000e+00   7.0306566e-03
   1.0136358e+06   1.0000000e-01   1.5284377e-02   7.2358935e-13   1.1528438e-01   1.0000000e+00   7.0282082e-03
   1.4856087e+05   3.1600981e+02   1.9000402e+01   3.4377678e-14   3.3501021e+02   1.0000000e+00   7.0281082e-03
   2.2358290e+06   1.0323551e-01   9.0151397e-02   4.6866577e-13   1.9338691e-01   1.0000000e+00   7.0273026e-03
   8.1814042e+04   9.9946032e+02   6.3302586e+01   2.5596737e-14   1.0627629e+03   1.0000000e+00   7.0041831e-03
   1.6195052e+05   1.8672520e+02   1.4664367e+01   3.9401993e-14   2.0138956e+02   1.0000000e+00   6.9966536e-03
   4.4686056e+05   2.4903580e+01   6.8793453e+00   6.6108490e-14   3.1782925e+01   1.0000000e+00   6.9721537e-03
   1.0359574e+06   1.0000000e-01   1.8107216e-02   6.9415831e-13   1.1810722e-01   1.0000000e+00   6.9532641e-03
   6.7865627e+05   9.3027235e+00   2.2328107e+00   8.9545676e-14   1.1535534e+01   1.0000000e+00   6.9359013e-03
   1.0360595e+06   2.5138586e+00   7.9857189e-01   1.3868026e-13   3.3124305e+00   1.0000000e+00   6.9106996e-03
   9.5273725e+05   1.0000178e-01   1.4255265e-02   7.3603059e-13   1.1425704e-01   1.0000000e+00   6.9022027e-03
   2.3020213e+06   1.0276345e-01   8.9057051e-02   4.7048717e-13   1.9182051e-01   1.0000000e+00   6.8837767e-03
   1.1581913e+06   1.0000056e-01   2.1549620e-02   6.6491655e-13   1.2155018e-01   1.0000000e+00   6.8655191e-03
   1.1923475e+05   4.3019838e+02   2.1851100e+01   3.1763995e-14   4.5204948e+02   1.0000000e+00   6.8090941e-03
   2.1200519e+05   1.2941532e+02   1.0841328e+01   4.3280011e-14   1.4025664e+02   1.0000000e+00   6.7736572e-03
   4.8946769e+05   2.7162707e+01   6.2680711e+00   6.4910151e-14   3.3430779e+01   1.0000000e+00   6.7462585e-03
   9.6977500e+04   6.8411157e+02   2.9093933e+01   2.8238420e-14   7.1320550e+02   1.0000000e+00   6.7417830e-03
   1.8324503e+05   1.8356166e+02   1.2903603e+01   3.9541062e-14   1.9646526e+02   1.0000000e+00   6.7270128e-03
   2.3053320e+06   2.2826391e-01   1.9396997e-01   3.2499959e-13   4.2223389e-01   1.0000000e+00   6.7180474e-03
   1.9347379e+06   3.8281062e-01   2.0211022e-01   2.8414162e-13   5.8492084e-01   1.0000000e+00   6.7097756e-03
   1.3533622e+05   3.6514408e+02   2.3276430e+01   3.3069528e-14   3.8842051e+02   1.0000000e+00   6.6787764e-03
   2.1965423e+06   4.1488206e-01   3.9274078e-01   2.4368694e-13   8.0762283e-01   1.0000000e+00   6.6607576e-03
   2.2212791e+06   1.0000000e-01   7.9698893e-02   4.8600195e-13   1.7969889e-01   1.0000000e+00   6.6599371e-03
   2.1970175e+06   4.0490106e-01   3.4449336e-01   2.5140220e-13   7.4939442e-01   1.0000000e+00   6.6517144e-03
   1.0143486e+06   1.0005319e-01   1.7988479e-02   6.9547177e-13   1.1804167e-01   1.0000000e+00   6.6468164e-03
   2.1629183e+05   1.0963280e+02   1.2417886e+01   4.5052250e-14   1.2205069e+02   1.0000000e+00   6.6396114e-03
   8.0012873e+05   1.0000000e-01   1.0105147e-02   8.0143364e-13   1.1010515e-01   1.0000000e+00   6.6342268e-03
   8.4542296e+05   5.3403696e+00   1.6984236e+00   1.0528942e-13   7.0387932e+00   1.0000000e+00   6.6269690e-03
   2.2433271e+05   1.1982261e+02   1.1676014e+01   4.4049024e-14   1.3149862e+02   1.0000000e+00   6.6188751e-03
   1.0051630e+05   6.8399673e+02   2.6691438e+01   2.8276822e-14   7.1068816e+02   1.0000000e+00   6.6179814e-03
   1.3457993e+05   3.6308759e+02   2.2391596e+01   3.3125541e-14   3.8547918e+02   1.0000000e+00   6.6147247e-03
   1.5467020e+05   2.6390533e+02   1.2341888e+01   3.6164329e-14   2.7624722e+02   1.0000000e+00   6.6049288e-03
   1.6783778e+06   1.1700963e+00   6.5069034e-01   1.7356825e-13   1.8207867e+00   1.0000000e+00   6.5807400e-03
   1.5491630e+06   1.0002758e-01   3.0083584e-02   6.1496553e-13   1.3011116e-01   1.0000000e+00   6.5803150e-03
   8.7011903e+05   4.0103849e+00   1.1699802e+00   1.1767761e-13   5.1803651e+00   1.0000000e+00   6.5747497e-03
   1.0336768e+06   1.0000000e-01   1.5566444e-02   7.2044686e-13   1.1556644e-01   1.0000000e+00   6.5605128e-03
   1.1212907e+06   1.0000000e-01   1.9857256e-02   6.7836869e-13   1.1985726e-01   1.0000000e+00   6.5584362e-03
   1.2971228e+05   3.2661693e+02   1.9494083e+01   3.4084477e-14   3.4611101e+02   1.0000000e+00   6.5523822e-03
   1.3727396e+05   2.7460988e+02   1.6949749e+01   3.5683311e-14   2.9155963e+02   1.0000000e+00   6.5488360e-03
   1.1087029e+06   1.0000000e-01   2.5910659e-02   6.3893282e-13   1.2591066e-01   1.0000000e+00   6.5337987e-03
   9.0762179e+04   7.4292100e+02   2.8326243e+01   2.7674455e-14   7.7124724e+02   1.0000000e+00   6.5253925e-03
   1.2018375e+05   3.4124665e+02   1.6928732e+01   3.3849995e-14   3.5817538e+02   1.0000000e+00   6.5186779e-03
   2.2619239e+06   1.6197138e-01   1.4451490e-01   3.7667670e-13   3.0648629e-01   1.0000000e+00   6.5150607e-03
   1.2771013e+05   3.7242169e+02   2.0622322e+01   3.2942613e-14   3.9304401e+02   1.0000000e+00   6.5129293e-03
   2.0952530e+06   1.0029929e-01   7.3546501e-02   4.9477471e-13   1.7384579e-01   1.0000000e+00   6.5075718e-03
   2.2350116e+06   1.0812368e-01   9.2230865e-02   4.6082437e-13   2.0035454e-01   1.0000000e+00   6.5050418e-03
   1.6423171e+06   1.0000000e-01   3.8534968e-02   5.7770940e-13   1.3853497e-01   1.0000000e+00   6.4958702e-03
   2.0212873e+06   6.6506868e-01   5.5398746e-01   2.0447679e-13   1.2190561e+00   1.0000000e+00   6.4955969e-03
   2.3395962e+06   1.2771080e-01   1.2276483e-01   4.1437452e-13   2.5047564e-01   1.0000000e+00   6.4914748e-03
   8.0732463e+04   1.0000000e+03   8.1733590e+01   2.5567717e-14   1.0817336e+03   1.0000000e+00   6.4804341e-03
   2.2553959e+06   1.3685129e-01   1.2313421e-01   4.0701676e-13   2.5998550e-01   1.0000000e+00   6.4771142e-03
   2.7704969e+05   6.9754418e+01   1.0157782e+01   5.0581402e-14   7.9912200e+01   1.0000000e+00   6.4653883e-03
   2.1130711e+06   1.0000000e-01   6.5640620e-02   5.0886690e-13   1.6564062e-01   1.0000000e+00   6.4494105e-03
   3.3005849e+05   5.9348115e+01   7.7874921e+00   5.3025964e-14   6.7135607e+01   1.0000000e+00   6.3941258e-03
   2.2794611e+06   1.9238830e-01   1.8279166e-01   3.4303591e-13   3.7517995e-01   1.0000000e+00   6.3859125e-03
   8.7684691e+04   7.7048358e+02   3.4955932e+01   2.7387148e-14   8.0543951e+02   1.0000000e+00   6.3815278e-03
   9.6344386e+04   7.2050174e+02   2.7506354e+01   2.7898325e-14   7.4800809e+02   1.0000000e+00   6.3614034e-03
   9.8567748e+05   2.0940707e+00   1.0583751e+00   1.4203094e-13   3.1524458e+00   1.0000000e+00   6.3562363e-03
   1.0361065e+06   1.0000000e-01   1.6473964e-02   7.1026012e-13   1.1647396e-01   1.0000000e+00   6.3528230e-03
   8.2044815e+04   9.5739942e+02   3.3804057e+01   2.5955853e-14   9.9120348e+02   1.0000000e+00   6.3488187e-03
   1.6589164e+06   1.0000000e-01   3.5301816e-02   5.9131937e-13   1.3530182e-01   1.0000000e+00   6.3396986e-03
   9.6154173e+04   7.1142293e+02   2.7405222e+01   2.7983682e-14   7.3882815e+02   1.0000000e+00   6.3329861e-03
   1.1074774e+06   1.0000000e-01   1.8538684e-02   6.8996518e-13   1.1853868e-01   1.0000000e+00   6.3294893e-03
   8.9754799e+05   2.9213917e+00   9.0156361e-01   1.3195851e-13   3.8229553e+00   1.0000000e+00   6.3241744e-03
   1.8429485e+06   5.2756058e-01   3.5566269e-01   2.3360070e-13   8.8322327e-01   1.0000000e+00   6.3004214e-03
   9.7413191e+05   1.9614376e+00   1.0420289e+00   1.4541971e-13   3.0034665e+00   1.0000000e+00   6.2999417e-03
   9.8209117e+04   6.4585602e+02   2.4398639e+01   2.8688592e-14   6.7025466e+02   1.0000000e+00   6.2997887e-03
   1.0883035e+06   1.0000000e-01   2.0093906e-02   6.7665688e-13   1.2009391e-01   1.0000000e+00   6.2958920e-03
   1.9885182e+06   8.3804423e-01   5.0095751e-01   1.9809434e-13   1.3390017e+00   1.0000000e+00   6.2640098e-03
   1.6959873e+05   2.2153678e+02   1.4456899e+01   3.7666118e-14   2.3599368e+02   1.0000000e+00   6.2554876e-03
   1.0998722e+05   5.2039863e+02   2.3590890e+01   3.0275246e-14   5.4398952e+02   1.0000000e+00   6.2446717e-03
   7.7951559e+04   9.9248515e+02   3.0234804e+01   2.5750078e-14   1.0227200e+03   1.0000000e+00   6.2422742e-03
   8.2144715e+04   9.0227517e+02   2.7695938e+01   2.6381707e-14   9.2997111e+02   1.0000000e+00   6.2394977e-03
   1.6830758e+06   1.0000000e-01   5.4380312e-02   5.3254579e-13   1.5438031e-01   1.0000000e+00   6.2274779e-03
   1.0367636e+05   6.3924882e+02   2.5482959e+01   2.8765339e-14   6.6473178e+02   1.0000000e+00   6.2255429e-03
   1.0122354e+05   6.6736392e+02   3.0047995e+01   2.8415904e-14   6.9741191e+02   1.0000000e+00   6.2240817e-03
   4.2547945e+05   2.1278566e+01   9.9424854e+00   6.8771194e-14   3.1221052e+01   1.0000000e+00   6.2147962e-03
   8.0696312e+05   1.0000000e-01   1.0263931e-02   7.9834039e-13   1.1026393e-01   1.0000000e+00   6.1999931e-03
   1.5388328e+06   1.0000000e-01   4.0611321e-02   5.7018594e-13   1.4061132e-01   1.0000000e+00   6.1961537e-03
   7.7999938e+05   7.9760077e+00   4.5486038e+00   8.9180521e-14   1.2524612e+01   1.0000000e+00   6.1842999e-03
   3.5493289e+05   5.4688679e+01   7.6705491e+00   5.4205894e-14   6.2359228e+01   1.0000000e+00   6.1698473e-03
   2.2354727e+06   2.2261287e-01   1.8095638e-01   3.3171809e-13   4.0356925e-01   1.0000000e+00   6.1579259e-03
   8.9110143e+04   8.1222805e+02   2.8275185e+01   2.7071344e-14   8.4050323e+02   1.0000000e+00   6.1413838e-03
   1.8431359e+06   1.0000000e-01   6.2147757e-02   5.1548891e-13   1.6214776e-01   1.0000000e+00   6.1312909e-03
   1.0328615e+06   1.0000000e-01   1.7062902e-02   7.0415201e-13   1.1706290e-01   1.0000000e+00   6.1193498e-03
   9.6269713e+04   7.3119047e+02   2.7067459e+01   2.7804246e-14   7.5825793e+02   1.0000000e+00   6.1189747e-03
   1.2220847e+05   4.5843285e+02   1.9450418e+01   3.1329546e-14   4.7788327e+02   1.0000000e+00   6.1061509e-03
   1.8429485e+06   5.3060278e-01   3.8542223e-01   2.2983288e-13   9.1602501e-01   1.0000000e+00   6.0997044e-03
   8.1724300e+04   8.7425573e+02   2.9945656e+01   2.6578056e-14   9.0420139e+02   1.0000000e+00   6.0979215e-03
   3.2502600e+05   6.0727252e+01   1.0030243e+01   5.2362075e-14   7.0757495e+01   1.0000000e+00   6.0978228e-03
   1.4527533e+05   3.3428304e+02   2.0719650e+01   3.3869754e-14   3.5500269e+02   1.0000000e+00   6.0919510e-03
   2.2704194e+06   1.6263632e-01   1.2050054e-01   3.9251783e-13   2.8313686e-01   1.0000000e+00   6.0652376e-03
   1.1930088e+05   4.3894725e+02   2.2267768e+01   3.1598837e-14   4.6121501e+02   1.0000000e+00   6.0633037e-03
   2.5404520e+06   1.7230637e-01   1.7638567e-01   3.5567358e-13   3.4869204e-01   1.0000000e+00   6.0566665e-03
   2.2705165e+06   1.3670557e-01   1.3917703e-01   3.9658183e-13   2.7588260e-01   1.0000000e+00   6.0419662e-03
   9.1427784e+04   8.0667484e+02   2.8406345e+01   2.7123612e-14   8.3508119e+02   1.0000000e+00   6.0369240e-03
   1.5899113e+05   2.4215186e+02   1.4424474e+01   3.6839066e-14   2.5657634e+02   1.0000000e+00   6.0168196e-03
   2.4944644e+05   8.5417129e+01   1.1884142e+01   4.7948292e-14   9.7301271e+01   1.0000000e+00   5.9967192e-03
   1.0016475e+05   6.4867683e+02   2.6864799e+01   2.8634043e-14   6.7554163e+02   1.0000000e+00   5.9960195e-03
   2.2302608e+06   2.9160636e-01   2.1623598e-01   2.9949665e-13   5.0784234e-01   1.0000000e+00   5.9775152e-03
   8.9569804e+05   1.0000339e-01   1.1722953e-02   7.7266449e-13   1.1172635e-01   1.0000000e+00   5.9772462e-03
   8.9355396e+05   1.0000010e-01   1.5964037e-02   7.1848609e-13   1.1596414e-01   1.0000000e+00   5.9479607e-03
   1.6717785e+06   1.0000000e-01   5.2375976e-02   5.3708383e-13   1.5237598e-01   1.0000000e+00   5.9310213e-03
   1.6619970e+06   9.1816398e-01   8.1734344e-01   1.7794238e-13   1.7355074e+00   1.0000000e+00   5.9263862e-03
   1.3387071e+05   3.5456084e+02   2.2678028e+01   3.3311458e-14   3.7723887e+02   1.0000000e+00   5.9194105e-03
   1.8410353e+05   1.5060484e+02   9.8457550e+00   4.1820389e-14   1.6045059e+02   1.0000000e+00   5.9177450e-03
   2.3465385e+06   1.2285683e-01   1.1042694e-01   4.2850271e-13   2.3328376e-01   1.0000000e+00   5.8928874e-03
   2.3313870e+06   2.1454426e-01   2.2063055e-01   3.2099060e-13   4.3517481e-01   1.0000000e+00   5.8880689e-03
   1.1918892e+05   4.2994511e+02   1.9818352e+01   3.1804336e-14   4.4976346e+02   1.0000000e+00   5.8798531e-03
   3.3853725e+05   4.7704165e+01   7.0228458e+00   5.6124657e-14   5.4727011e+01   1.0000000e+00   5.8767542e-03
   9.2821969e+04   8.4758499e+02   2.9421961e+01   2.6814829e-14   8.7700695e+02   1.0000000e+00   5.8710895e-03
   3.3271941e+05   5.5047848e+01   7.5885691e+00   5.4036713e-14   6.2636417e+01   1.0000000e+00   5.8593174e-03
   5.4020896e+05   1.1565193e+01   3.3449704e+00   8.3324472e-14   1.4910164e+01   1.0000000e+00   5.8573039e-03
   9.5421699e+04   7.1382248e+02   2.7897187e+01   2.7954179e-14   7.4171967e+02   1.0000000e+00   5.8558548e-03
   8.9760390e+05   1.0000000e-01   1.2980148e-02   7.5331727e-13   1.1298015e-01   1.0000000e+00   5.8338334e-03
   1.1378099e+05   4.5060153e+02   2.0014089e+01   3.1439298e-14   4.7061562e+02   1.0000000e+00   5.8012792e-03
   1.9583183e+05   1.7289002e+02   1.3922540e+01   4.0099634e-14   1.8681256e+02   1.0000000e+00   5.7532037e-03
   2.4485964e+05   8.8270868e+01   1.2489091e+01   4.7518476e-14   1.0075996e+02   1.0000000e+00   5.7350153e-03
   1.0607841e+06   1.0000066e-01   1.9348662e-02   6.8306524e-13   1.1934932e-01   1.0000000e+00   5.6984760e-03
   1.6047858e+06   1.0000000e-01   2.9380219e-02   6.2056842e-13   1.2938022e-01   1.0000000e+00   5.6926029e-03
   1.6174470e+06   1.0014332e-01   3.5635030e-02   5.8896776e-13   1.3577835e-01   1.0000000e+00   5.6711373e-03
   1.7383568e+05   1.9256998e+02   1.3885983e+01   3.9025926e-14   2.0645597e+02   1.0000000e+00   5.6428634e-03
   8.5381544e+05   4.7559462e+00   1.3093624e+00   1.1124461e-13   6.0653087e+00   1.0000000e+00   5.6293613e-03
   1.6740323e+06   1.0000000e-01   3.7788637e-02   5.8101819e-13   1.3778864e-01   1.0000000e+00   5.6236086e-03
   1.7061502e+06   1.0000000e-01   6.1891423e-02   5.1782041e-13   1.6189142e-01   1.0000000e+00   5.6172262e-03
   1.3392158e+05   3.8325618e+02   2.3229312e+01   3.2684810e-14   4.0648549e+02   1.0000000e+00   5.6171477e-03
   1.0822073e+05   4.8405142e+02   2.1431446e+01   3.0870789e-14   5.0548286e+02   1.0000000e+00   5.6075214e-03
   1.1414259e+05   4.8602232e+02   2.1467605e+01   3.0824019e-14   5.0748993e+02   1.0000000e+00   5.5945378e-03
   2.3607318e+06   1.5713753e-01   1.3951899e-01   3.8268979e-13   2.9665652e-01   1.0000000e+00   5.5925098e-03
   9.8382666e+05   1.0000000e-01   1.5971367e-02   7.1581994e-13   1.1597137e-01   1.0000000e+00   5.5813180e-03
   1.7173682e+06   8.6444099e-01   5.3334842e-01   1.9256813e-13   1.3977894e+00   1.0000000e+00   5.5643479e-03
   2.3317232e+06   2.5235256e-01   1.9408858e-01   3.1788404e-13   4.4644113e-01   1.0000000e+00   5.5303637e-03
   1.5880458e+06   1.0000000e-01   3.6084743e-02   5.8690807e-13   1.3608474e-01   1.0000000e+00   5.5167264e-03
   1.5427790e+06   1.0003392e-01   4.4942912e-02   5.5717149e-13   1.4497684e-01   1.0000000e+00   5.5130230e-03
   1.3545821e+05   3.4967603e+02   2.2777380e+01   3.3425758e-14   3.7245341e+02   1.0000000e+00   5.4904563e-03
   1.0075927e+06   1.0000000e-01   1.5087144e-02   7.2591410e-13   1.1508714e-01   1.0000000e+00   5.4784177e-03
   1.8349847e+06   1.0111298e-01   5.8103459e-02   5.2195191e-13   1.5921644e-01   1.0000000e+00   5.4432714e-03
   1.2322587e+05   4.2693142e+02   1.8821509e+01   3.1884684e-14   4.4575292e+02   1.0000000e+00   5.4348147e-03
   8.3904609e+04   8.9438031e+02   2.7598895e+01   2.6438555e-14   9.2197921e+02   1.0000000e+00   5.4271704e-03
   8.3141406e+04   9.9636032e+02   3.2051870e+01   2.5723556e-14   1.0284122e+03   1.0000000e+00   5.4160860e-03
   1.2861667e+05   3.9025418e+02   2.1390449e+01   3.2551174e-14   4.1164463e+02   1.0000000e+00   5.4114651e-03
   2.2214838e+06   1.0877052e-01   9.0194036e-02   4.6249327e-13   1.9896456e-01   1.0000000e+00   5.4013284e-03
   7.7720521e+04   9.8580657e+02   3.2145530e+01   2.5782885e-14   1.0179521e+03   1.0000000e+00   5.3960515e-03
   1.6365063e+06   1.0009294e-01   4.7220029e-02   5.4992719e-13   1.4731297e-01   1.0000000e+00   5.3903700e-03
   2.2472923e+06   2.1300779e-01   1.8017105e-01   3.3558234e-13   3.9317884e-01   1.0000000e+00   5.3889978e-03
   2.8492677e+05   8.3181706e+01   1.1717174e+01   4.8278470e-14   9.4898880e+01   1.0000000e+00   5.3820974e-03
   1.6767940e+06   8.4042651e-01   5.8723639e-01   1.9078900e-13   1.4276629e+00   1.0000000e+00   5.3374785e-03
   8.7480013e+04   7.8957943e+02   2.7161006e+01   2.7271881e-14   8.1674044e+02   1.0000000e+00   5.3371397e-03
   1.0386303e+05   5.8529953e+02   2.4808025e+01   2.9391835e-14   6.1010756e+02   1.0000000e+00   5.3362615e-03
   1.6730749e+06   1.0000000e-01   5.4590654e-02   5.3224074e-13   1.5459065e-01   1.0000000e+00   5.3351124e-03
   7.9927125e+04   9.2866594e+02   3.0308598e+01   2.6178540e-14   9.5897454e+02   1.0000000e+00   5.3346483e-03
   1.8361689e+06   1.0000000e-01   5.9876668e-02   5.1985721e-13   1.5987667e-01   1.0000000e+00   5.3131886e-03
   8.1634428e+04   8.8948808e+02   2.9988639e+01   2.6461278e-14   9.1947672e+02   1.0000000e+00   5.3040066e-03
   2.7641701e+05   6.3096829e+01   1.0326015e+01   5.1947823e-14   7.3422843e+01   1.0000000e+00   5.2987894e-03
   2.1863157e+06   1.0912272e-01   1.0890503e-01   4.4384020e-13   2.1802775e-01   1.0000000e+00   5.2983130e-03
   8.0241523e+04   1.0000000e+03   4.8504586e+01   2.5620935e-14   1.0485046e+03   1.0000000e+00   5.2941461e-03
   8.5892567e+04   9.3068425e+02   3.3475074e+01   2.6150797e-14   9.6415933e+02   1.0000000e+00   5.2929955e-03
   7.8398254e+05   5.1147018e+00   1.5016277e+00   1.0798378e-13   6.6163295e+00   1.0000000e+00   5.2652271e-03
   9.0545368e+04   7.9512488e+02   3.3681084e+01   2.7176919e-14   8.2880597e+02   1.0000000e+00   5.2631683e-03
   1.0202057e+05   6.1758459e+02   2.6343322e+01   2.8988174e-14   6.4392791e+02   1.0000000e+00   5.2361285e-03
   2.2916620e+06   2.0788082e-01   2.0460154e-01   3.2860739e-13   4.1248236e-01   1.0000000e+00   5.2155969e-03
   1.3073098e+05   4.0614452e+02   2.2172135e+01   3.2238789e-14   4.2831665e+02   1.0000000e+00   5.2095450e-03
   1.2479892e+05   4.5306993e+02   2.2931189e+01   3.1372107e-14   4.7600112e+02   1.0000000e+00   5.2076805e-03
   1.5538961e+05   2.3326269e+02   1.4367654e+01   3.7198670e-14   2.4763034e+02   1.0000000e+00   5.1826553e-03
   1.4219707e+05   3.3093002e+02   2.0543819e+01   3.3935292e-14   3.5147384e+02   1.0000000e+00   5.1781613e-03
   1.3534610e+05   3.2023634e+02   2.2425941e+01   3.4174530e-14   3.4266228e+02   1.0000000e+00   5.1766467e-03
   1.8336329e+05   2.0559540e+02   1.3606415e+01   3.8447054e-14   2.1920182e+02   1.0000000e+00   5.1761225e-03
   1.7588219e+06   1.0942135e+00   1.0352538e+00   1.6494455e-13   2.1294674e+00   1.0000000e+00   5.1739580e-03
   2.4115911e+06   2.2796104e-01   2.0276155e-01   3.2245354e-13   4.3072259e-01   1.0000000e+00   5.1650576e-03
   1.6795060e+06   1.0251593e+00   6.4715953e-01   1.7900975e-13   1.6723188e+00   1.0000000e+00   5.1609331e-03
   1.9375428e+06   5.4553892e-01   3.8173774e-01   2.2888661e-13   9.2727666e-01   1.0000000e+00   5.1352760e-03
   2.8427933e+05   9.1336121e+01   1.1338271e+01   4.7287136e-14   1.0267439e+02   1.0000000e+00   5.1243492e-03
   1.5428329e+06   1.0000000e-01   4.6275481e-02   5.5367639e-13   1.4627548e-01   1.0000000e+00   5.1152844e-03
   2.2706652e+06   1.1201716e-01   1.1604231e-01   4.3425841e-13   2.2805947e-01   1.0000000e+00   5.1069834e-03
   1.6562021e+05   2.2378036e+02   1.6342232e+01   3.7496123e-14   2.4012259e+02   1.0000000e+00   5.1067544e-03
   1.2283960e+05   3.9904258e+02   2.1318813e+01   3.2371983e-14   4.2036139e+02   1.0000000e+00   5.0779229e-03
   1.0515517e+05   5.7522266e+02   2.4769351e+01   2.9519351e-14   5.9999201e+02   1.0000000e+00   5.0731695e-03
   1.4795688e+05   2.8497127e+02   1.5891374e+01   3.5326451e-14   3.0086264e+02   1.0000000e+00   5.0667663e-03
   1.8251986e+05   2.0065188e+02   1.3517624e+01   3.8666336e-14   2.1416950e+02   1.0000000e+00   5.0666016e-03
   1.1283403e+05   4.4586230e+02   2.0190679e+01   3.1526426e-14   4.6605298e+02   1.0000000e+00   5.0593761e-03
   2.4675782e+05   1.0761807e+02   1.1207256e+01   4.5304378e-14   1.1882532e+02   1.0000000e+00   5.0574661e-03
   8.3092409e+05   1.0000000e-01   1.0356839e-02   7.9661054e-13   1.1035684e-01   1.0000000e+00   5.0379620e-03
   1.5978404e+06   1.0000000e-01   2.9238571e-02   6.2119839e-13   1.2923857e-01   1.0000000e+00   5.0359937e-03
   2.2173986e+06   1.0000000e-01   8.1649408e-02   4.8326558e-13   1.8164941e-01   1.0000000e+00   5.0326063e-03
   1.0719721e+05   5.4181023e+02   2.4051642e+01   2.9968283e-14   5.6586187e+02   1.0000000e+00   5.0193766e-03
   1.0529338e+05   6.5939267e+02   3.0527492e+01   2.8524181e-14   6.8992016e+02   1.0000000e+00   5.0183508e-03
   9.6986545e+05   1.0000000e-01   1.6815990e-02   7.0745257e-13   1.1681599e-01   1.0000000e+00   5.0104725e-03
   1.9386908e+06   3.5570762e-01   2.6356211e-01   2.7295510e-13   6.1926972e-01   1.0000000e+00   5.0064056e-03
   1.4778563e+05   2.8170157e+02   1.5717343e+01   3.5432902e-14   2.9741892e+02   1.0000000e+00   5.0006402e-03
   1.1315540e+05   4.9808853e+02   2.1399051e+01   3.0639011e-14   5.1948758e+02   1.0000000e+00   4.9972477e-03
   8.9294898e+04   8.1218943e+02   2.8270117e+01   2.7072111e-14   8.4045954e+02   1.0000000e+00   4.9968111e-03
   7.9087433e+04   1.0000000e+03   3.1360511e+01   2.5692040e-14   1.0313605e+03   1.0000000e+00   4.9965559e-03
   8.6381509e+04   8.3315190e+02   3.0218332e+01   2.6885625e-14   8.6337023e+02   1.0000000e+00   4.9837635e-03
   1.1833288e+05   4.5059037e+02   2.1670583e+01   3.1404214e-14   4.7226096e+02   1.0000000e+00   4.9827666e-03
   2.2846575e+06   2.0810112e-01   1.9078622e-01   3.3338832e-13   3.9888734e-01   1.0000000e+00   4.9766771e-03
   8.2333881e+04   9.1498774e+02   2.9582408e+01   2.6274757e-14   9.4457014e+02   1.0000000e+00   4.9748576e-03
   2.2654342e+06   1.3882423e-01   1.5595824e-01   3.8606987e-13   2.9478247e-01   1.0000000e+00   4.9696501e-03
   1.2633235e+05   4.1234158e+02   2.1364255e+01   3.2113911e-14   4.3370584e+02   1.0000000e+00   4.9584822e-03
   8.2151433e+04   9.4692153e+02   3.5232226e+01   2.6018332e-14   9.8215376e+02   1.0000000e+00   4.9462736e-03
   1.1347700e+05   5.3860217e+02   2.2383422e+01   3.0056850e-14   5.6098559e+02   1.0000000e+00   4.9446542e-03
   4.1713983e+05   2.1805945e+01   4.8224523e+00   6.9697265e-14   2.6628397e+01   1.0000000e+00   4.9361798e-03
   1.6800776e+06   1.2353821e+00   6.5936533e-01   1.7117083e-13   1.8947474e+00   1.0000000e+00   4.9351657e-03
   1.5237374e+05   2.5146574e+02   1.5623302e+01   3.6454142e-14   2.6708904e+02   1.0000000e+00   4.9346867e-03
   1.0774614e+05   4.7608781e+02   2.1077813e+01   3.1013588e-14   4.9716562e+02   1.0000000e+00   4.9289611e-03
   1.5572447e+06   8.8551123e-01   4.7365376e-01   1.9506933e-13   1.3591650e+00   1.0000000e+00   4.9118527e-03
   1.6217517e+06   1.4937741e+00   9.2880242e-01   1.5520669e-13   2.4225765e+00   1.0000000e+00   4.9090128e-03
   7.5678946e+05   1.0604471e+01   3.4753316e+00   8.4326519e-14   1.4079803e+01   1.0000000e+00   4.8807893e-03
   1.1193468e+05   5.1194499e+02   2.4087376e+01   3.0393166e-14   5.3603237e+02   1.0000000e+00   4.8732304e-03
   2.2137553e+06   4.2685527e-01   3.6695426e-01   2.4534376e-13   7.9380954e-01   1.0000000e+00   4.8731979e-03
   1.2432245e+05   3.8784309e+02   2.1761247e+01   3.2594599e-14   4.0960434e+02   1.0000000e+00   4.8623784e-03
   2.2926761e+06   2.1570288e-01   1.7369608e-01   3.3757397e-13   3.8939895e-01   1.0000000e+00   4.8623539e-03
   2.4388706e+05   9.4429036e+01   1.3319835e+01   4.6640552e-14   1.0774887e+02   1.0000000e+00   4.8574571e-03
   1.6720335e+05   2.0212931e+02   1.3932682e+01   3.8564562e-14   2.1606199e+02   1.0000000e+00   4.8571625e-03
   5.2964677e+05   1.2574090e+01   3.7278543e+00   8.1038091e-14   1.6301944e+01   1.0000000e+00   4.8512788e-03
   1.9337454e+05   1.6059328e+02   1.6551072e+01   4.0713599e-14   1.7714435e+02   1.0000000e+00   4.8384010e-03
   1.5004817e+05   2.9534624e+02   1.5011191e+01   3.5060373e-14   3.1035743e+02   1.0000000e+00   4.8372729e-03
   1.1965688e+05   4.1695394e+02   2.0815502e+01   3.2031170e-14   4.3776944e+02   1.0000000e+00   4.8357753e-03
   8.1532824e+04   9.4542229e+02   3.4725663e+01   2.6030965e-14   9.8014795e+02   1.0000000e+00   4.8273197e-03
   1.1933714e+05   4.3523860e+02   2.1827403e+01   3.1672277e-14   4.5706601e+02   1.0000000e+00   4.8174604e-03
   2.3241981e+05   1.4720127e+02   1.1709001e+01   4.2056454e-14   1.5891027e+02   1.0000000e+00   4.8017773e-03
   9.9616394e+04   5.6609055e+02   2.5032729e+01   2.9653714e-14   5.9112328e+02   1.0000000e+00   4.7909559e-03
   2.1697988e+06   1.0000000e-01   6.9010153e-02   5.0297166e-13   1.6901015e-01   1.0000000e+00   4.7879950e-03
   8.0932408e+04   9.8112520e+02   3.2435697e+01   2.5807157e-14   1.0135609e+03   1.0000000e+00   4.7796043e-03
   2.1707207e+06   3.4334928e-01   3.4419542e-01   2.6161138e-13   6.8754470e-01   1.0000000e+00   4.7747545e-03
   8.1813122e+04   1.0000000e+03   6.5346425e+01   2.5590178e-14   1.0653464e+03   1.0000000e+00   4.7637165e-03
   9.7822252e+05   6.4776568e+00   1.8534388e+00   1.0042955e-13   8.3310956e+00   1.0000000e+00   4.7583460e-03
   1.5692095e+05   2.5606884e+02   1.4502701e+01   3.6330882e-14   2.7057154e+02   1.0000000e+00   4.7565681e-03
   1.0325540e+06   1.0000000e-01   1.8671715e-02   6.8923469e-13   1.1867172e-01   1.0000000e+00   4.7391273e-03
   7.8389166e+04   1.0000000e+03   9.1185946e+01   2.5562266e-14   1.0911859e+03   1.0000000e+00   4.7344038e-03
   1.1966897e+05   4.2248290e+02   1.9868802e+01   3.1942400e-14   4.4235170e+02   1.0000000e+00   4.7266475e-03
   1.0809890e+05   5.0916967e+02   2.5715403e+01   3.0418056e-14   5.3488507e+02   1.0000000e+00   4.7183299e-03
   7.9849252e+04   9.5656164e+02   2.9554956e+01   2.5989174e-14   9.8611660e+02   1.0000000e+00   4.7166261e-03
   9.1194673e+04   7.9885856e+02   3.3686835e+01   2.7148107e-14   8.3254539e+02   1.0000000e+00   4.6930188e-03
   2.2471105e+05   1.1529040e+02   1.1704268e+01   4.4473772e-14   1.2699467e+02   1.0000000e+00   4.6891335e-03
   2.2134456e+06   4.2614100e-01   3.2953500e-01   2.5093115e-13   7.5567600e-01   1.0000000e+00   4.6782107e-03
   1.9405774e+05   1.6509738e+02   1.3261171e+01   4.0578236e-14   1.7835855e+02   1.0000000e+00   4.6479886e-03
   1.9611032e+05   1.7862762e+02   1.2693284e+01   3.9862983e-14   1.9132090e+02   1.0000000e+00   4.6469806e-03
   2.2922397e+06   2.1035320e-01   2.0450285e-01   3.2766861e-13   4.1485605e-01   1.0000000e+00   4.6464458e-03
   8.3279298e+04   9.6859284e+02   3.2328976e+01   2.5895882e-14   1.0009218e+03   1.0000000e+00   4.6417207e-03
   1.6048126e+05   2.4609130e+02   1.4529606e+01   3.6691084e-14   2.6062091e+02   1.0000000e+00   4.6313124e-03
   1.3643407e+05   2.9934926e+02   1.5790679e+01   3.4918499e-14   3.1513994e+02   1.0000000e+00   4.6271092e-03
   2.1714773e+06   3.5935918e-01   3.3973499e-01   2.5927904e-13   6.9909417e-01   1.0000000e+00   4.6269664e-03
   1.8254178e+06   1.0000000e-01   5.0801328e-02   5.4038704e-13   1.5080133e-01   1.0000000e+00   4.6212712e-03
   9.2457010e+04   7.8619246e+02   2.8996865e+01   2.7290931e-14   8.1518932e+02   1.0000000e+00   4.6192408e-03
   1.0287040e+05   6.1326499e+02   2.6004421e+01   2.9043217e-14   6.3926941e+02   1.0000000e+00   4.6045424e-03
   2.2164897e+06   1.0794190e-01   9.5540197e-02   4.5743588e-13   2.0348210e-01   1.0000000e+00   4.5961683e-03
   2.1657755e+06   1.0000000e-01   7.0306274e-02   5.0064942e-13   1.7030627e-01   1.0000000e+00   4.5960157e-03
   1.0142690e+05   6.6491131e+02   2.9785213e+01   2.8444031e-14   6.9469652e+02   1.0000000e+00   4.5820099e-03
   1.6465680e+05   2.4821520e+02   1.5475497e+01   3.6594096e-14   2.6369069e+02   1.0000000e+00   4.5752639e-03
   1.0940335e+05   5.6628483e+02   2.5219972e+01   2.9640276e-14   5.9150480e+02   1.0000000e+00   4.5640425e-03
   1.0925595e+05   5.3663333e+02   2.5202940e+01   3.0026913e-14   5.6183627e+02   1.0000000e+00   4.5472679e-03
   1.0909787e+05   5.6113852e+02   2.5186541e+01   2.9703783e-14   5.8632506e+02   1.0000000e+00   4.5462187e-03
   8.7239630e+04   7.7924721e+02   3.2487009e+01   2.7324534e-14   8.1173422e+02   1.0000000e+00   4.5420643e-03
   8.5016390e+05   4.5486989e+00   1.3793626e+00   1.1196933e-13   5.9280615e+00   1.0000000e+00   4.5343443e-03
   1.5101718e+05   2.9557193e+02   1.5096418e+01   3.5056021e-14   3.1066835e+02   1.0000000e+00   4.5305364e-03
   8.2035513e+04   9.5717064e+02   3.6084097e+01   2.5945308e-14   9.9325474e+02   1.0000000e+00   4.5227659e-03
   1.5572939e+06   1.0006748e-01   4.2790831e-02   5.6312297e-13   1.4285831e-01   1.0000000e+00   4.5175883e-03
   1.4536049e+05   3.4741187e+02   2.2037042e+01   3.3546839e-14   3.6944892e+02   1.0000000e+00   4.5094765e-03
   9.8725611e+05   1.0000000e-01   1.3859564e-02   7.4155633e-13   1.1385956e-01   1.0000000e+00   4.5056435e-03
   1.6330517e+06   1.0003382e-01   4.4950241e-02   5.5632707e-13   1.4498407e-01   1.0000000e+00   4.4939005e-03
   2.0078138e+06   2.8163129e-01   2.1472072e-01   3.0158341e-13   4.9635201e-01   1.0000000e+00   4.4882089e-03
   2.3337083e+06   1.1341761e-01   1.1297060e-01   4.3497314e-13   2.2638821e-01   1.0000000e+00   4.4867594e-03
   2.1965424e+06   3.8652171e-01   3.9392596e-01   2.4778476e-13   7.8044767e-01   1.0000000e+00   4.4859726e-03
   1.0615471e+06   1.0000000e-01   1.9506483e-02   6.8175859e-13   1.1950648e-01   1.0000000e+00   4.4701036e-03
   2.2617970e+06   1.8860707e-01   1.8396873e-01   3.4431833e-13   3.7257580e-01   1.0000000e+00   4.4569710e-03
   1.0364262e+06   2.4403132e+00   7.6292167e-01   1.4061618e-13   3.2032349e+00   1.0000000e+00   4.4525311e-03
   8.7068311e+04   7.7671437e+02   3.2598125e+01   2.7347424e-14   8.0931250e+02   1.0000000e+00   4.4459648e-03
   1.6952275e+06   1.0000000e-01   4.2476897e-02   5.6412860e-13   1.4247690e-01   1.0000000e+00   4.4457810e-03
   2.4574075e+05   1.1613188e+02   9.1708260e+00   4.4720535e-14   1.2530271e+02   1.0000000e+00   4.4398569e-03
   1.9604718e+05   1.0743106e+02   1.0070382e+01   4.5769028e-14   1.1750144e+02   1.0000000e+00   4.4353419e-03
   1.6662014e+06   1.0000000e-01   4.0158749e-02   5.7191438e-13   1.4015875e-01   1.0000000e+00   4.4175988e-03
   7.8389230e+04   1.0000000e+03   9.1249165e+01   2.5562219e-14   1.0912492e+03   1.0000000e+00   4.4166050e-03
   1.9536035e+05   1.7532419e+02   1.2330256e+01   4.0055765e-14   1.8765445e+02   1.0000000e+00   4.4031041e-03
   8.7949549e+04   8.4827121e+02   2.9859752e+01   2.6771820e-14   8.7813097e+02   1.0000000e+00   4.3873080e-03
   1.0627561e+05   5.7647894e+02   2.5030943e+01   2.9502868e-14   6.0150988e+02   1.0000000e+00   4.3717388e-03
   1.2739383e+05   3.7230257e+02   2.0604706e+01   3.2946051e-14   3.9290728e+02   1.0000000e+00   4.3667378e-03
   9.6532718e+04   7.3586645e+02   2.6659373e+01   2.7767850e-14   7.6252582e+02   1.0000000e+00   4.3638020e-03
   1.6524188e+05   2.2831257e+02   1.6313978e+01   3.7311414e-14   2.4462654e+02   1.0000000e+00   4.3554534e-03
   1.9992383e+06   2.9802775e-01   2.5392374e-01   2.8758414e-13   5.5195149e-01   1.0000000e+00   4.3413957e-03
   9.8508058e+04   6.7943795e+02   2.6592958e+01   2.8312304e-14   7.0603091e+02   1.0000000e+00   4.3082830e-03
   1.0202057e+05   6.1749573e+02   2.6267678e+01   2.8989974e-14   6.4376341e+02   1.0000000e+00   4.3061748e-03
   9.8030321e+04   6.1428206e+02   2.4503361e+01   2.9051160e-14   6.3878542e+02   1.0000000e+00   4.2965980e-03
   1.6748113e+06   1.0000000e-01   3.9385580e-02   5.7483605e-13   1.3938558e-01   1.0000000e+00   4.2887487e-03
   1.2513276e+05   4.1714390e+02   2.1739271e+01   3.2013838e-14   4.3888317e+02   1.0000000e+00   4.2802161e-03
   1.0794116e+06   1.0000000e-01   2.4975529e-02   6.4511365e-13   1.2497553e-01   1.0000000e+00   4.2632466e-03
   9.8617238e+04   6.5246522e+02   2.4284885e+01   2.8618203e-14   6.7675011e+02   1.0000000e+00   4.2626289e-03
   1.6501303e+06   1.0033386e-01   3.7774855e-02   5.8030280e-13   1.3810872e-01   1.0000000e+00   4.2538994e-03
   1.6567446e+05   1.9642791e+02   1.4364955e+01   3.8842668e-14   2.1079287e+02   1.0000000e+00   4.2528403e-03
   1.0914986e+06   1.0000000e-01   2.1202053e-02   6.6820394e-13   1.2120205e-01   1.0000000e+00   4.2487310e-03
   1.6748233e+06   1.0000000e-01   5.2327493e-02   5.3715837e-13   1.5232749e-01   1.0000000e+00   4.2474826e-03
   1.0178266e+06   1.0000000e-01   1.6956664e-02   7.0530476e-13   1.1695666e-01   1.0000000e+00   4.2428762e-03
   8.1603547e+04   1.0000000e+03   7.0038716e+01   2.5582815e-14   1.0700387e+03   1.0000000e+00   4.2363039e-03
   2.2840361e+06   1.6240544e-01   1.4530124e-01   3.7599341e-13   3.0770668e-01   1.0000000e+00   4.2358537e-03
   4.2794755e+05   2.1797335e+01   6.9301389e+00   6.8782171e-14   2.8727474e+01   1.0000000e+00   4.2306021e-03
