   8.3061872e+05   1.0000000e+03   1.0000000e+02   7.9891769e-15   1.1000000e+03   1.0000000e+00             Inf
   8.3062842e+05   1.0000000e-01   1.0000000e-02   7.9891769e-13   1.1000000e-01   1.0000000e+00             Inf
   2.0967205e+06   1.5495302e+02   1.0000000e+02   1.2708412e-14   2.5495302e+02   1.0000000e+00   1.9930454e-02
   2.1041287e+06   1.3643975e+02   9.9989892e+01   1.3131423e-14   2.3642964e+02   1.0000000e+00   1.7382571e-02
   1.3420528e+06   1.0000001e-01   2.5089984e-02   6.3431470e-13   1.2508999e-01   1.0000000e+00   1.5064952e-02
   1.4791839e+06   3.0972471e+02   1.0000000e+02   1.0697567e-14   4.0972471e+02   1.0000000e+00   1.3740501e-02
   2.7637436e+06   2.1813289e-01   2.1539713e-01   3.0458144e-13   4.3353002e-01   1.0000000e+00   1.3359501e-02
   1.4340041e+06   3.0020885e+02   9.9598137e+01   1.0799436e-14   3.9980698e+02   1.0000000e+00   1.3226251e-02
   9.6172463e+05   1.0005687e-01   1.3201522e-02   7.4505554e-13   1.1325839e-01   1.0000000e+00   1.2902340e-02
   2.8322658e+06   1.4065464e-01   1.5798295e-01   3.6692530e-13   2.9863759e-01   1.0000000e+00   1.2800142e-02
   2.2848423e+06   1.2666646e+02   1.0000000e+02   1.3362483e-14   2.2666646e+02   1.0000000e+00   1.2781980e-02
   1.0438798e+06   1.0000090e-01   1.5529469e-02   7.1540903e-13   1.1553037e-01   1.0000000e+00   1.2559371e-02
   2.2715677e+06   6.7718968e+01   5.3053577e+01   1.8310969e-14   1.2077255e+02   1.0000000e+00   1.2408961e-02
   1.0492562e+06   6.5213880e+02   1.0000000e+02   8.8879132e-15   7.5213880e+02   1.0000000e+00   1.2402736e-02
   2.3382851e+06   6.9405609e+01   7.3190414e+01   1.6867565e-14   1.4259602e+02   1.0000000e+00   1.2172494e-02
   1.3015338e+06   4.2288846e+02   1.0000000e+02   9.9002280e-15   5.2288846e+02   1.0000000e+00   1.2040997e-02
   2.9417506e+06   5.8287109e-01   6.9732182e-01   1.7741607e-13   1.2801929e+00   1.0000000e+00   1.1691403e-02
   2.8129677e+06   1.3278344e-01   1.5797969e-01   3.7221223e-13   2.9076314e-01   1.0000000e+00   1.1687831e-02
   2.9037995e+06   1.0363389e-01   1.1889725e-01   4.2526403e-13   2.2253114e-01   1.0000000e+00   1.1413129e-02
   2.2607462e+06   7.1208077e+01   6.2919280e+01   1.7355778e-14   1.3412736e+02   1.0000000e+00   1.1404748e-02
   1.3478123e+06   1.0000000e-01   2.8134761e-02   6.1644481e-13   1.2813476e-01   1.0000000e+00   1.1393165e-02
   9.1082559e+05   1.0000000e-01   1.2813616e-02   7.5093521e-13   1.1281362e-01   1.0000000e+00   1.1383933e-02
   2.7904562e+06   3.0997747e-01   3.1369755e-01   2.5391132e-13   6.2367502e-01   1.0000000e+00   1.1355604e-02
   2.6100400e+06   6.1332450e+01   5.0194421e+01   1.9069887e-14   1.1152687e+02   1.0000000e+00   1.1256442e-02
   1.0810514e+06   1.0000000e-01   1.6156395e-02   7.0842826e-13   1.1615640e-01   1.0000000e+00   1.1024909e-02
   1.4823245e+06   3.4177224e+02   9.9997053e+01   1.0443148e-14   4.4176929e+02   1.0000000e+00   1.0999147e-02
   2.8084773e+06   3.2709648e-01   3.2719228e-01   2.4799523e-13   6.5428876e-01   1.0000000e+00   1.0985491e-02
   1.3507528e+06   1.0000283e-01   2.6311430e-02   6.2672548e-13   1.2631426e-01   1.0000000e+00   1.0945590e-02
   3.0389326e+06   1.7391894e-01   2.5301037e-01   3.0926620e-13   4.2692931e-01   1.0000000e+00   1.0736462e-02
   2.2113683e+06   1.0213527e-01   7.5827420e-02   4.7791828e-13   1.7796269e-01   1.0000000e+00   1.0632259e-02
   1.0248225e+06   6.4445777e+02   9.9933193e+01   8.9149851e-15   7.4439096e+02   1.0000000e+00   1.0577313e-02
   9.4595076e+05   7.4163504e+02   1.0000000e+02   8.6076537e-15   8.4163504e+02   1.0000000e+00   1.0561136e-02
   1.5768708e+06   1.0000155e-01   3.9906357e-02   5.6485186e-13   1.3990791e-01   1.0000000e+00   1.0454851e-02
   3.0703016e+06   1.2597146e-01   1.5345061e-01   3.8015931e-13   2.7942207e-01   1.0000000e+00   1.0343008e-02
   2.9446798e+06   8.9890213e-01   1.0490189e+00   1.4379030e-13   1.9479210e+00   1.0000000e+00   1.0336643e-02
   2.8801640e+06   1.8708501e+00   1.9442270e+00   1.0272578e-13   3.8150771e+00   1.0000000e+00   1.0212230e-02
   9.5049405e+05   1.0000000e-01   1.3521692e-02   7.4073089e-13   1.1352169e-01   1.0000000e+00   1.0196925e-02
   9.1802990e+05   1.0000000e-01   1.2593550e-02   7.5405894e-13   1.1259355e-01   1.0000000e+00   1.0190715e-02
   1.0526219e+06   1.0000091e-01   1.5284891e-02   7.1836120e-13   1.1528580e-01   1.0000000e+00   1.0116467e-02
   2.0339134e+06   2.0636016e+02   1.0000000e+02   1.1868163e-14   3.0636016e+02   1.0000000e+00   1.0088414e-02
   2.5377220e+06   2.0282640e+01   1.7448907e+01   3.2688809e-14   3.7731547e+01   1.0000000e+00   1.0072662e-02
   1.3607079e+06   1.0000000e-01   2.4462606e-02   6.3863945e-13   1.2446261e-01   1.0000000e+00   1.0060697e-02
   2.6945842e+06   2.2048301e-01   2.2950563e-01   2.9871637e-13   4.4998864e-01   1.0000000e+00   9.9982678e-03
   8.9878410e+05   8.9870681e+02   1.0000000e+02   8.2059524e-15   9.9870681e+02   1.0000000e+00   9.9780797e-03
   2.7891201e+06   1.3309911e-01   1.7695252e-01   3.6210211e-13   3.1005163e-01   1.0000000e+00   9.9248455e-03
   9.3098936e+05   1.0001068e-01   1.3823716e-02   7.3699092e-13   1.1383439e-01   1.0000000e+00   9.9232039e-03
   8.3093944e+05   9.8480619e+02   1.0000000e+02   8.0198186e-15   1.0848062e+03   1.0000000e+00   9.8915595e-03
   2.8661627e+06   4.2774626e-01   4.4084794e-01   2.1527934e-13   8.6859420e-01   1.0000000e+00   9.8888879e-03
   1.6290955e+06   2.7309213e+02   9.9182341e+01   1.1062820e-14   3.7227447e+02   1.0000000e+00   9.7562670e-03
   2.3408755e+06   7.2110421e+01   7.4390761e+01   1.6626197e-14   1.4650118e+02   1.0000000e+00   9.6982136e-03
   1.1698729e+06   4.9993951e+02   1.0000000e+02   9.4952677e-15   5.9993951e+02   1.0000000e+00   9.5851515e-03
   3.0460522e+06   7.4100595e+00   5.2881958e+00   5.8082916e-14   1.2698255e+01   1.0000000e+00   9.5591679e-03
   1.0973539e+06   5.7936285e+02   9.9167854e+01   9.1722990e-15   6.7853070e+02   1.0000000e+00   9.5337337e-03
   1.7717752e+06   2.2957884e+02   1.0000000e+02   1.1526188e-14   3.2957884e+02   1.0000000e+00   9.5109704e-03
   8.4109278e+05   1.0000200e-01   1.0658829e-02   7.8630321e-13   1.1066083e-01   1.0000000e+00   9.4624493e-03
   3.0285629e+06   3.1359711e-01   3.5699435e-01   2.4525632e-13   6.7059146e-01   1.0000000e+00   9.4469864e-03
   1.8388963e+06   1.0000000e-01   5.7621996e-02   5.1555430e-13   1.5762200e-01   1.0000000e+00   9.4209007e-03
   8.4707892e+05   9.5449116e+02   1.0000000e+02   8.0824605e-15   1.0544912e+03   1.0000000e+00   9.3794583e-03
   2.3773002e+06   7.4358336e+01   7.8104463e+01   1.6292149e-14   1.5246280e+02   1.0000000e+00   9.3400906e-03
   2.5911661e+06   4.9870592e+01   4.8297784e+01   2.0226079e-14   9.8168376e+01   1.0000000e+00   9.3186291e-03
   8.6728542e+05   9.1890692e+02   1.0000000e+02   8.1593097e-15   1.0189069e+03   1.0000000e+00   9.2703701e-03
   1.7251312e+06   1.0000000e-01   4.1005438e-02   5.6073620e-13   1.4100544e-01   1.0000000e+00   9.2510698e-03
   3.1887082e+06   1.3115813e+00   1.2244599e+00   1.2751937e-13   2.5360412e+00   1.0000000e+00   9.2297660e-03
   2.8175699e+06   3.1856658e-01   3.7741713e-01   2.4055332e-13   6.9598371e-01   1.0000000e+00   9.2102991e-03
   8.9608569e+05   8.7547878e+02   9.9998552e+01   8.2585368e-15   9.7547734e+02   1.0000000e+00   9.1885257e-03
   2.1041287e+06   1.3638892e+02   1.0000000e+02   1.3132408e-14   2.3638892e+02   1.0000000e+00   9.1620182e-03
   9.0988795e+05   8.8451504e+02   1.0000000e+02   8.2390524e-15   9.8451504e+02   1.0000000e+00   9.1428297e-03
   8.9336772e+05   8.0964035e+02   1.0000000e+02   8.4230228e-15   9.0964035e+02   1.0000000e+00   9.1311340e-03
   3.0528675e+06   2.6711468e-01   2.3620118e-01   2.8594444e-13   5.0331586e-01   1.0000000e+00   9.1227537e-03
   8.2578431e+05   9.9306961e+02   1.0000000e+02   8.0032067e-15   1.0930696e+03   1.0000000e+00   9.1190203e-03
   8.6760334e+05   9.3919019e+02   1.0000000e+02   8.1153443e-15   1.0391902e+03   1.0000000e+00   9.1131404e-03
   2.4495082e+06   1.8777332e-01   1.8637030e-01   3.2795296e-13   3.7414362e-01   1.0000000e+00   9.0808284e-03
   3.0606848e+06   5.8565538e-01   8.4385202e-01   1.6890469e-13   1.4295074e+00   1.0000000e+00   9.0728335e-03
   1.4224808e+06   3.1472485e+02   1.0000000e+02   1.0659087e-14   4.1472485e+02   1.0000000e+00   9.0495197e-03
   2.9302978e+06   7.9714475e-01   1.0589282e+00   1.4777846e-13   1.8560730e+00   1.0000000e+00   9.0181949e-03
   2.3845208e+06   1.0104650e-01   7.9432312e-02   4.7362694e-13   1.8047881e-01   1.0000000e+00   8.9836017e-03
   3.0282291e+06   3.5266828e-01   3.6205651e-01   2.3800337e-13   7.1472480e-01   1.0000000e+00   8.9780813e-03
   1.8447655e+06   1.0000000e-01   5.9544127e-02   5.1161562e-13   1.5954413e-01   1.0000000e+00   8.9685781e-03
   2.6913892e+06   1.2033080e-01   1.3409120e-01   3.9755525e-13   2.5442201e-01   1.0000000e+00   8.9576466e-03
   1.4326478e+06   3.3489396e+02   1.0000000e+02   1.0491342e-14   4.3489396e+02   1.0000000e+00   8.9389389e-03
   1.5483399e+06   3.2757230e+02   1.0000000e+02   1.0560289e-14   4.2757230e+02   1.0000000e+00   8.9361725e-03
   2.5755937e+06   1.5317374e+01   1.6838801e+01   3.5389408e-14   3.2156175e+01   1.0000000e+00   8.9101620e-03
   8.9900451e+05   8.6135512e+02   9.9999717e+01   8.2919049e-15   9.6135484e+02   1.0000000e+00   8.9071168e-03
   8.8080121e+05   9.3597503e+02   1.0000000e+02   8.1233080e-15   1.0359750e+03   1.0000000e+00   8.8996512e-03
   1.6745424e+06   1.0000000e-01   4.7551430e-02   5.4100308e-13   1.4755143e-01   1.0000000e+00   8.8687056e-03
   1.7058550e+06   1.0000000e-01   4.4181198e-02   5.5031201e-13   1.4418120e-01   1.0000000e+00   8.8512946e-03
   1.0375871e+06   7.2770909e+02   1.0000000e+02   8.6563192e-15   8.2770909e+02   1.0000000e+00   8.8058715e-03
   1.0279385e+06   1.0000091e-01   1.6322668e-02   7.0668969e-13   1.1632358e-01   1.0000000e+00   8.7944572e-03
   1.7511831e+06   1.0000000e-01   3.8835741e-02   5.6900368e-13   1.3883574e-01   1.0000000e+00   8.7345759e-03
   2.6886368e+06   4.1404026e+01   3.8675183e+01   2.2419202e-14   8.0079209e+01   1.0000000e+00   8.7322031e-03
   2.8387559e+06   6.9634614e-01   8.3046397e-01   1.6242883e-13   1.5268101e+00   1.0000000e+00   8.6972458e-03
   9.2782698e+05   1.0000002e-01   1.2268257e-02   7.5899494e-13   1.1226827e-01   1.0000000e+00   8.6884171e-03
   8.9716370e+05   8.2985751e+02   1.0000000e+02   8.3697245e-15   9.2985751e+02   1.0000000e+00   8.6675970e-03
   9.7493862e+05   7.6672420e+02   1.0000000e+02   8.5373984e-15   8.6672420e+02   1.0000000e+00   8.6041247e-03
   2.9927549e+06   8.7525592e-01   9.0210822e-01   1.5080040e-13   1.7773641e+00   1.0000000e+00   8.5982613e-03
   1.2038940e+06   4.9330650e+02   1.0000000e+02   9.5276198e-15   5.9330650e+02   1.0000000e+00   8.5669701e-03
   3.0929505e+06   1.0043876e-01   1.2756840e-01   4.2114319e-13   2.2800715e-01   1.0000000e+00   8.5144109e-03
   1.1382620e+06   5.3423752e+02   1.0000000e+02   9.3396106e-15   6.3423752e+02   1.0000000e+00   8.4789265e-03
   2.2406133e+06   1.0184164e-01   7.3457190e-02   4.8203257e-13   1.7529883e-01   1.0000000e+00   8.4644647e-03
   2.7820727e+06   1.5008344e-01   1.6722480e-01   3.5590679e-13   3.1730824e-01   1.0000000e+00   8.4632900e-03
   1.7260091e+06   1.0000000e-01   4.3256735e-02   5.5316858e-13   1.4325674e-01   1.0000000e+00   8.4541269e-03
   2.9319200e+06   5.5973697e+00   5.2311670e+00   6.1232007e-14   1.0828537e+01   1.0000000e+00   8.4426221e-03
   1.7935029e+06   2.2184013e+02   1.0000000e+02   1.1624363e-14   3.2184013e+02   1.0000000e+00   8.4355311e-03
   3.0517586e+06   4.0957630e-01   5.5753021e-01   2.0484414e-13   9.6710650e-01   1.0000000e+00   8.4182227e-03
   2.5398743e+06   3.1905092e+01   1.8669071e+01   2.9099185e-14   5.0574162e+01   1.0000000e+00   8.4108906e-03
   8.5795076e+05   9.1301384e+02   1.0000000e+02   8.1727508e-15   1.0130138e+03   1.0000000e+00   8.3965354e-03
   1.8161097e+06   4.0844925e+00   2.9291517e+00   7.7011926e-14   7.0136442e+00   1.0000000e+00   8.3766373e-03
   1.1251720e+06   1.0000715e-01   1.9632454e-02   6.7470672e-13   1.1963961e-01   1.0000000e+00   8.3635087e-03
   1.4161738e+06   1.0000231e-01   3.0328592e-02   6.0483044e-13   1.3033090e-01   1.0000000e+00   8.3625017e-03
   8.9869796e+05   8.5225403e+02   1.0000000e+02   8.3138335e-15   9.5225403e+02   1.0000000e+00   8.3280458e-03
   2.8550654e+06   1.8923421e-01   1.7710043e-01   3.3231451e-13   3.6633464e-01   1.0000000e+00   8.3231025e-03
   2.0204024e+06   1.0000000e-01   6.0496025e-02   5.0846286e-13   1.6049603e-01   1.0000000e+00   8.3037817e-03
   2.7004175e+06   1.5459007e-01   1.8255143e-01   3.4585347e-13   3.3714151e-01   1.0000000e+00   8.2830231e-03
   3.0117393e+06   6.0519499e-01   8.8024929e-01   1.6583219e-13   1.4854443e+00   1.0000000e+00   8.2761348e-03
   2.9842190e+06   2.6374806e-01   2.4651200e-01   2.8245523e-13   5.1026006e-01   1.0000000e+00   8.2742033e-03
   1.5756651e+06   2.6835053e+02   9.9998936e+01   1.1086844e-14   3.6834946e+02   1.0000000e+00   8.2550972e-03
   8.7948915e+05   8.8197158e+02   9.9833606e+01   8.2466280e-15   9.8180518e+02   1.0000000e+00   8.2415471e-03
   1.0995503e+06   5.8388568e+02   1.0000000e+02   9.1354584e-15   6.8388568e+02   1.0000000e+00   8.2394122e-03
   1.3092483e+06   4.1659627e+02   1.0000000e+02   9.9371086e-15   5.1659627e+02   1.0000000e+00   8.2332410e-03
   1.8046730e+06   1.0000000e-01   4.5520354e-02   5.4616947e-13   1.4552035e-01   1.0000000e+00   8.2305706e-03
   2.7556230e+06   4.4047005e+00   3.7143822e+00   7.0783259e-14   8.1190827e+00   1.0000000e+00   8.1798758e-03
   2.6796316e+06   4.0995647e+01   3.5491303e+01   2.2995506e-14   7.6486950e+01   1.0000000e+00   8.1731961e-03
   1.2943198e+06   4.2973415e+02   1.0000000e+02   9.8609658e-15   5.2973415e+02   1.0000000e+00   8.1591382e-03
   8.7281636e+05   9.2943102e+02   1.0000000e+02   8.1365318e-15   1.0294310e+03   1.0000000e+00   8.1290416e-03
   2.8805176e+06   3.9890831e-01   4.3032243e-01   2.2025355e-13   8.2923074e-01   1.0000000e+00   8.1286685e-03
   1.2642689e+06   1.0000000e-01   2.7759638e-02   6.1962272e-13   1.2775964e-01   1.0000000e+00   8.1264231e-03
   2.9923315e+06   2.6950129e-01   2.9090014e-01   2.6829613e-13   5.6040143e-01   1.0000000e+00   8.0940689e-03
   1.3064176e+06   1.0000000e-01   2.2399845e-02   6.5297005e-13   1.2239985e-01   1.0000000e+00   8.0764609e-03
   2.0825177e+06   1.0124764e-01   6.5094108e-02   4.9764721e-13   1.6634175e-01   1.0000000e+00   8.0525652e-03
   2.6045194e+06   2.3237803e+01   1.8656525e+01   3.1142252e-14   4.1894328e+01   1.0000000e+00   8.0419874e-03
   2.7083450e+06   9.4013601e+01   9.8456883e+01   1.4444083e-14   1.9247048e+02   1.0000000e+00   8.0274900e-03
   2.9442006e+06   7.4098036e-01   9.5378055e-01   1.5446307e-13   1.6947609e+00   1.0000000e+00   8.0249297e-03
   1.0755202e+06   1.0001502e-01   1.7930834e-02   6.9021660e-13   1.1794586e-01   1.0000000e+00   7.9952889e-03
   1.5560342e+06   2.8812216e+02   1.0000000e+02   1.0891655e-14   3.8812216e+02   1.0000000e+00   7.9482184e-03
   9.3053407e+05   7.7219478e+02   1.0000000e+02   8.5212159e-15   8.7219478e+02   1.0000000e+00   7.9433287e-03
   2.9512632e+06   2.3883570e+00   2.9933396e+00   8.6612847e-14   5.3816966e+00   1.0000000e+00   7.8994098e-03
   2.1563154e+06   1.7241911e+02   9.9999931e+01   1.2392795e-14   2.7241904e+02   1.0000000e+00   7.8921429e-03
   1.3034283e+06   4.0752137e+02   1.0000000e+02   9.9910178e-15   5.0752137e+02   1.0000000e+00   7.8856054e-03
   1.4102621e+06   1.0000262e-01   2.9188739e-02   6.1061257e-13   1.2919136e-01   1.0000000e+00   7.8571624e-03
   2.8140779e+06   1.2477652e-01   1.3414838e-01   3.9396548e-13   2.5892490e-01   1.0000000e+00   7.8546828e-03
   9.2480943e+05   1.0000002e-01   1.2144736e-02   7.6093053e-13   1.1214476e-01   1.0000000e+00   7.8419030e-03
   2.8197913e+06   1.5627832e-01   1.5591686e-01   3.5908520e-13   3.1219518e-01   1.0000000e+00   7.8395592e-03
   2.8509543e+06   2.2042872e-01   3.0089234e-01   2.7941308e-13   5.2132106e-01   1.0000000e+00   7.8390108e-03
   2.7811379e+06   7.5346639e+00   1.1143881e+01   4.6997218e-14   1.8678545e+01   1.0000000e+00   7.8234427e-03
   2.9513058e+06   1.0399808e+00   1.2515274e+00   1.3262474e-13   2.2915082e+00   1.0000000e+00   7.8106228e-03
   2.7850606e+06   1.6567199e-01   1.8158158e-01   3.4016821e-13   3.4725356e-01   1.0000000e+00   7.8019909e-03
   8.4075557e+05   9.4765968e+02   1.0000000e+02   8.0973525e-15   1.0476597e+03   1.0000000e+00   7.7730377e-03
   1.8915627e+06   1.8975468e+02   1.0000000e+02   1.2084234e-14   2.8975468e+02   1.0000000e+00   7.7699369e-03
   1.2910531e+06   1.0000000e-01   2.2995983e-02   6.4837842e-13   1.2299598e-01   1.0000000e+00   7.7459645e-03
   2.8788114e+06   2.3684663e-01   3.1361964e-01   2.7141974e-13   5.5046627e-01   1.0000000e+00   7.7431337e-03
   8.6268882e+05   1.0000000e-01   1.1663934e-02   7.6895402e-13   1.1166393e-01   1.0000000e+00   7.7346085e-03
   8.4179472e+05   9.4596746e+02   9.9999920e+01   8.1009406e-15   1.0459674e+03   1.0000000e+00   7.7230548e-03
   1.3530570e+06   1.0000256e-01   2.3920214e-02   6.4232801e-13   1.2392278e-01   1.0000000e+00   7.7224856e-03
   1.4944090e+06   1.0002767e-01   3.1735774e-02   5.9789119e-13   1.3176345e-01   1.0000000e+00   7.7096240e-03
   1.5193782e+06   1.0000000e-01   3.4121982e-02   5.8714468e-13   1.3412198e-01   1.0000000e+00   7.6996336e-03
   2.7651235e+06   1.0000031e-01   1.0473524e-01   4.4295084e-13   2.0473556e-01   1.0000000e+00   7.6696970e-03
   9.6013203e+05   7.4925528e+02   1.0000000e+02   8.5849491e-15   8.4925528e+02   1.0000000e+00   7.6523410e-03
   1.8723028e+06   1.0000000e-01   5.3313066e-02   5.2493839e-13   1.5331307e-01   1.0000000e+00   7.6339914e-03
   1.3646340e+06   1.0000281e-01   2.6965792e-02   6.2287139e-13   1.2696860e-01   1.0000000e+00   7.6324567e-03
   2.9882854e+06   5.4371657e-01   6.7312298e-01   1.8211322e-13   1.2168395e+00   1.0000000e+00   7.6242050e-03
   1.1429361e+06   5.2699021e+02   1.0000000e+02   9.3714325e-15   6.2699021e+02   1.0000000e+00   7.5569795e-03
   1.7898113e+06   1.0000000e-01   5.6234478e-02   5.1906450e-13   1.5623448e-01   1.0000000e+00   7.4964415e-03
   8.6404684e+05   1.0000000e-01   1.0173130e-02   7.9567490e-13   1.1017313e-01   1.0000000e+00   7.4825353e-03
   9.1246064e+05   8.7172921e+02   1.0000000e+02   8.2684882e-15   9.7172921e+02   1.0000000e+00   7.4789433e-03
   1.3697975e+06   3.6682855e+02   1.0000000e+02   1.0256144e-14   4.6682855e+02   1.0000000e+00   7.4687383e-03
   8.4549337e+05   9.2318865e+02   9.9991385e+01   8.1510419e-15   1.0231800e+03   1.0000000e+00   7.4344894e-03
   1.0764907e+06   1.0000000e-01   1.6794991e-02   7.0147294e-13   1.1679499e-01   1.0000000e+00   7.4306544e-03
   1.1872091e+06   4.6864113e+02   9.9976742e+01   9.6510344e-15   5.6861787e+02   1.0000000e+00   7.4222316e-03
   8.9745661e+05   8.9182590e+02   1.0000000e+02   8.2211824e-15   9.9182590e+02   1.0000000e+00   7.4060324e-03
   2.3962840e+06   1.0106216e-01   8.1299792e-02   4.7081605e-13   1.8236195e-01   1.0000000e+00   7.4050289e-03
   2.8079364e+06   1.5582442e-01   1.7422883e-01   3.4899106e-13   3.3005324e-01   1.0000000e+00   7.3937157e-03
   1.5863519e+06   1.0000000e-01   3.6544733e-02   5.7710229e-13   1.3654473e-01   1.0000000e+00   7.3864625e-03
   3.0721760e+06   3.9952521e-01   5.1698931e-01   2.1010841e-13   9.1651452e-01   1.0000000e+00   7.3859387e-03
   2.6960013e+06   3.7611418e+01   3.5038389e+01   2.3541148e-14   7.2649806e+01   1.0000000e+00   7.3638880e-03
   1.0422533e+06   6.5812442e+02   9.9847015e+01   8.8709985e-15   7.5797143e+02   1.0000000e+00   7.3465021e-03
   1.5163097e+06   1.0000249e-01   2.9376584e-02   6.1023125e-13   1.2937907e-01   1.0000000e+00   7.3115900e-03
   2.0128825e+06   1.9525262e+02   1.0000000e+02   1.2012579e-14   2.9525262e+02   1.0000000e+00   7.3063083e-03
   1.7797037e+06   3.7268987e+00   2.8786354e+00   7.9651291e-14   6.6055341e+00   1.0000000e+00   7.3051613e-03
   2.7345496e+06   2.8016284e+01   3.8369576e+01   2.4815152e-14   6.6385860e+01   1.0000000e+00   7.2634274e-03
   2.8660582e+06   2.5385302e+00   2.4368365e+00   9.0108842e-14   4.9753667e+00   1.0000000e+00   7.2508867e-03
   2.3694262e+06   1.0000009e-01   7.3415892e-02   4.8460979e-13   1.7341598e-01   1.0000000e+00   7.2420461e-03
   1.4151146e+06   1.0060542e-01   3.0902765e-02   6.0114179e-13   1.3150818e-01   1.0000000e+00   7.2416510e-03
   2.9244467e+06   8.0966645e+00   7.7513489e+00   5.0553779e-14   1.5848013e+01   1.0000000e+00   7.2359183e-03
   1.7411797e+06   1.0000000e-01   3.6133285e-02   5.8013299e-13   1.3613329e-01   1.0000000e+00   7.2204890e-03
   1.7933542e+06   2.3568927e+02   1.0000000e+02   1.1456101e-14   3.3568927e+02   1.0000000e+00   7.2150382e-03
   1.2101825e+06   5.1471460e+02   1.0000000e+02   9.4312276e-15   6.1471460e+02   1.0000000e+00   7.2108197e-03
   3.0561212e+06   4.7609931e-01   5.6920085e-01   1.9649992e-13   1.0453002e+00   1.0000000e+00   7.2086100e-03
   9.4377295e+05   1.0000004e-01   1.1895633e-02   7.6519706e-13   1.1189567e-01   1.0000000e+00   7.1992862e-03
   2.6244189e+06   5.1004836e+01   5.0419858e+01   1.9896998e-14   1.0142469e+02   1.0000000e+00   7.1982892e-03
   2.7187935e+06   1.5590070e-01   1.8839167e-01   3.4245002e-13   3.4429237e-01   1.0000000e+00   7.1972847e-03
   9.2290937e+05   8.2103936e+02   1.0000000e+02   8.3915760e-15   9.2103936e+02   1.0000000e+00   7.1713700e-03
   2.9296883e+06   1.7684297e-01   1.7997307e-01   3.3628820e-13   3.5681604e-01   1.0000000e+00   7.1455320e-03
   2.5672441e+06   4.0537223e+01   4.6940249e+01   2.1496920e-14   8.7477471e+01   1.0000000e+00   7.1279953e-03
   2.7459708e+06   2.4589859e+01   3.8516031e+01   2.5726296e-14   6.3105891e+01   1.0000000e+00   7.1047805e-03
   2.8324675e+06   1.3348429e-01   1.3810970e-01   3.8482119e-13   2.7159399e-01   1.0000000e+00   7.0961972e-03
   2.6810595e+06   1.0220173e-01   9.8262168e-02   4.4778845e-13   2.0046390e-01   1.0000000e+00   7.0906362e-03
   1.7668682e+06   2.5258056e+02   1.0000000e+02   1.1266850e-14   3.5258056e+02   1.0000000e+00   7.0869288e-03
   8.6921863e+05   7.9640672e+02   1.0000000e+02   8.4653074e-15   8.9640672e+02   1.0000000e+00   7.0834263e-03
   2.4012508e+06   7.7884259e+01   8.1397078e+01   1.5927465e-14   1.5928134e+02   1.0000000e+00   7.0654891e-03
   9.4007927e+05   7.3768796e+02   1.0000000e+02   8.6200212e-15   8.3768796e+02   1.0000000e+00   7.0633532e-03
   2.8500841e+06   1.1971246e-01   1.2429731e-01   4.0604861e-13   2.4400977e-01   1.0000000e+00   7.0631930e-03
   2.3146542e+06   1.0327107e-01   9.1933064e-02   4.5453323e-13   1.9520413e-01   1.0000000e+00   7.0598241e-03
   1.4102898e+06   3.6189894e+02   1.0000000e+02   1.0291897e-14   4.6189894e+02   1.0000000e+00   7.0422676e-03
   1.0782959e+06   6.1356983e+02   1.0000000e+02   9.0236490e-15   7.1356983e+02   1.0000000e+00   7.0278524e-03
   3.0388908e+06   1.0045132e-01   1.1756473e-01   4.3016298e-13   2.1801605e-01   1.0000000e+00   7.0233238e-03
   2.7174071e+06   1.0274272e+02   1.0000000e+02   1.4081756e-14   2.0274272e+02   1.0000000e+00   7.0014852e-03
   8.9112257e+05   8.1543198e+02   1.0000000e+02   8.4079360e-15   9.1543198e+02   1.0000000e+00   6.9757070e-03
   1.8306248e+06   1.0000000e-01   5.1909482e-02   5.2854016e-13   1.5190948e-01   1.0000000e+00   6.9665921e-03
   1.9271750e+06   1.0000000e-01   6.2476046e-02   5.0505003e-13   1.6247605e-01   1.0000000e+00   6.9585690e-03
   1.1345959e+06   5.4681108e+02   1.0000000e+02   9.2858821e-15   6.4681108e+02   1.0000000e+00   6.9529520e-03
   1.7929079e+06   2.1316769e+02   9.9999624e+01   1.1739451e-14   3.1316731e+02   1.0000000e+00   6.9375456e-03
   8.1505350e+05   1.0000000e-01   1.1269074e-02   7.7652985e-13   1.1126907e-01   1.0000000e+00   6.9322906e-03
   8.0725096e+05   1.0000000e-01   1.1136902e-02   7.7894790e-13   1.1113690e-01   1.0000000e+00   6.9173579e-03
   2.7978892e+06   8.7192436e+01   9.3791448e+01   1.4900057e-14   1.8098388e+02   1.0000000e+00   6.9124776e-03
   2.8759032e+06   5.9538541e+00   7.2037724e+00   5.5346232e-14   1.3157626e+01   1.0000000e+00   6.9049893e-03
   1.1681173e+06   5.6010772e+02   1.0000000e+02   9.2362961e-15   6.6010772e+02   1.0000000e+00   6.9022683e-03
   2.3012774e+06   1.0000000e-01   9.1593265e-02   4.5896977e-13   1.9159326e-01   1.0000000e+00   6.8593799e-03
   2.9412925e+06   1.8849888e-01   2.2252143e-01   3.1305703e-13   4.1102031e-01   1.0000000e+00   6.8528444e-03
   1.0038361e+06   6.9316773e+02   1.0000000e+02   8.7530607e-15   7.9316773e+02   1.0000000e+00   6.8317907e-03
   2.2449158e+06   1.0000003e-01   7.1371725e-02   4.8775769e-13   1.7137176e-01   1.0000000e+00   6.8269430e-03
   2.4370187e+06   8.8556361e+01   7.5863911e+01   1.5654235e-14   1.6442027e+02   1.0000000e+00   6.8158400e-03
   1.0989377e+06   6.0516209e+02   1.0000000e+02   9.0559597e-15   7.0516209e+02   1.0000000e+00   6.8152679e-03
   3.0539486e+06   3.5395746e+00   2.7036356e+00   8.2235769e-14   6.2432102e+00   1.0000000e+00   6.8045753e-03
   1.8084091e+06   1.0000000e-01   5.0006594e-02   5.3347242e-13   1.5000659e-01   1.0000000e+00   6.8034861e-03
   1.0146566e+06   6.8408832e+02   9.9935120e+01   8.7834520e-15   7.8402344e+02   1.0000000e+00   6.7765838e-03
   1.7303824e+06   1.0000000e-01   3.7463277e-02   5.7429178e-13   1.3746328e-01   1.0000000e+00   6.7571577e-03
   1.4762841e+06   3.3291268e+02   9.9147942e+01   1.0531723e-14   4.3206062e+02   1.0000000e+00   6.7438902e-03
   1.2250719e+06   4.0268188e+02   9.9274093e+01   1.0048973e-14   5.0195597e+02   1.0000000e+00   6.7422898e-03
   2.2938964e+06   6.7979102e+01   5.5800700e+01   1.8066342e-14   1.2377980e+02   1.0000000e+00   6.7379753e-03
   3.0592882e+06   4.4972693e-01   5.5951083e-01   2.0006162e-13   1.0092378e+00   1.0000000e+00   6.7327097e-03
   2.0488605e+06   1.0000000e-01   6.4395608e-02   5.0062483e-13   1.6439561e-01   1.0000000e+00   6.7213652e-03
   3.0741067e+06   4.1966375e-01   5.2645504e-01   2.0667445e-13   9.4611880e-01   1.0000000e+00   6.7017958e-03
   2.5542589e+06   2.5976908e+01   1.9483230e+01   2.9987093e-14   4.5460138e+01   1.0000000e+00   6.6960423e-03
   1.6842121e+06   1.0000000e-01   3.7982794e-02   5.7175890e-13   1.3798279e-01   1.0000000e+00   6.6871905e-03
   2.7909887e+06   3.0639560e-01   3.0311357e-01   2.5694450e-13   6.0950917e-01   1.0000000e+00   6.6820869e-03
   1.1526585e+06   1.0000000e-01   1.8217329e-02   6.8744141e-13   1.1821733e-01   1.0000000e+00   6.6808097e-03
   2.8382821e+06   7.2166877e-01   8.7210709e-01   1.5903119e-13   1.5937759e+00   1.0000000e+00   6.6649174e-03
   3.1403562e+06   1.3167453e+00   1.6983945e+00   1.1588303e-13   3.0151397e+00   1.0000000e+00   6.6634872e-03
   1.6004779e+06   2.9349551e+02   9.9998972e+01   1.0846635e-14   3.9349448e+02   1.0000000e+00   6.6597854e-03
   1.1415000e+06   5.2992996e+02   1.0000000e+02   9.3584552e-15   6.2992996e+02   1.0000000e+00   6.6293625e-03
   2.9534317e+06   2.4208149e+00   2.0726270e+00   9.5595445e-14   4.4934419e+00   1.0000000e+00   6.5879023e-03
   2.8493605e+06   3.8158606e-01   5.1968438e-01   2.1248395e-13   9.0127044e-01   1.0000000e+00   6.5813735e-03
   1.3172873e+06   1.0000000e-01   2.1824346e-02   6.5767199e-13   1.2182435e-01   1.0000000e+00   6.5746051e-03
   8.6248895e+05   8.3706073e+02   9.9936364e+01   8.3579373e-15   9.3699710e+02   1.0000000e+00   6.5741365e-03
   1.2389020e+06   5.0881915e+02   1.0000000e+02   9.4627744e-15   6.0881915e+02   1.0000000e+00   6.5662763e-03
   3.0031737e+06   2.9686350e-01   2.9919456e-01   2.6063420e-13   5.9605806e-01   1.0000000e+00   6.5608955e-03
   1.0076327e+06   1.0004307e-01   1.4849118e-02   7.2340998e-13   1.1489219e-01   1.0000000e+00   6.5570573e-03
   2.8500541e+06   2.7731455e-01   2.1581203e-01   2.8965835e-13   4.9312658e-01   1.0000000e+00   6.5563746e-03
   1.7965314e+06   1.0000000e-01   4.8773994e-02   5.3679101e-13   1.4877399e-01   1.0000000e+00   6.5463264e-03
   1.1394660e+06   1.0000000e-01   1.8639553e-02   6.8337237e-13   1.1863955e-01   1.0000000e+00   6.5459944e-03
   1.7690596e+06   1.0000000e-01   4.6303358e-02   5.4380374e-13   1.4630336e-01   1.0000000e+00   6.5339077e-03
   2.6259792e+06   1.0000025e-01   1.0880962e-01   4.3882822e-13   2.0880986e-01   1.0000000e+00   6.5311661e-03
   1.1973638e+06   4.7584033e+02   9.9861972e+01   9.6161642e-15   5.7570231e+02   1.0000000e+00   6.5034060e-03
   3.0758473e+06   1.0578867e-01   1.2470907e-01   4.1853547e-13   2.3049774e-01   1.0000000e+00   6.4626848e-03
   1.0659944e+06   5.4404243e+02   1.0000000e+02   9.3044103e-15   6.4404243e+02   1.0000000e+00   6.4321050e-03
   2.5891011e+06   5.0144131e+01   4.2418239e+01   2.0894490e-14   9.2562370e+01   1.0000000e+00   6.3909784e-03
   1.1209299e+06   1.0000000e-01   1.9105981e-02   6.7924101e-13   1.1910598e-01   1.0000000e+00   6.3844467e-03
   1.0755588e+06   6.2680119e+02   9.9979697e+01   8.9770483e-15   7.2678089e+02   1.0000000e+00   6.3588016e-03
   2.8613324e+06   1.1900600e-01   1.2214184e-01   4.0857544e-13   2.4114784e-01   1.0000000e+00   6.3502520e-03
   2.8511245e+06   2.3579462e-01   2.9313552e-01   2.7626855e-13   5.2893014e-01   1.0000000e+00   6.3479613e-03
   2.7284866e+06   2.5371807e+01   3.4918740e+01   2.6051400e-14   6.0290548e+01   1.0000000e+00   6.3350633e-03
   1.0803321e+06   6.0067577e+02   1.0000000e+02   9.0710231e-15   7.0067577e+02   1.0000000e+00   6.3304984e-03
   3.0573316e+06   1.8724248e+00   2.2582379e+00   9.8855370e-14   4.1306626e+00   1.0000000e+00   6.3257363e-03
   2.9826608e+06   3.3169252e+00   2.5507111e+00   8.4502603e-14   5.8676362e+00   1.0000000e+00   6.3173729e-03
   1.1653405e+06   5.6257396e+02   1.0000000e+02   9.2261513e-15   6.6257396e+02   1.0000000e+00   6.3134517e-03
   8.7108313e+05   8.4634807e+02   1.0000000e+02   8.3309267e-15   9.4634807e+02   1.0000000e+00   6.3124549e-03
   1.5988081e+06   2.7893243e+02   1.0000000e+02   1.0980525e-14   3.7893243e+02   1.0000000e+00   6.2975287e-03
   8.9068856e+05   8.9263276e+02   1.0000000e+02   8.2188448e-15   9.9263276e+02   1.0000000e+00   6.2752560e-03
   1.0100609e+06   6.7857997e+02   9.9885736e+01   8.8020142e-15   7.7846571e+02   1.0000000e+00   6.2735828e-03
   1.0356861e+06   6.4055912e+02   9.9999871e+01   8.9267946e-15   7.4055899e+02   1.0000000e+00   6.2662179e-03
   1.3667103e+06   3.9214938e+02   9.9794610e+01   1.0094744e-14   4.9194399e+02   1.0000000e+00   6.2634245e-03
   1.1433584e+06   5.2166924e+02   1.0000000e+02   9.3952251e-15   6.2166924e+02   1.0000000e+00   6.2521509e-03
   1.8121392e+06   1.0000000e-01   5.1182012e-02   5.3044694e-13   1.5118201e-01   1.0000000e+00   6.2377631e-03
   2.1367588e+06   1.0689804e+01   1.3939432e+01   4.1702221e-14   2.4629237e+01   1.0000000e+00   6.2307991e-03
   2.7554919e+06   1.1113474e+02   9.5537088e+01   1.4015002e-14   2.0667183e+02   1.0000000e+00   6.2265047e-03
   2.1670778e+06   1.1779869e+02   9.7982109e+01   1.3708566e-14   2.1578079e+02   1.0000000e+00   6.2175010e-03
   2.9838609e+06   1.1622455e+00   1.0571574e+00   1.3563030e-13   2.2194030e+00   1.0000000e+00   6.1986166e-03
   9.7310623e+05   6.8688090e+02   1.0000000e+02   8.7747763e-15   7.8688090e+02   1.0000000e+00   6.1859768e-03
   2.9529724e+06   2.3364877e-01   3.0368102e-01   2.7440381e-13   5.3732979e-01   1.0000000e+00   6.1501118e-03
   1.8318602e+06   2.3994702e+02   1.0000000e+02   1.1415909e-14   3.3994702e+02   1.0000000e+00   6.1487271e-03
   1.0034934e+06   7.2169387e+02   1.0000000e+02   8.6669443e-15   8.2169387e+02   1.0000000e+00   6.1484638e-03
   2.1645001e+06   1.6326930e+02   9.9996287e+01   1.2552691e-14   2.6326559e+02   1.0000000e+00   6.1454639e-03
   1.2591543e+06   4.3179023e+02   1.0000000e+02   9.8481762e-15   5.3179023e+02   1.0000000e+00   6.1378890e-03
   2.7666782e+06   7.7174774e+00   1.1244770e+01   4.6605434e-14   1.8962247e+01   1.0000000e+00   6.1367671e-03
   2.7089345e+06   4.2308147e-01   3.6628186e-01   2.2647912e-13   7.8936332e-01   1.0000000e+00   6.1329229e-03
   2.3193760e+06   1.0000000e-01   8.8691270e-02   4.6227911e-13   1.8869127e-01   1.0000000e+00   6.1276537e-03
   2.8356092e+06   3.3958060e-01   3.9888213e-01   2.3348284e-13   7.3846273e-01   1.0000000e+00   6.1172937e-03
   9.7078852e+05   8.0542849e+02   1.0000000e+02   8.4365181e-15   9.0542849e+02   1.0000000e+00   6.1114974e-03
   1.5171980e+06   3.2232015e+02   1.0000000e+02   1.0595244e-14   4.2232015e+02   1.0000000e+00   6.1104749e-03
   1.0196986e+06   6.3154488e+02   1.0000000e+02   8.9597222e-15   7.3154488e+02   1.0000000e+00   6.1016360e-03
   2.1843974e+06   1.1459941e+02   9.8298217e+01   1.3796787e-14   2.1289763e+02   1.0000000e+00   6.0993143e-03
   2.7797553e+06   1.0239985e-01   9.5313730e-02   4.5180358e-13   1.9771358e-01   1.0000000e+00   6.0971685e-03
   2.3254313e+06   9.1012868e+01   7.9150003e+01   1.5393669e-14   1.7016287e+02   1.0000000e+00   6.0969687e-03
   2.9035788e+06   1.2664298e-01   1.2449657e-01   4.0104474e-13   2.5113954e-01   1.0000000e+00   6.0810089e-03
   9.2529090e+05   8.0294823e+02   9.9991496e+01   8.4383775e-15   9.0293972e+02   1.0000000e+00   6.0705571e-03
   1.0087383e+06   7.0580582e+02   9.9988759e+01   8.7147975e-15   8.0579458e+02   1.0000000e+00   6.0618661e-03
   2.8407173e+06   1.4262946e+01   1.4693772e+01   3.7274117e-14   2.8956718e+01   1.0000000e+00   6.0412841e-03
   1.0695712e+06   6.2250247e+02   9.9971907e+01   8.9917984e-15   7.2247438e+02   1.0000000e+00   6.0272572e-03
   8.6904973e+05   1.0000000e-01   1.0421378e-02   7.9080865e-13   1.1042138e-01   1.0000000e+00   6.0173408e-03
   2.7567037e+06   9.2514762e+01   9.3954262e+01   1.4679587e-14   1.8646902e+02   1.0000000e+00   5.9995761e-03
   8.4148204e+05   9.6704909e+02   1.0000000e+02   8.0561821e-15   1.0670491e+03   1.0000000e+00   5.9985648e-03
   2.9956586e+06   5.6937416e+00   4.7039045e+00   6.3106064e-14   1.0397646e+01   1.0000000e+00   5.9838275e-03
   9.3344673e+05   7.9877688e+02   9.9992501e+01   8.4493477e-15   8.9876938e+02   1.0000000e+00   5.9737376e-03
   1.4161792e+06   3.5614606e+02   1.0000000e+02   1.0332650e-14   4.5614606e+02   1.0000000e+00   5.9594233e-03
   1.3231564e+06   1.0000000e-01   2.2190832e-02   6.5484117e-13   1.2219083e-01   1.0000000e+00   5.9453537e-03
   2.7495055e+06   1.1382960e+02   9.5563771e+01   1.3939507e-14   2.0939337e+02   1.0000000e+00   5.9362755e-03
   8.4966971e+05   9.6421560e+02   9.9994474e+01   8.0621979e-15   1.0642101e+03   1.0000000e+00   5.9263872e-03
   2.1368945e+06   1.1779732e+01   9.7634879e+00   4.3417524e-14   2.1543220e+01   1.0000000e+00   5.9203699e-03
   1.1029210e+06   5.5504403e+02   9.9974164e+01   9.2520163e-15   6.5501819e+02   1.0000000e+00   5.9058605e-03
   2.9555960e+06   5.4741517e-01   6.5072053e-01   1.8338726e-13   1.1981357e+00   1.0000000e+00   5.9016152e-03
   3.0498838e+06   4.6936015e-01   6.0657377e-01   1.9389581e-13   1.0759339e+00   1.0000000e+00   5.8954758e-03
   2.0118436e+06   1.7691906e+02   1.0000000e+02   1.2297374e-14   2.7691906e+02   1.0000000e+00   5.8892178e-03
   9.1993747e+05   8.2514233e+02   1.0000000e+02   8.3811410e-15   9.2514233e+02   1.0000000e+00   5.8834160e-03
   1.1266420e+06   1.0000000e-01   2.0344279e-02   6.6894772e-13   1.2034428e-01   1.0000000e+00   5.8542791e-03
   1.2679525e+06   4.1052500e+02   1.0000000e+02   9.9739907e-15   5.1052500e+02   1.0000000e+00   5.8530220e-03
   2.0703176e+06   1.3103112e+02   8.8525304e+01   1.3667516e-14   2.1955642e+02   1.0000000e+00   5.8485803e-03
   1.3497104e+06   3.8906840e+02   9.9470542e+01   1.0121080e-14   4.8853894e+02   1.0000000e+00   5.8335575e-03
   8.3718443e+05   1.0000081e-01   1.0317322e-02   7.9269222e-13   1.1031813e-01   1.0000000e+00   5.8320711e-03
   8.3360799e+05   9.8222033e+02   1.0000000e+02   8.0250260e-15   1.0822203e+03   1.0000000e+00   5.8304097e-03
   1.2885080e+06   1.0000000e-01   2.2983472e-02   6.4845384e-13   1.2298347e-01   1.0000000e+00   5.8059084e-03
   1.4634239e+06   2.9564292e+02   9.9724308e+01   1.0834156e-14   3.9536723e+02   1.0000000e+00   5.7988844e-03
   2.4658648e+06   1.9245504e-01   1.8789708e-01   3.2514230e-13   3.8035212e-01   1.0000000e+00   5.7749600e-03
   9.2458408e+05   7.9100706e+02   1.0000000e+02   8.4699632e-15   8.9100706e+02   1.0000000e+00   5.7729751e-03
   2.4112600e+06   6.7666049e-01   6.6995543e-01   1.7295948e-13   1.3466159e+00   1.0000000e+00   5.7597060e-03
   9.9797969e+05   6.9839041e+02   9.9889463e+01   8.7390967e-15   7.9827987e+02   1.0000000e+00   5.7517986e-03
   2.0825177e+06   1.0000000e-01   6.7800376e-02   4.9425828e-13   1.6780038e-01   1.0000000e+00   5.7472296e-03
   1.0330877e+06   6.9080052e+02   9.9998224e+01   8.7628935e-15   7.9079875e+02   1.0000000e+00   5.7433294e-03
   8.3831305e+05   9.6054985e+02   1.0000000e+02   8.0699412e-15   1.0605499e+03   1.0000000e+00   5.7123070e-03
   9.3938885e+05   1.0000004e-01   1.1454932e-02   7.7274168e-13   1.1145497e-01   1.0000000e+00   5.7038162e-03
   8.5054733e+05   9.2705967e+02   1.0000000e+02   8.1417795e-15   1.0270597e+03   1.0000000e+00   5.7016258e-03
   2.5033498e+06   3.4980668e+01   4.9976106e+01   2.2179590e-14   8.4956774e+01   1.0000000e+00   5.7002148e-03
   1.0022406e+06   7.1557303e+02   1.0000000e+02   8.6847975e-15   8.1557303e+02   1.0000000e+00   5.6868361e-03
   2.7378476e+06   2.4973861e+01   3.2389520e+01   2.6607452e-14   5.7363381e+01   1.0000000e+00   5.6629394e-03
   1.7848849e+06   2.3212365e+02   1.0000000e+02   1.1496719e-14   3.3212365e+02   1.0000000e+00   5.6440992e-03
   8.2621815e+05   9.7841208e+02   1.0000000e+02   8.0332687e-15   1.0784121e+03   1.0000000e+00   5.6043593e-03
   2.7931271e+06   1.3138763e-01   1.5306842e-01   3.7615934e-13   2.8445605e-01   1.0000000e+00   5.6039870e-03
   2.0579586e+06   1.0123135e-01   6.2403767e-02   5.0296139e-13   1.6363512e-01   1.0000000e+00   5.5966902e-03
   2.9923033e+06   2.8083717e-01   2.9684383e-01   2.6435250e-13   5.7768100e-01   1.0000000e+00   5.5839426e-03
   2.3765694e+06   1.0105904e-01   8.3402453e-02   4.6777296e-13   1.8446149e-01   1.0000000e+00   5.5733119e-03
   1.1048145e+06   5.7345653e+02   1.0000000e+02   9.1763791e-15   6.7345653e+02   1.0000000e+00   5.5675429e-03
   1.2963766e+06   4.1420347e+02   9.9709650e+01   9.9579857e-15   5.1391312e+02   1.0000000e+00   5.5665169e-03
   2.3636742e+06   8.7925012e+01   7.8348112e+01   1.5564401e-14   1.6627312e+02   1.0000000e+00   5.5505083e-03
   8.4458907e+05   1.0000000e-01   1.0898220e-02   7.8200072e-13   1.1089822e-01   1.0000000e+00   5.5341857e-03
   8.5972964e+05   9.5794567e+02   1.0000000e+02   8.0755004e-15   1.0579457e+03   1.0000000e+00   5.5242781e-03
   1.5780669e+06   1.0000381e-01   4.2353031e-02   5.5699731e-13   1.4235685e-01   1.0000000e+00   5.5235682e-03
   8.6239558e+05   9.0390643e+02   1.0000000e+02   8.1931821e-15   1.0039064e+03   1.0000000e+00   5.5228956e-03
   9.9661696e+05   7.0235636e+02   1.0000000e+02   8.7243766e-15   8.0235636e+02   1.0000000e+00   5.5212699e-03
   1.3793279e+06   1.0000000e-01   3.2575155e-02   5.9504479e-13   1.3257515e-01   1.0000000e+00   5.5190107e-03
   1.0404403e+06   6.7263480e+02   9.9848069e+01   8.8238483e-15   7.7248287e+02   1.0000000e+00   5.5158125e-03
   1.4340411e+06   1.0000000e-01   3.3700146e-02   5.8952449e-13   1.3370015e-01   1.0000000e+00   5.5123502e-03
   1.3607079e+06   1.0000000e-01   2.1316169e-02   6.6293285e-13   1.2131617e-01   1.0000000e+00   5.4884803e-03
   2.0805661e+06   1.6084049e+02   9.6899978e+01   1.2692424e-14   2.5774046e+02   1.0000000e+00   5.4864936e-03
   1.0534355e+06   5.9613168e+02   9.9780972e+01   9.0939571e-15   6.9591265e+02   1.0000000e+00   5.4840794e-03
   1.4217397e+06   1.0012440e-01   3.5242239e-02   5.8343583e-13   1.3536664e-01   1.0000000e+00   5.4786691e-03
   3.0525866e+06   2.0554626e+00   1.6306013e+00   1.0661280e-13   3.6860639e+00   1.0000000e+00   5.4778251e-03
   1.0404403e+06   6.7268070e+02   9.9912450e+01   8.8222363e-15   7.7259315e+02   1.0000000e+00   5.4670985e-03
   1.0643863e+06   6.6655561e+02   1.0000000e+02   8.8432677e-15   7.6655561e+02   1.0000000e+00   5.4562410e-03
   2.7675161e+06   1.6916512e+00   1.4997759e+00   1.1264415e-13   3.1914271e+00   1.0000000e+00   5.4549090e-03
   9.5676200e+05   1.0000014e-01   1.4418612e-02   7.2915970e-13   1.1441875e-01   1.0000000e+00   5.4456256e-03
   8.4551781e+05   1.0000187e-01   1.0822377e-02   7.8332482e-13   1.1082425e-01   1.0000000e+00   5.4400172e-03
   2.1362512e+06   1.1622713e+01   9.4695128e+00   4.3879146e-14   2.1092226e+01   1.0000000e+00   5.4312664e-03
   2.2667876e+06   5.8098936e+01   5.1523478e+01   1.9195974e-14   1.0962241e+02   1.0000000e+00   5.4254816e-03
   2.9024994e+06   1.0150148e-01   1.0965632e-01   4.3656428e-13   2.1115780e-01   1.0000000e+00   5.3934498e-03
   2.2411444e+06   1.0000005e-01   7.0093616e-02   4.9000703e-13   1.7009367e-01   1.0000000e+00   5.3924935e-03
   8.9869795e+05   8.5222550e+02   1.0000000e+02   8.3139030e-15   9.5222550e+02   1.0000000e+00   5.3912048e-03
   1.0165035e+06   1.0000000e-01   1.4116811e-02   7.3288277e-13   1.1411681e-01   1.0000000e+00   5.3864212e-03
   1.6844970e+06   2.8492773e+02   9.9954931e+01   1.0940365e-14   3.8488266e+02   1.0000000e+00   5.3856415e-03
   2.5818751e+06   4.9751405e+01   4.2375323e+01   2.0936350e-14   9.2126728e+01   1.0000000e+00   5.3847725e-03
   2.4619502e+06   1.0129215e+02   7.6115413e+01   1.5150873e-14   1.7740757e+02   1.0000000e+00   5.3607227e-03
   1.6557301e+06   2.6343160e+02   9.9873543e+01   1.1142186e-14   3.6330514e+02   1.0000000e+00   5.3566130e-03
   2.8197380e+06   1.5659199e-01   1.6705031e-01   3.5239958e-13   3.2364230e-01   1.0000000e+00   5.3350995e-03
   1.6839327e+06   2.8234346e+02   9.9954503e+01   1.0963145e-14   3.8229796e+02   1.0000000e+00   5.3204308e-03
   2.8425864e+06   1.0000000e-01   1.3724379e-01   4.1436501e-13   2.3724379e-01   1.0000000e+00   5.3191818e-03
   2.7601639e+06   6.0232266e+01   6.7186529e+01   1.7761016e-14   1.2741879e+02   1.0000000e+00   5.3178141e-03
   2.9576467e+06   8.1708463e+00   6.5634690e+00   5.3059927e-14   1.4734315e+01   1.0000000e+00   5.3123189e-03
   1.1894378e+06   4.8673927e+02   1.0000000e+02   9.5587147e-15   5.8673927e+02   1.0000000e+00   5.2905344e-03
   8.1042480e+05   9.0966317e+02   9.9980047e+01   8.1908658e-15   1.0096432e+03   1.0000000e+00   5.2844658e-03
   1.3526051e+06   3.5916017e+02   1.0000000e+02   1.0311761e-14   4.5916017e+02   1.0000000e+00   5.2819436e-03
   3.0813209e+06   1.0579381e-01   1.2753501e-01   4.1603550e-13   2.3332882e-01   1.0000000e+00   5.2790074e-03
   1.2107170e+06   4.6349354e+02   9.9976193e+01   9.6766293e-15   5.6346974e+02   1.0000000e+00   5.2535179e-03
   1.0255312e+06   6.3345759e+02   1.0000000e+02   8.9522928e-15   7.3345759e+02   1.0000000e+00   5.2523106e-03
   3.1008984e+06   1.2059263e+00   9.8144114e-01   1.3834895e-13   2.1873675e+00   1.0000000e+00   5.2512290e-03
   2.8559334e+06   9.6254586e-01   1.0970412e+00   1.3974926e-13   2.0595871e+00   1.0000000e+00   5.2459435e-03
   1.4706732e+06   3.5234492e+02   9.9072525e+01   1.0391463e-14   4.5141744e+02   1.0000000e+00   5.2348499e-03
   1.1183558e+06   1.0000000e-01   1.9049122e-02   6.7975594e-13   1.1904912e-01   1.0000000e+00   5.2238571e-03
   2.7710352e+06   1.0000000e-01   1.0587510e-01   4.4172616e-13   2.0587510e-01   1.0000000e+00   5.2160828e-03
   9.1620513e+05   7.8131262e+02   9.9991269e+01   8.4973554e-15   8.8130389e+02   1.0000000e+00   5.2116120e-03
   1.2252616e+06   4.7984684e+02   9.9999961e+01   9.5938409e-15   5.7984680e+02   1.0000000e+00   5.2108108e-03
   2.4038925e+06   6.8467240e-01   6.6212238e-01   1.7290845e-13   1.3467948e+00   1.0000000e+00   5.2019841e-03
   2.0755009e+06   1.6419838e+02   9.6688142e+01   1.2635757e-14   2.6088652e+02   1.0000000e+00   5.2000142e-03
   1.7559088e+06   2.4463098e+02   1.0000000e+02   1.1349820e-14   3.4463098e+02   1.0000000e+00   5.1987616e-03
   1.0105824e+06   7.1113851e+02   1.0000000e+02   8.6987777e-15   8.1113851e+02   1.0000000e+00   5.1912993e-03
   1.0353826e+06   1.0000000e-01   1.7281051e-02   6.9696228e-13   1.1728105e-01   1.0000000e+00   5.1740298e-03
   1.1194219e+06   5.6700504e+02   1.0000000e+02   9.2026519e-15   6.6700504e+02   1.0000000e+00   5.1482689e-03
   1.1610679e+06   1.0000000e-01   1.8484646e-02   6.8493294e-13   1.1848465e-01   1.0000000e+00   5.1450157e-03
   9.4372202e+05   8.1729264e+02   9.9991997e+01   8.4027279e-15   9.1728463e+02   1.0000000e+00   5.1188105e-03
   1.3606492e+06   1.0000001e-01   2.1067069e-02   6.6511985e-13   1.2106708e-01   1.0000000e+00   5.1081607e-03
   2.7803307e+06   1.0314923e-01   9.7272700e-02   4.4855592e-13   2.0042193e-01   1.0000000e+00   5.0789674e-03
   1.0195989e+06   6.7951825e+02   9.9941537e+01   8.7980626e-15   7.7945979e+02   1.0000000e+00   5.0764581e-03
   1.3942713e+06   1.0000050e-01   3.3365184e-02   5.9150401e-13   1.3336568e-01   1.0000000e+00   5.0610831e-03
   2.0028206e+06   1.8687714e+02   1.0000000e+02   1.2135258e-14   2.8687714e+02   1.0000000e+00   5.0548323e-03
   2.2711542e+06   9.8239304e+01   7.4414272e+01   1.5330304e-14   1.7265358e+02   1.0000000e+00   5.0523777e-03
   1.2576232e+06   4.4603007e+02   9.9623759e+01   9.7785528e-15   5.4565383e+02   1.0000000e+00   5.0341100e-03
   3.0404410e+06   1.8036087e-01   1.8202620e-01   3.3452748e-13   3.6238707e-01   1.0000000e+00   5.0327448e-03
   2.7519322e+06   9.5142592e+01   8.9351888e+01   1.4779781e-14   1.8449448e+02   1.0000000e+00   5.0203372e-03
   2.7291515e+06   3.0858515e-01   2.6808156e-01   2.6503675e-13   5.7666672e-01   1.0000000e+00   5.0017940e-03
   3.0935697e+06   1.0044079e-01   1.1721540e-01   4.3081548e-13   2.1765620e-01   1.0000000e+00   4.9995385e-03
   2.9417450e+06   4.8029161e-01   6.6071993e-01   1.8876350e-13   1.1410115e+00   1.0000000e+00   4.9889559e-03
   2.9030947e+06   1.1640058e-01   1.5222936e-01   3.8826081e-13   2.6862994e-01   1.0000000e+00   4.9608569e-03
   3.1350217e+06   3.3780920e+00   4.0792215e+00   7.3638482e-14   7.4573135e+00   1.0000000e+00   4.9504214e-03
   1.6551491e+06   2.6267163e+02   9.9873918e+01   1.1149961e-14   3.6254555e+02   1.0000000e+00   4.9178008e-03
   1.0300307e+06   1.0002816e-01   1.7627628e-02   6.9376470e-13   1.1765579e-01   1.0000000e+00   4.9168262e-03
   3.0569708e+06   2.3530380e+00   2.3323171e+00   9.3137831e-14   4.6853551e+00   1.0000000e+00   4.9137266e-03
   1.2968179e+06   4.5545550e+02   1.0000000e+02   9.7248014e-15   5.5545550e+02   1.0000000e+00   4.8842394e-03
   1.2232405e+06   4.8292801e+02   1.0000000e+02   9.5787262e-15   5.8292801e+02   1.0000000e+00   4.8781525e-03
   1.3564619e+06   1.0000841e-01   2.6489290e-02   6.2565854e-13   1.2649770e-01   1.0000000e+00   4.8734670e-03
   1.6736527e+06   2.5801987e+02   9.9953343e+01   1.1197632e-14   3.5797321e+02   1.0000000e+00   4.8700040e-03
   1.0320845e+06   1.0002760e-01   1.7153691e-02   6.9819719e-13   1.1718130e-01   1.0000000e+00   4.8689371e-03
   1.3058916e+06   3.7004020e+02   1.0000000e+02   1.0239016e-14   4.7004020e+02   1.0000000e+00   4.8679191e-03
   2.8678139e+06   1.4794364e+01   2.0154900e+01   3.4114827e-14   3.4949264e+01   1.0000000e+00   4.8651276e-03
   9.7231876e+05   7.6276822e+02   1.0000000e+02   8.5478493e-15   8.6276822e+02   1.0000000e+00   4.8628098e-03
   9.1884472e+05   7.7995749e+02   1.0000000e+02   8.5006417e-15   8.7995749e+02   1.0000000e+00   4.8452441e-03
   1.1506373e+06   5.3920069e+02   1.0000000e+02   9.3187974e-15   6.3920069e+02   1.0000000e+00   4.8443693e-03
   2.1513476e+06   1.6742461e+02   9.9999934e+01   1.2476612e-14   2.6742454e+02   1.0000000e+00   4.8441505e-03
   1.2748404e+06   1.0000053e-01   2.0624034e-02   6.6697255e-13   1.2062457e-01   1.0000000e+00   4.8403741e-03
   1.0452516e+06   5.9223590e+02   1.0000000e+02   9.1052543e-15   6.9223590e+02   1.0000000e+00   4.8196010e-03
   1.7789739e+06   2.2046128e+02   1.0000000e+02   1.1641670e-14   3.2046128e+02   1.0000000e+00   4.8169565e-03
   1.0529154e+06   6.6018292e+02   1.0000000e+02   8.8618655e-15   7.6018292e+02   1.0000000e+00   4.8142538e-03
   1.3270284e+06   4.3644080e+02   1.0000000e+02   9.8290660e-15   5.3644080e+02   1.0000000e+00   4.8062968e-03
   2.6046343e+06   5.4807928e+01   5.0347982e+01   1.9557467e-14   1.0515591e+02   1.0000000e+00   4.8049806e-03
   8.6113471e+05   1.0000000e-01   1.1387221e-02   7.7346513e-13   1.1138722e-01   1.0000000e+00   4.7896851e-03
   1.4902863e+06   3.4763790e+02   9.9258957e+01   1.0423057e-14   4.4689685e+02   1.0000000e+00   4.7833152e-03
   3.1821865e+06   1.3032090e+00   1.2933570e+00   1.2554402e-13   2.5965661e+00   1.0000000e+00   4.7642941e-03
   9.4646366e+05   1.0000004e-01   1.1814108e-02   7.6662442e-13   1.1181415e-01   1.0000000e+00   4.7502715e-03
   2.9288517e+06   1.0152360e-01   1.1208591e-01   4.3411409e-13   2.1360952e-01   1.0000000e+00   4.7454002e-03
   8.3146674e+05   9.7078920e+02   1.0000000e+02   8.0487931e-15   1.0707892e+03   1.0000000e+00   4.7436235e-03
   8.6675202e+05   9.0357261e+02   1.0000000e+02   8.1937261e-15   1.0035726e+03   1.0000000e+00   4.7435422e-03
   1.7260091e+06   1.0008704e-01   4.1897392e-02   5.5753641e-13   1.4198443e-01   1.0000000e+00   4.7284462e-03
   1.4932746e+06   3.1956351e+02   1.0000000e+02   1.0615103e-14   4.1956351e+02   1.0000000e+00   4.7228712e-03
   1.2011382e+06   4.6759271e+02   1.0000000e+02   9.6550245e-15   5.6759271e+02   1.0000000e+00   4.7129519e-03
   1.0164681e+06   1.0000000e-01   1.4128121e-02   7.3273085e-13   1.1412812e-01   1.0000000e+00   4.7074885e-03
   9.2891935e+05   8.6648672e+02   1.0000000e+02   8.2829412e-15   9.6648672e+02   1.0000000e+00   4.7040983e-03
   1.3214189e+06   4.5129429e+02   9.9999113e+01   9.7511894e-15   5.5129341e+02   1.0000000e+00   4.6883802e-03
   2.7482818e+06   2.3352785e-01   2.3754032e-01   2.9204048e-13   4.7106817e-01   1.0000000e+00   4.6778881e-03
   2.7390238e+06   3.0801982e-01   2.9147750e-01   2.5917899e-13   5.9949732e-01   1.0000000e+00   4.6772563e-03
   8.9626416e+05   8.6201812e+02   1.0000000e+02   8.2902747e-15   9.6201812e+02   1.0000000e+00   4.6771421e-03
   8.6610554e+05   9.9760976e+02   1.0000000e+02   7.9972437e-15   1.0976098e+03   1.0000000e+00   4.6706930e-03
   2.9623913e+06   3.9816797e+00   4.7782391e+00   6.7832735e-14   8.7599188e+00   1.0000000e+00   4.6697920e-03
   2.8169477e+06   1.1853759e-01   1.2892581e-01   4.0299350e-13   2.4746340e-01   1.0000000e+00   4.6669316e-03
   1.1926781e+06   4.6199661e+02   9.9864184e+01   9.6883709e-15   5.6186079e+02   1.0000000e+00   4.6668182e-03
   1.4162325e+06   1.0000230e-01   3.0577691e-02   6.0361797e-13   1.3057999e-01   1.0000000e+00   4.6647743e-03
   1.3556021e+06   1.0000253e-01   2.3932725e-02   6.4227117e-13   1.2393525e-01   1.0000000e+00   4.6640730e-03
   1.2420886e+06   1.0000005e-01   2.0035385e-02   6.7160244e-13   1.2003544e-01   1.0000000e+00   4.6518042e-03
   2.1447210e+06   1.6846122e+02   1.0000000e+02   1.2457482e-14   2.6846122e+02   1.0000000e+00   4.6468783e-03
   3.1442245e+06   1.5797162e+00   1.4047266e+00   1.1776565e-13   2.9844428e+00   1.0000000e+00   4.6381766e-03
   2.8969447e+06   4.6384436e+00   4.8833937e+00   6.5025142e-14   9.5218373e+00   1.0000000e+00   4.6069744e-03
   2.3689422e+06   7.5400235e+01   8.0667200e+01   1.6117925e-14   1.5606743e+02   1.0000000e+00   4.5831584e-03
   9.2175642e+05   7.8566742e+02   1.0000000e+02   8.4846320e-15   8.8566742e+02   1.0000000e+00   4.5746813e-03
   2.8672547e+06   5.0048125e-01   6.6260298e-01   1.8674232e-13   1.1630842e+00   1.0000000e+00   4.5710982e-03
   2.7173732e+06   9.8311802e+01   9.6544715e+01   1.4361844e-14   1.9485652e+02   1.0000000e+00   4.5698200e-03
   1.2582608e+06   4.0075915e+02   9.9429818e+01   1.0050971e-14   5.0018897e+02   1.0000000e+00   4.5585680e-03
   2.4627776e+06   1.9024997e-01   1.9477878e-01   3.2339321e-13   3.8502875e-01   1.0000000e+00   4.5465638e-03
   3.0571055e+06   4.5233510e-01   5.6198269e-01   1.9955300e-13   1.0143178e+00   1.0000000e+00   4.5359735e-03
   2.2709755e+06   5.6215261e+01   4.9948905e+01   1.9504746e-14   1.0616417e+02   1.0000000e+00   4.5179125e-03
   1.4153322e+06   1.0003049e-01   3.2791621e-02   5.9352681e-13   1.3282211e-01   1.0000000e+00   4.4774622e-03
   2.7365224e+06   2.0529845e+01   3.1749880e+01   2.8238630e-14   5.2279725e+01   1.0000000e+00   4.4712934e-03
   1.2188711e+06   5.5169252e+02   9.9967801e+01   9.2831321e-15   6.5166032e+02   1.0000000e+00   4.4626150e-03
   1.2000001e+06   5.2019109e+02   9.9971173e+01   9.4064748e-15   6.2016226e+02   1.0000000e+00   4.4583340e-03
   2.7801815e+06   1.0000000e-01   8.7728511e-02   4.6479967e-13   1.8772851e-01   1.0000000e+00   4.4557993e-03
   2.7931196e+06   1.3129790e-01   1.5237369e-01   3.7664929e-13   2.8367159e-01   1.0000000e+00   4.4541041e-03
   3.0528358e+06   1.8302727e+00   2.3824410e+00   9.8008515e-14   4.2127137e+00   1.0000000e+00   4.4514761e-03
   2.8667167e+06   1.8773308e-01   2.0748028e-01   3.1898633e-13   3.9521337e-01   1.0000000e+00   4.4039737e-03
   2.8175698e+06   3.6609581e-01   4.0197402e-01   2.2875259e-13   7.6806984e-01   1.0000000e+00   4.3952453e-03
   2.8498891e+06   2.2217652e-01   2.3888375e-01   2.9530666e-13   4.6106027e-01   1.0000000e+00   4.3912773e-03
   1.3793282e+06   3.5266927e+02   1.0000000e+02   1.0357643e-14   4.5266927e+02   1.0000000e+00   4.3735326e-03
   8.2882475e+05   9.7607411e+02   1.0000000e+02   8.0379389e-15   1.0760741e+03   1.0000000e+00   4.3647218e-03
   1.0692497e+06   5.9861699e+02   9.9625685e+01   9.0871963e-15   6.9824267e+02   1.0000000e+00   4.3595389e-03
   1.0646106e+06   6.6324268e+02   1.0000000e+02   8.8538060e-15   7.6324268e+02   1.0000000e+00   4.3593757e-03
   1.6144211e+06   2.4373008e+02   9.8640088e+01   1.1397122e-14   3.4237017e+02   1.0000000e+00   4.3421353e-03
   1.6137083e+06   2.5610124e+02   9.9971174e+01   1.1217202e-14   3.5607241e+02   1.0000000e+00   4.3377744e-03
   1.8371734e+06   7.3952610e+00   7.2120577e+00   5.3994367e-14   1.4607319e+01   1.0000000e+00   4.3241560e-03
   2.8463265e+06   1.7252957e-01   1.5549117e-01   3.5169482e-13   3.2802073e-01   1.0000000e+00   4.3153495e-03
   2.0066864e+06   1.8432210e+02   1.0000000e+02   1.2175689e-14   2.8432210e+02   1.0000000e+00   4.3108791e-03
   8.9987545e+05   8.2763740e+02   9.9854497e+01   8.3782210e-15   9.2749190e+02   1.0000000e+00   4.3013903e-03
   1.3234236e+06   4.4863104e+02   9.9999085e+01   9.7651091e-15   5.4863013e+02   1.0000000e+00   4.2910816e-03
   1.7745571e+06   2.0229225e+02   9.9999499e+01   1.1898072e-14   3.0229175e+02   1.0000000e+00   4.2664526e-03
   1.0442764e+06   6.1798763e+02   1.0000000e+02   9.0072184e-15   7.1798763e+02   1.0000000e+00   4.2602077e-03
   1.7652464e+06   2.4842686e+02   9.9980816e+01   1.1310761e-14   3.4840767e+02   1.0000000e+00   4.2490423e-03
   2.4154072e+06   4.0738049e-01   3.9543020e-01   2.2392687e-13   8.0281069e-01   1.0000000e+00   4.2242029e-03
   1.0042810e+06   7.3135448e+02   9.9986763e+01   8.6395325e-15   8.3134124e+02   1.0000000e+00   4.2184761e-03
   2.9190257e+06   1.9031290e-01   2.0832851e-01   3.1775899e-13   3.9864141e-01   1.0000000e+00   4.2128268e-03
   1.1968473e+06   4.9057931e+02   1.0000000e+02   9.5402253e-15   5.9057931e+02   1.0000000e+00   4.2100165e-03
   1.2204632e+06   4.4320280e+02   9.9921439e+01   9.7874560e-15   5.4312424e+02   1.0000000e+00   4.2011755e-03
   3.1442246e+06   1.5553210e+00   1.2394000e+00   1.2288165e-13   2.7947210e+00   1.0000000e+00   4.1983344e-03
   3.1379587e+06   1.2737960e+00   1.5320978e+00   1.2005412e-13   2.8058938e+00   1.0000000e+00   4.1970474e-03
   1.7789004e+06   1.0000666e-01   4.9158566e-02   5.3582656e-13   1.4916522e-01   1.0000000e+00   4.1969356e-03
   2.4249651e+06   1.0000000e-01   9.0182238e-02   4.5995489e-13   1.9018224e-01   1.0000000e+00   4.1867598e-03
   2.9348163e+06   8.1171690e+00   7.6889728e+00   5.0654773e-14   1.5806142e+01   1.0000000e+00   4.1811699e-03
   1.4252671e+06   1.0011725e-01   3.5393102e-02   5.8281244e-13   1.3551035e-01   1.0000000e+00   4.1765995e-03
   2.8940727e+06   1.1933547e-01   1.1858779e-01   4.1183171e-13   2.3792326e-01   1.0000000e+00   4.1706223e-03
