   8.0901344e+04   1.0000000e+03   5.6478876e+01   2.5603233e-14   1.0564789e+03   1.0000000e+00             Inf
   8.0224058e+05   1.0000000e-01   1.0000000e-02   8.0350129e-13   1.1000000e-01   1.0000000e+00             Inf
   1.2459252e+05   3.9986734e+02   2.0264913e+01   3.2372507e-14   4.2013225e+02   1.0000000e+00   1.9007593e-02
   1.5913867e+06   3.0258953e-01   1.8711842e-01   3.0645249e-13   4.8970795e-01   1.0000000e+00   1.7682475e-02
   2.3179081e+05   1.1379996e+02   9.3831283e+00   4.4836724e-14   1.2318309e+02   1.0000000e+00   1.6394641e-02
   1.2852028e+05   3.8567857e+02   1.8995384e+01   3.2691674e-14   4.0467395e+02   1.0000000e+00   1.6029987e-02
   1.5316207e+06   1.0962390e+00   5.5871867e-01   1.8006330e-13   1.6549577e+00   1.0000000e+00   1.5063751e-02
   1.3561798e+06   1.0571310e+00   4.1753421e-01   1.9074326e-13   1.4746652e+00   1.0000000e+00   1.4874183e-02
   1.6005352e+06   3.1297467e-01   2.1702952e-01   2.9558255e-13   5.3000419e-01   1.0000000e+00   1.4063395e-02
   1.4404643e+06   5.8853534e-01   3.3670304e-01   2.3083515e-13   9.2523839e-01   1.0000000e+00   1.3949745e-02
   1.6437099e+06   1.5150511e-01   1.0603214e-01   4.1487482e-13   2.5753725e-01   1.0000000e+00   1.3780537e-02
   1.9119682e+05   1.5577888e+02   1.0566188e+01   4.1355176e-14   1.6634507e+02   1.0000000e+00   1.3243574e-02
   1.5117665e+06   1.0009982e-01   3.7935520e-02   5.7935640e-13   1.3803534e-01   1.0000000e+00   1.2857573e-02
   2.1909525e+05   1.2507042e+02   8.7350862e+00   4.3871660e-14   1.3380551e+02   1.0000000e+00   1.2747739e-02
   2.5709511e+06   1.2122441e-01   1.2027543e-01   4.2221965e-13   2.4149984e-01   1.0000000e+00   1.2570441e-02
   8.2608788e+04   9.2968892e+02   2.8566077e+01   2.6179113e-14   9.5825499e+02   1.0000000e+00   1.2550257e-02
   9.5369138e+05   3.3142687e+00   1.4418897e+00   1.2092274e-13   4.7561584e+00   1.0000000e+00   1.2289958e-02
   2.9887474e+06   1.5097809e-01   1.7026597e-01   3.7288821e-13   3.2124406e-01   1.0000000e+00   1.1872548e-02
   1.6005352e+06   1.0000000e-01   5.2704071e-02   5.3748944e-13   1.5270407e-01   1.0000000e+00   1.1812048e-02
   9.8121834e+04   6.6574762e+02   2.9513652e+01   2.8425499e-14   6.9526128e+02   1.0000000e+00   1.1729883e-02
   5.1211124e+05   2.2459844e+01   3.6761925e+00   6.9650865e-14   2.6136036e+01   1.0000000e+00   1.1705207e-02
   1.0441259e+06   1.0000000e-01   1.7799083e-02   6.9692817e-13   1.1779908e-01   1.0000000e+00   1.1533426e-02
   2.7514849e+06   1.6460369e-01   2.1173467e-01   3.4605014e-13   3.7633836e-01   1.0000000e+00   1.1169585e-02
   8.9336428e+05   4.1573134e+00   1.4848233e+00   1.1369174e-13   5.6421367e+00   1.0000000e+00   1.1100681e-02
   8.8822137e+04   8.2994023e+02   3.0369641e+01   2.6912732e-14   8.6030987e+02   1.0000000e+00   1.1035585e-02
   2.8585399e+06   1.7168844e-01   2.2035148e-01   3.4011875e-13   3.9203992e-01   1.0000000e+00   1.1028901e-02
   8.8170114e+04   7.7829287e+02   2.7037142e+01   2.7370109e-14   8.0533001e+02   1.0000000e+00   1.0839844e-02
   1.2163159e+06   1.0000000e-01   2.7208830e-02   6.2897843e-13   1.2720883e-01   1.0000000e+00   1.0712992e-02
   8.3660197e+04   8.5132954e+02   3.1219709e+01   2.6740312e-14   8.8254925e+02   1.0000000e+00   1.0536732e-02
   2.4962046e+05   7.2488061e+01   7.2695143e+00   5.0683798e-14   7.9757575e+01   1.0000000e+00   1.0536572e-02
   1.4307610e+06   6.1998109e-01   3.5536030e-01   2.2559302e-13   9.7534139e-01   1.0000000e+00   1.0504287e-02
   1.4640546e+06   1.0000000e-01   4.0003953e-02   5.7293738e-13   1.4000395e-01   1.0000000e+00   1.0453365e-02
   2.8862418e+05   6.6727604e+01   6.6695675e+00   5.1703089e-14   7.3397172e+01   1.0000000e+00   1.0354028e-02
   2.0942712e+05   1.4531129e+02   1.1208121e+01   4.2030955e-14   1.5651941e+02   1.0000000e+00   1.0291859e-02
   1.4377008e+06   8.8246466e-01   3.7746435e-01   2.0318595e-13   1.2599290e+00   1.0000000e+00   1.0212749e-02
   1.0178914e+05   6.1340946e+02   3.2846302e+01   2.8982545e-14   6.4625576e+02   1.0000000e+00   1.0182708e-02
   8.7690235e+05   1.0000000e-01   1.3225763e-02   7.5024035e-13   1.1322576e-01   1.0000000e+00   1.0124418e-02
   8.0672966e+05   1.0000000e-01   1.1438921e-02   7.7791006e-13   1.1143892e-01   1.0000000e+00   1.0120986e-02
   1.1890019e+06   1.0000000e-01   2.0060663e-02   6.7709663e-13   1.2006066e-01   1.0000000e+00   1.0106680e-02
   1.0808075e+05   5.2853935e+02   2.0698231e+01   3.0202049e-14   5.4923758e+02   1.0000000e+00   9.9555906e-03
   2.8602910e+06   2.0087451e-01   2.2993436e-01   3.2540523e-13   4.3080888e-01   1.0000000e+00   9.9440546e-03
   1.6568147e+05   2.1933095e+02   1.4350281e+01   3.7759553e-14   2.3368123e+02   1.0000000e+00   9.8953496e-03
   8.7065602e+04   9.0726885e+02   3.1425317e+01   2.6329550e-14   9.3869417e+02   1.0000000e+00   9.8908399e-03
   1.4164002e+06   7.2488776e-01   4.1123699e-01   2.1107074e-13   1.1361248e+00   1.0000000e+00   9.8317320e-03
   2.8305452e+06   1.9228614e-01   2.1523646e-01   3.3332502e-13   4.0752260e-01   1.0000000e+00   9.7613237e-03
   1.4882023e+06   5.2604348e-01   2.4478802e-01   2.5135481e-13   7.7083150e-01   1.0000000e+00   9.7566324e-03
   8.5639655e+05   1.0039991e-01   1.3381392e-02   7.4797646e-13   1.1378130e-01   1.0000000e+00   9.7142608e-03
   1.1522348e+05   5.4714775e+02   2.2969740e+01   2.9953586e-14   5.7011749e+02   1.0000000e+00   9.6867087e-03
   9.2407754e+05   1.0000000e-01   1.1222034e-02   7.8225593e-13   1.1122203e-01   1.0000000e+00   9.6194880e-03
   2.7511360e+06   1.0000000e-01   9.5050006e-02   4.6917475e-13   1.9505001e-01   1.0000000e+00   9.5814832e-03
   1.7021778e+05   2.2499643e+02   1.5030880e+01   3.7503411e-14   2.4002731e+02   1.0000000e+00   9.5223981e-03
   1.4050403e+06   6.3548222e-01   4.2784163e-01   2.1827232e-13   1.0633238e+00   1.0000000e+00   9.5131790e-03
   1.1840869e+05   5.0795138e+02   2.2402880e+01   3.0508188e-14   5.3035426e+02   1.0000000e+00   9.5000058e-03
   1.4377792e+06   5.5893252e-01   3.1882252e-01   2.3637264e-13   8.7775503e-01   1.0000000e+00   9.4955529e-03
   1.4372046e+06   7.3883216e-01   2.9310313e-01   2.2274246e-13   1.0319353e+00   1.0000000e+00   9.4941606e-03
   8.0947381e+05   1.0000000e-01   1.1660037e-02   7.7438315e-13   1.1166004e-01   1.0000000e+00   9.4767763e-03
   9.1401411e+05   1.0000000e-01   1.4070978e-02   7.3867329e-13   1.1407098e-01   1.0000000e+00   9.4653966e-03
   8.8678253e+04   9.1785399e+02   3.0850707e+01   2.6275888e-14   9.4870469e+02   1.0000000e+00   9.4617799e-03
   1.4651709e+05   2.0650841e+02   1.3538503e+01   3.8597836e-14   2.2004691e+02   1.0000000e+00   9.4470474e-03
   1.0058623e+06   1.0000000e-01   1.6806031e-02   7.0692530e-13   1.1680603e-01   1.0000000e+00   9.4242539e-03
   1.4402704e+06   1.3684536e+00   7.7394460e-01   1.6208735e-13   2.1423982e+00   1.0000000e+00   9.4147784e-03
   1.5778391e+06   1.0000000e-01   4.7510443e-02   5.4995899e-13   1.4751044e-01   1.0000000e+00   9.3852320e-03
   1.0624533e+06   1.0002035e-01   1.8399429e-02   6.9122366e-13   1.1841977e-01   1.0000000e+00   9.3830875e-03
   2.6655652e+06   1.0000000e-01   9.8427071e-02   4.6410163e-13   1.9842707e-01   1.0000000e+00   9.3737550e-03
   8.0995909e+04   9.9877330e+02   5.3569849e+01   2.5617289e-14   1.0523432e+03   1.0000000e+00   9.3651516e-03
   2.8593126e+06   2.1556584e-01   2.2856430e-01   3.2111394e-13   4.4413014e-01   1.0000000e+00   9.3338152e-03
   1.4063942e+06   1.2976130e+00   1.0692388e+00   1.5815602e-13   2.3668518e+00   1.0000000e+00   9.3334667e-03
   1.4092985e+06   5.6790314e-01   2.4309514e-01   2.4702680e-13   8.1099828e-01   1.0000000e+00   9.3296522e-03
   1.4249907e+06   6.9069962e-01   3.9319592e-01   2.1538044e-13   1.0838955e+00   1.0000000e+00   9.3266588e-03
   4.3131649e+05   2.7151806e+01   3.6426783e+00   6.6382036e-14   3.0794485e+01   1.0000000e+00   9.2542794e-03
   8.7953941e+04   9.1328365e+02   3.1171481e+01   2.6297258e-14   9.4445513e+02   1.0000000e+00   9.2486496e-03
   1.2828845e+06   1.0000000e-01   2.9930152e-02   6.1440247e-13   1.2993015e-01   1.0000000e+00   9.2201488e-03
   1.2245261e+05   4.1785346e+02   1.8830372e+01   3.2050525e-14   4.3668383e+02   1.0000000e+00   9.2059642e-03
   9.3497265e+04   7.1520086e+02   2.7111923e+01   2.7945728e-14   7.4231279e+02   1.0000000e+00   9.1724362e-03
   1.4209925e+05   2.3228461e+02   1.6749032e+01   3.7303386e-14   2.4903364e+02   1.0000000e+00   9.1157302e-03
   1.8806035e+05   1.6138448e+02   1.4209862e+01   4.0768209e-14   1.7559434e+02   1.0000000e+00   9.0897495e-03
   1.7135277e+06   1.0000000e-01   4.9218246e-02   5.4441457e-13   1.4921825e-01   1.0000000e+00   9.0676509e-03
   2.8890363e+06   2.6964811e-01   2.8771069e-01   2.9094827e-13   5.5735880e-01   1.0000000e+00   9.0356827e-03
   2.8292860e+06   1.3914557e-01   1.7048408e-01   3.7812120e-13   3.0962964e-01   1.0000000e+00   8.9977395e-03
   1.1500361e+05   5.3286237e+02   2.4706965e+01   3.0111217e-14   5.5756934e+02   1.0000000e+00   8.9564368e-03
   1.1682934e+06   1.0000000e-01   2.1451260e-02   6.6564234e-13   1.2145126e-01   1.0000000e+00   8.9434141e-03
   9.1895581e+04   7.7120010e+02   2.6264678e+01   2.7440078e-14   7.9746477e+02   1.0000000e+00   8.9270165e-03
   2.7863028e+06   1.3312985e-01   1.2523137e-01   4.1151221e-13   2.5836121e-01   1.0000000e+00   8.9140339e-03
   1.5622032e+06   1.0000000e-01   5.0590641e-02   5.4290755e-13   1.5059064e-01   1.0000000e+00   8.9056521e-03
   2.8214826e+06   2.1324493e-01   2.3878803e-01   3.1816010e-13   4.5203296e-01   1.0000000e+00   8.8823941e-03
   1.5937039e+06   1.6008674e+00   1.2977025e+00   1.4620383e-13   2.8985699e+00   1.0000000e+00   8.8604175e-03
   8.0088222e+04   8.9951158e+02   3.1350307e+01   2.6385443e-14   9.3086188e+02   1.0000000e+00   8.8477480e-03
   1.2970106e+06   1.0000000e-01   2.6111875e-02   6.3441341e-13   1.2611188e-01   1.0000000e+00   8.8446657e-03
   8.8669383e+05   5.9069579e+00   1.5466640e+00   1.0373236e-13   7.4536219e+00   1.0000000e+00   8.8347158e-03
   1.7201826e+05   2.2826524e+02   1.4967609e+01   3.7385800e-14   2.4323285e+02   1.0000000e+00   8.7828781e-03
   2.8676118e+06   1.7778097e-01   2.2042822e-01   3.3748688e-13   3.9820919e-01   1.0000000e+00   8.7481083e-03
   1.5687406e+06   1.0098088e-01   5.4158318e-02   5.3372233e-13   1.5513920e-01   1.0000000e+00   8.7365892e-03
   9.9869705e+04   6.3920489e+02   3.0169302e+01   2.8707675e-14   6.6937419e+02   1.0000000e+00   8.7325077e-03
   9.4352415e+05   1.0000000e-01   1.2821111e-02   7.5585152e-13   1.1282111e-01   1.0000000e+00   8.7263448e-03
   2.7420713e+06   1.6366768e-01   2.0538195e-01   3.4879062e-13   3.6904963e-01   1.0000000e+00   8.7107905e-03
   1.1521512e+06   1.0000000e-01   2.3644787e-02   6.5058727e-13   1.2364479e-01   1.0000000e+00   8.6842881e-03
   1.0509727e+06   1.0000000e-01   1.7131651e-02   7.0343651e-13   1.1713165e-01   1.0000000e+00   8.6528022e-03
   1.1884297e+06   1.0000000e-01   2.0458449e-02   6.7368972e-13   1.2045845e-01   1.0000000e+00   8.6526068e-03
   1.2436045e+05   4.0388370e+02   2.0325650e+01   3.2291350e-14   4.2420935e+02   1.0000000e+00   8.6191073e-03
   1.7088828e+05   1.9010767e+02   1.5324689e+01   3.9106416e-14   2.0543236e+02   1.0000000e+00   8.6126692e-03
   4.6398583e+05   2.4585551e+01   3.8649686e+00   6.7836111e-14   2.8450520e+01   1.0000000e+00   8.6119992e-03
   9.4979448e+05   1.0000000e-01   1.1922733e-02   7.7053845e-13   1.1192273e-01   1.0000000e+00   8.6075418e-03
   1.1710156e+05   4.6690303e+02   2.3231457e+01   3.1106264e-14   4.9013449e+02   1.0000000e+00   8.5941583e-03
   2.6332888e+06   1.0000000e-01   7.2044957e-02   5.0414070e-13   1.7204496e-01   1.0000000e+00   8.5196219e-03
   8.2242920e+05   1.0000000e-01   1.0832770e-02   7.8777635e-13   1.1083277e-01   1.0000000e+00   8.5053937e-03
   5.1751878e+05   1.9184956e+01   3.4235301e+00   7.2639561e-14   2.2608486e+01   1.0000000e+00   8.4891007e-03
   2.8952746e+06   1.3108730e-01   1.3278686e-01   4.0794528e-13   2.6387416e-01   1.0000000e+00   8.4704877e-03
   9.3292975e+04   7.0983072e+02   2.5858162e+01   2.8010333e-14   7.3568889e+02   1.0000000e+00   8.4676570e-03
   1.4795102e+06   1.0000000e-01   4.1100713e-02   5.6927809e-13   1.4110071e-01   1.0000000e+00   8.4517515e-03
   1.6013929e+06   3.9858324e-01   3.0248128e-01   2.6072320e-13   7.0106452e-01   1.0000000e+00   8.4491075e-03
   9.0711583e+04   8.5814424e+02   2.9678777e+01   2.6716055e-14   8.8782302e+02   1.0000000e+00   8.3849625e-03
   1.0485616e+06   1.0000000e-01   1.7456941e-02   7.0019478e-13   1.1745694e-01   1.0000000e+00   8.3672093e-03
   8.3988293e+04   8.7393465e+02   3.1243635e+01   2.6563294e-14   9.0517828e+02   1.0000000e+00   8.3607168e-03
   5.2314545e+05   1.4775552e+01   3.4019238e+00   7.7784577e-14   1.8177476e+01   1.0000000e+00   8.3262597e-03
   1.2760554e+05   3.7908603e+02   1.9010195e+01   3.2829496e-14   3.9809623e+02   1.0000000e+00   8.3218951e-03
   7.9962970e+04   9.5542713e+02   3.2008390e+01   2.5980366e-14   9.8743552e+02   1.0000000e+00   8.3146401e-03
   3.5990038e+05   4.3570216e+01   5.5595962e+00   5.7869825e-14   4.9129812e+01   1.0000000e+00   8.3107881e-03
   9.0550523e+04   7.9802287e+02   2.6479343e+01   2.7207636e-14   8.2450221e+02   1.0000000e+00   8.2806820e-03
   2.8201030e+06   1.0371438e-01   1.0302689e-01   4.5668176e-13   2.0674128e-01   1.0000000e+00   8.2804118e-03
   1.2389241e+05   4.4743064e+02   2.5406432e+01   3.1424071e-14   4.7283707e+02   1.0000000e+00   8.2705882e-03
   1.3520511e+05   3.7188444e+02   1.8522709e+01   3.3016355e-14   3.9040715e+02   1.0000000e+00   8.2365497e-03
   1.0021149e+05   5.7994229e+02   2.8128512e+01   2.9434706e-14   6.0807081e+02   1.0000000e+00   8.1891822e-03
   8.0731940e+04   9.5883397e+02   3.1701331e+01   2.5958082e-14   9.9053530e+02   1.0000000e+00   8.1723823e-03
   1.2995924e+06   1.0000000e-01   2.8091457e-02   6.2330642e-13   1.2809146e-01   1.0000000e+00   8.1507805e-03
   8.1824897e+04   9.6435098e+02   3.1639235e+01   2.5922665e-14   9.9599022e+02   1.0000000e+00   8.1135713e-03
   8.6442741e+04   7.9813718e+02   3.0177509e+01   2.7177323e-14   8.2831469e+02   1.0000000e+00   8.1027779e-03
   1.2970818e+05   3.6357230e+02   2.0264359e+01   3.3146023e-14   3.8383666e+02   1.0000000e+00   8.0874325e-03
   3.6321670e+05   3.8514534e+01   5.3012885e+00   5.9805860e-14   4.3815823e+01   1.0000000e+00   8.0355207e-03
   1.1866221e+06   1.0000000e-01   2.2989982e-02   6.5450346e-13   1.2298998e-01   1.0000000e+00   7.9928285e-03
   1.3261729e+06   1.3282209e+00   6.2903443e-01   1.6842170e-13   1.9572553e+00   1.0000000e+00   7.9845456e-03
   2.7836914e+06   1.4252987e-01   1.4339352e-01   3.9179801e-13   2.8592339e-01   1.0000000e+00   7.9823253e-03
   9.6450874e+04   6.5748464e+02   2.9481765e+01   2.8514364e-14   6.8696641e+02   1.0000000e+00   7.9794527e-03
   1.1752704e+05   5.1494177e+02   2.2084745e+01   3.0409433e-14   5.3702652e+02   1.0000000e+00   7.9557980e-03
   1.4285830e+06   1.0000002e-01   3.7172270e-02   5.8293718e-13   1.3717229e-01   1.0000000e+00   7.9422851e-03
   2.6332888e+06   1.0066406e-01   7.8654770e-02   4.9120231e-13   1.7931883e-01   1.0000000e+00   7.9079492e-03
   1.0356550e+05   6.1299342e+02   2.9403274e+01   2.9016245e-14   6.4239669e+02   1.0000000e+00   7.8656021e-03
   1.5205618e+06   1.0000000e-01   4.4138618e-02   5.5977533e-13   1.4413862e-01   1.0000000e+00   7.8650809e-03
   8.4714272e+04   8.6119485e+02   3.0113140e+01   2.6667509e-14   8.9130799e+02   1.0000000e+00   7.7970108e-03
   1.5106802e+05   2.7059202e+02   1.5482449e+01   3.5797046e-14   2.8607447e+02   1.0000000e+00   7.7890529e-03
   7.7538075e+05   5.6889793e+00   2.8133577e+00   1.0028093e-13   8.5023371e+00   1.0000000e+00   7.7776778e-03
   1.4353242e+06   5.4606346e-01   2.7373214e-01   2.4413335e-13   8.1979560e-01   1.0000000e+00   7.7665100e-03
   2.3540801e+05   1.0507439e+02   9.6854728e+00   4.5697264e-14   1.1475986e+02   1.0000000e+00   7.7572841e-03
   1.9566816e+05   1.7731513e+02   1.4844108e+01   3.9816178e-14   1.9215924e+02   1.0000000e+00   7.7319420e-03
   7.8880657e+04   1.0000000e+03   4.4049818e+01   2.5634568e-14   1.0440498e+03   1.0000000e+00   7.7258345e-03
   7.1587496e+05   1.1695142e+01   2.6115137e+00   8.3903037e-14   1.4306656e+01   1.0000000e+00   7.7003842e-03
   1.5115052e+06   5.5673990e-01   2.8223924e-01   2.4100586e-13   8.3897914e-01   1.0000000e+00   7.6992971e-03
   9.0587176e+04   7.9295016e+02   2.6712461e+01   2.7247564e-14   8.1966262e+02   1.0000000e+00   7.6850024e-03
   9.7709426e+04   6.7007136e+02   2.9107968e+01   2.8383168e-14   6.9917933e+02   1.0000000e+00   7.6833909e-03
   1.2589851e+06   1.0000123e-01   2.1885056e-02   6.6307577e-13   1.2188628e-01   1.0000000e+00   7.6492099e-03
   7.8921534e+04   9.9554792e+02   4.2960025e+01   2.5666688e-14   1.0385079e+03   1.0000000e+00   7.6491306e-03
   4.7996505e+05   1.2579827e+01   4.0666347e+00   8.1693439e-14   1.6646461e+01   1.0000000e+00   7.5750584e-03
   1.5861192e+05   2.9165707e+02   1.7868307e+01   3.5131655e-14   3.0952537e+02   1.0000000e+00   7.5491487e-03
   1.6450688e+06   1.0000000e-01   5.9343460e-02   5.2358917e-13   1.5934346e-01   1.0000000e+00   7.5466692e-03
   1.1785955e+06   1.0008617e-01   2.2234308e-02   6.5969267e-13   1.2232047e-01   1.0000000e+00   7.4864152e-03
   7.9369159e+04   9.0621514e+02   2.7883078e+01   2.6364608e-14   9.3409821e+02   1.0000000e+00   7.4861968e-03
   9.1196579e+05   1.0000000e-01   1.5129850e-02   7.2635985e-13   1.1512985e-01   1.0000000e+00   7.4252985e-03
   9.0290583e+04   7.3553664e+02   2.6782160e+01   2.7758857e-14   7.6231880e+02   1.0000000e+00   7.4213860e-03
   8.4357676e+04   8.3721232e+02   2.9507613e+01   2.6863004e-14   8.6671993e+02   1.0000000e+00   7.4154890e-03
   1.5111480e+05   2.8936839e+02   1.6508752e+01   3.5184215e-14   3.0587714e+02   1.0000000e+00   7.4031434e-03
   1.2713617e+06   1.9165682e+00   1.1782023e+00   1.4134800e-13   3.0947705e+00   1.0000000e+00   7.3627605e-03
   1.9371387e+05   1.3901290e+02   1.0972175e+01   4.2551168e-14   1.4998508e+02   1.0000000e+00   7.3396748e-03
   1.0691434e+05   5.2071563e+02   2.2327896e+01   3.0291700e-14   5.4304353e+02   1.0000000e+00   7.3179473e-03
   2.7571968e+06   1.0539194e-01   1.2763364e-01   4.3117810e-13   2.3302558e-01   1.0000000e+00   7.3160906e-03
   1.4165479e+06   8.3534404e-01   6.1548241e-01   1.9148358e-13   1.4508265e+00   1.0000000e+00   7.3150354e-03
   8.7748017e+04   7.9000953e+02   2.6464365e+01   2.7273821e-14   8.1647389e+02   1.0000000e+00   7.2964537e-03
   1.2249798e+06   1.0000000e-01   2.7739605e-02   6.2608099e-13   1.2773961e-01   1.0000000e+00   7.2922801e-03
   1.0326902e+05   6.2857656e+02   2.9353846e+01   2.8840678e-14   6.5793041e+02   1.0000000e+00   7.2878111e-03
   2.7317914e+06   3.0299643e-01   3.4289971e-01   2.7169246e-13   6.4589614e-01   1.0000000e+00   7.2522444e-03
   1.4597845e+06   1.3544349e+00   5.2399173e-01   1.7318676e-13   1.8784266e+00   1.0000000e+00   7.2492141e-03
   1.5188458e+05   2.6757349e+02   1.5476584e+01   3.5897096e-14   2.8305008e+02   1.0000000e+00   7.2463837e-03
   9.6118678e+04   6.8015293e+02   2.7282726e+01   2.8293750e-14   7.0743565e+02   1.0000000e+00   7.2264684e-03
   2.6549207e+05   7.5561871e+01   6.7978640e+00   5.0106640e-14   8.2359735e+01   1.0000000e+00   7.1756141e-03
   1.0802743e+06   1.0000000e-01   1.5703530e-02   7.1967156e-13   1.1570353e-01   1.0000000e+00   7.1572536e-03
   2.9113158e+06   2.6921841e-01   3.0535686e-01   2.8725894e-13   5.7457527e-01   1.0000000e+00   7.1324180e-03
   8.6425060e+04   8.0278866e+02   3.0177682e+01   2.7137390e-14   8.3296634e+02   1.0000000e+00   7.1274815e-03
   9.7838559e+05   1.0000000e-01   1.4334933e-02   7.3509613e-13   1.1433493e-01   1.0000000e+00   7.0987816e-03
   1.7196683e+05   1.9756746e+02   1.5506933e+01   3.8710162e-14   2.1307439e+02   1.0000000e+00   7.0972705e-03
   8.1507640e+04   9.7917281e+02   3.2455099e+01   2.5820755e-14   1.0116279e+03   1.0000000e+00   7.0970213e-03
   7.9778091e+05   1.0000000e-01   1.0994403e-02   7.8539272e-13   1.1099440e-01   1.0000000e+00   7.0969593e-03
   8.3240716e+05   1.0000000e-01   1.3976861e-02   7.4268419e-13   1.1397686e-01   1.0000000e+00   7.0929929e-03
   9.2125876e+04   6.8604318e+02   2.6699014e+01   2.8248191e-14   7.1274219e+02   1.0000000e+00   7.0853390e-03
   2.8292861e+06   1.3629840e-01   1.4532735e-01   3.9469636e-13   2.8162575e-01   1.0000000e+00   7.0464311e-03
   1.4877558e+05   3.2364794e+02   1.5226635e+01   3.4304064e-14   3.3887458e+02   1.0000000e+00   7.0400584e-03
   1.5244141e+06   1.4307740e+00   1.0991046e+00   1.5314562e-13   2.5298786e+00   1.0000000e+00   7.0205805e-03
   1.3449372e+05   2.9798259e+02   1.8432766e+01   3.4903381e-14   3.1641536e+02   1.0000000e+00   7.0078715e-03
   1.4205375e+06   8.5999116e-01   4.8284328e-01   1.9633653e-13   1.3428344e+00   1.0000000e+00   7.0062756e-03
   2.6742419e+06   1.6494694e-01   1.9273827e-01   3.5281251e-13   3.5768522e-01   1.0000000e+00   6.9916527e-03
   2.4240248e+06   1.0000000e-01   6.7699899e-02   5.0877324e-13   1.6769990e-01   1.0000000e+00   6.9907265e-03
   1.5748574e+06   1.0094263e-01   5.5658246e-02   5.3069614e-13   1.5660088e-01   1.0000000e+00   6.9893046e-03
   1.1866838e+05   4.8756487e+02   2.0999574e+01   3.0826392e-14   5.0856445e+02   1.0000000e+00   6.9878958e-03
   2.6433548e+06   1.0000058e-01   8.3601849e-02   4.8392435e-13   1.8360242e-01   1.0000000e+00   6.9816240e-03
   2.6381101e+06   1.0000000e-01   6.7439794e-02   5.1402371e-13   1.6743979e-01   1.0000000e+00   6.9591705e-03
   4.0563929e+05   3.0285601e+01   3.6008281e+00   6.4640167e-14   3.3886429e+01   1.0000000e+00   6.9392368e-03
   9.7030250e+04   6.5074963e+02   2.9190901e+01   2.8589302e-14   6.7994054e+02   1.0000000e+00   6.9315110e-03
   7.8278960e+05   1.0000000e-01   1.0630974e-02   7.9200878e-13   1.1063097e-01   1.0000000e+00   6.9227901e-03
   1.2866480e+05   3.5588849e+02   1.9282008e+01   3.3346642e-14   3.7517050e+02   1.0000000e+00   6.9137940e-03
   1.1850299e+05   4.9053584e+02   2.1221717e+01   3.0777425e-14   5.1175755e+02   1.0000000e+00   6.9014060e-03
   1.3374819e+06   8.2995500e-01   4.7039846e-01   1.9988499e-13   1.3003535e+00   1.0000000e+00   6.8803534e-03
   8.6593589e+04   8.0926556e+02   3.0055769e+01   2.7082745e-14   8.3932133e+02   1.0000000e+00   6.8697401e-03
   1.2615038e+06   1.0000000e-01   2.4703377e-02   6.4305635e-13   1.2470338e-01   1.0000000e+00   6.8683662e-03
   1.3271437e+06   1.0004991e-01   2.8900954e-02   6.1888545e-13   1.2895087e-01   1.0000000e+00   6.8642152e-03
   2.8469698e+06   1.0000000e-01   1.1694048e-01   4.4612439e-13   2.1694048e-01   1.0000000e+00   6.8504703e-03
   1.5921534e+05   2.4275491e+02   1.5697757e+01   3.6767507e-14   2.5845267e+02   1.0000000e+00   6.8469457e-03
   2.9887474e+06   1.6000602e-01   1.7621405e-01   3.6531630e-13   3.3622006e-01   1.0000000e+00   6.8238081e-03
   8.1427594e+05   1.0000000e-01   1.0170811e-02   8.0014308e-13   1.1017081e-01   1.0000000e+00   6.8216440e-03
   2.9316913e+06   2.4764396e-01   2.2675168e-01   3.1422663e-13   4.7439564e-01   1.0000000e+00   6.8097370e-03
   7.8069035e+05   9.1427772e+00   2.1163835e+00   9.0606920e-14   1.1259161e+01   1.0000000e+00   6.8066679e-03
   8.5000356e+04   8.9740031e+02   2.7426475e+01   2.6419879e-14   9.2482679e+02   1.0000000e+00   6.8065421e-03
   2.7158121e+06   1.0000000e-01   7.6962652e-02   4.9645441e-13   1.7696265e-01   1.0000000e+00   6.7935198e-03
   9.3379786e+05   5.3871773e+00   1.3079598e+00   1.0821998e-13   6.6951371e+00   1.0000000e+00   6.7927437e-03
   1.8210589e+05   1.8801836e+02   1.4303054e+01   3.9236741e-14   2.0232141e+02   1.0000000e+00   6.7902463e-03
   1.1855353e+06   1.0000000e-01   1.9552886e-02   6.8155102e-13   1.1955289e-01   1.0000000e+00   6.7764469e-03
   1.4144390e+05   3.2444515e+02   1.9596924e+01   3.4114202e-14   3.4404208e+02   1.0000000e+00   6.7738200e-03
   1.4749051e+06   1.0000000e-01   3.6349230e-02   5.8553345e-13   1.3634923e-01   1.0000000e+00   6.7647433e-03
   8.4924309e+04   8.1163377e+02   3.1309281e+01   2.7061071e-14   8.4294305e+02   1.0000000e+00   6.7626584e-03
   2.7963958e+06   1.4173064e-01   1.3662233e-01   3.9727384e-13   2.7835298e-01   1.0000000e+00   6.7540717e-03
   2.7036846e+06   1.0000000e-01   7.8206983e-02   4.9395696e-13   1.7820698e-01   1.0000000e+00   6.7538948e-03
   2.4486731e+06   1.0000000e-01   6.7538266e-02   5.0957545e-13   1.6753827e-01   1.0000000e+00   6.7497993e-03
   1.3231540e+06   1.0000000e-01   3.3331410e-02   5.9907313e-13   1.3333141e-01   1.0000000e+00   6.7398858e-03
   1.7186726e+06   1.0000000e-01   6.1305597e-02   5.1859901e-13   1.6130560e-01   1.0000000e+00   6.7338978e-03
   1.6580592e+05   1.9581190e+02   1.5076611e+01   3.8845678e-14   2.1088851e+02   1.0000000e+00   6.7251444e-03
   1.7396312e+05   2.1269347e+02   1.7475884e+01   3.7941693e-14   2.3016935e+02   1.0000000e+00   6.7207415e-03
   2.6330539e+06   1.0596054e-01   9.6886470e-02   4.5969403e-13   2.0284701e-01   1.0000000e+00   6.6972423e-03
   1.0066903e+05   6.2296234e+02   3.0022354e+01   2.8892023e-14   6.5298470e+02   1.0000000e+00   6.6908953e-03
   9.3970883e+04   7.2213458e+02   2.6986778e+01   2.7880798e-14   7.4912135e+02   1.0000000e+00   6.6423129e-03
   9.6160030e+05   1.0019029e-01   1.4455718e-02   7.3315158e-13   1.1464601e-01   1.0000000e+00   6.6409895e-03
   1.4485733e+05   2.3530250e+02   1.7191576e+01   3.7114554e-14   2.5249408e+02   1.0000000e+00   6.6121887e-03
   8.3471950e+04   9.4024070e+02   2.9371564e+01   2.6102768e-14   9.6961227e+02   1.0000000e+00   6.6109087e-03
   1.4382105e+06   4.5730215e-01   2.6675933e-01   2.5792583e-13   7.2406147e-01   1.0000000e+00   6.6099530e-03
   2.9295057e+06   1.0813165e-01   1.1736088e-01   4.3887746e-13   2.2549253e-01   1.0000000e+00   6.6073237e-03
   8.4939697e+04   9.3161422e+02   3.1124702e+01   2.6154155e-14   9.6273892e+02   1.0000000e+00   6.6057011e-03
   1.2275028e+06   2.3675365e+00   9.5620244e-01   1.3750051e-13   3.3237389e+00   1.0000000e+00   6.5974732e-03
   1.4539649e+06   1.6157804e+00   8.0074314e-01   1.5502873e-13   2.4165235e+00   1.0000000e+00   6.5952674e-03
   2.9373030e+05   5.1858878e+01   5.4022896e+00   5.5615278e-14   5.7261167e+01   1.0000000e+00   6.5893218e-03
   1.0028800e+06   1.0000007e-01   1.4758466e-02   7.2993043e-13   1.1475853e-01   1.0000000e+00   6.5806856e-03
   1.5033219e+06   1.4003643e+00   6.6269215e-01   1.6525604e-13   2.0630565e+00   1.0000000e+00   6.5338089e-03
   9.2718010e+04   7.1878489e+02   2.6467512e+01   2.7917577e-14   7.4525240e+02   1.0000000e+00   6.5287241e-03
   2.7986854e+06   1.1843593e-01   1.1026188e-01   4.3607448e-13   2.2869781e-01   1.0000000e+00   6.5156320e-03
   5.0912553e+05   1.3698944e+01   3.1726873e+00   7.9899232e-14   1.6871631e+01   1.0000000e+00   6.4742210e-03
   2.7895927e+06   2.4965243e-01   3.4831888e-01   2.8301519e-13   5.9797131e-01   1.0000000e+00   6.4386940e-03
   1.8890985e+05   1.5817676e+02   1.2751055e+01   4.1050673e-14   1.7092782e+02   1.0000000e+00   6.4367825e-03
   1.0040001e+06   1.0000007e-01   1.6380131e-02   7.1131218e-13   1.1638020e-01   1.0000000e+00   6.4267847e-03
   1.6870238e+06   1.0000000e-01   6.0728426e-02   5.2022225e-13   1.6072843e-01   1.0000000e+00   6.4167848e-03
   1.1384875e+05   4.9427982e+02   2.1400462e+01   3.0697821e-14   5.1568028e+02   1.0000000e+00   6.4025496e-03
   1.2245779e+06   1.0000000e-01   2.5359011e-02   6.3914326e-13   1.2535901e-01   1.0000000e+00   6.3999619e-03
   1.4730294e+06   1.0000000e-01   3.5660755e-02   5.8819835e-13   1.3566076e-01   1.0000000e+00   6.3980875e-03
   1.0486910e+05   5.8914511e+02   2.9169204e+01   2.9302717e-14   6.1831432e+02   1.0000000e+00   6.3928001e-03
   1.1611296e+05   4.5967285e+02   2.1543239e+01   3.1250853e-14   4.8121609e+02   1.0000000e+00   6.3870950e-03
   1.3500479e+05   3.7113488e+02   1.8533729e+01   3.3030686e-14   3.8966860e+02   1.0000000e+00   6.3865691e-03
   8.4197980e+04   8.6513789e+02   3.0809000e+01   2.6633103e-14   8.9594689e+02   1.0000000e+00   6.3703206e-03
   8.8461202e+05   2.9736472e+00   1.0588871e+00   1.2919577e-13   4.0325343e+00   1.0000000e+00   6.3471564e-03
   1.3252426e+06   1.0000000e-01   3.1418623e-02   6.0702889e-13   1.3141862e-01   1.0000000e+00   6.3373316e-03
   1.4286971e+05   3.1389299e+02   1.8729317e+01   3.4412815e-14   3.3262231e+02   1.0000000e+00   6.3365461e-03
   9.3542925e+04   7.1939912e+02   3.2794192e+01   2.7861740e-14   7.5219331e+02   1.0000000e+00   6.3295214e-03
   1.0378069e+05   5.4912151e+02   2.6894375e+01   2.9843248e-14   5.7601589e+02   1.0000000e+00   6.3240547e-03
   2.5884917e+06   1.0000000e-01   1.1949904e-01   4.4316166e-13   2.1949904e-01   1.0000000e+00   6.3231301e-03
   2.6598280e+06   1.0840160e-01   1.2037996e-01   4.3381138e-13   2.2878156e-01   1.0000000e+00   6.2984701e-03
   2.6308577e+06   1.0000000e-01   7.3024411e-02   5.0214977e-13   1.7302441e-01   1.0000000e+00   6.2870407e-03
   1.4721193e+06   1.0000000e-01   4.2783038e-02   5.6444575e-13   1.4278304e-01   1.0000000e+00   6.2724367e-03
   9.6829120e+05   5.1003090e+00   1.3163532e+00   1.0968385e-13   6.4166622e+00   1.0000000e+00   6.2604558e-03
   8.8719128e+04   7.5643189e+02   3.2295539e+01   2.7526529e-14   7.8872743e+02   1.0000000e+00   6.2437730e-03
   1.4761888e+06   1.0000000e-01   4.2682279e-02   5.6465357e-13   1.4268228e-01   1.0000000e+00   6.2136380e-03
   2.5889030e+06   1.0000000e-01   8.0644582e-02   4.8780718e-13   1.8064458e-01   1.0000000e+00   6.2087237e-03
   5.0965342e+05   1.6424802e+01   3.4353665e+00   7.5622976e-14   1.9860169e+01   1.0000000e+00   6.1677371e-03
   2.7908441e+06   1.6391416e-01   1.9200223e-01   3.5421974e-13   3.5591638e-01   1.0000000e+00   6.1651455e-03
   1.2869739e+05   3.4592062e+02   1.9118407e+01   3.3593144e-14   3.6503902e+02   1.0000000e+00   6.1625568e-03
   1.3703269e+05   4.0784062e+02   2.1276427e+01   3.2284023e-14   4.2911705e+02   1.0000000e+00   6.1443954e-03
   3.6905146e+05   4.8777671e+01   5.2433458e+00   5.6526264e-14   5.4021017e+01   1.0000000e+00   6.1412853e-03
   8.2100407e+04   9.7000014e+02   3.2034212e+01   2.5884041e-14   1.0020344e+03   1.0000000e+00   6.1342371e-03
   9.1188104e+04   7.5838020e+02   2.6868326e+01   2.7545713e-14   7.8524852e+02   1.0000000e+00   6.1334238e-03
   1.1724957e+05   4.2727130e+02   2.0124641e+01   3.1852864e-14   4.4739594e+02   1.0000000e+00   6.1297233e-03
   9.8459117e+05   1.0000000e-01   1.5975675e-02   7.1576615e-13   1.1597567e-01   1.0000000e+00   6.1292140e-03
   9.4298711e+05   3.3718657e+00   9.2707389e-01   1.2629286e-13   4.2989396e+00   1.0000000e+00   6.0881423e-03
   1.5866262e+05   2.3958018e+02   1.5866649e+01   3.6882374e-14   2.5544683e+02   1.0000000e+00   6.0867726e-03
   1.5407824e+06   1.0000000e-01   3.4288114e-02   5.9411571e-13   1.3428811e-01   1.0000000e+00   6.0861339e-03
   9.0735605e+04   8.0798982e+02   2.7769791e+01   2.7115225e-14   8.3575962e+02   1.0000000e+00   6.0861213e-03
   1.2873502e+06   1.0000000e-01   2.5868554e-02   6.3585769e-13   1.2586855e-01   1.0000000e+00   6.0810132e-03
   2.6812838e+06   1.1699547e-01   1.1830900e-01   4.2812501e-13   2.3530447e-01   1.0000000e+00   6.0793097e-03
   1.2485274e+05   4.1889822e+02   2.1466975e+01   3.1985090e-14   4.4036519e+02   1.0000000e+00   6.0588531e-03
   1.0063858e+06   1.0000007e-01   1.5392801e-02   7.2225690e-13   1.1539287e-01   1.0000000e+00   6.0587378e-03
   8.2842787e+04   8.2191629e+02   2.9456790e+01   2.7000736e-14   8.5137308e+02   1.0000000e+00   6.0415864e-03
   1.6338259e+06   1.0000000e-01   5.8102723e-02   5.2609085e-13   1.5810272e-01   1.0000000e+00   6.0410067e-03
   3.6881097e+05   3.4866882e+01   5.1360236e+00   6.1438031e-14   4.0002906e+01   1.0000000e+00   6.0243799e-03
   7.8826954e+04   9.9342582e+02   4.2607818e+01   2.5681788e-14   1.0360336e+03   1.0000000e+00   6.0180048e-03
   1.4174782e+06   7.4624817e-01   4.3233713e-01   2.0773980e-13   1.1785853e+00   1.0000000e+00   6.0111121e-03
   1.4347387e+06   5.4284866e-01   3.2092543e-01   2.3817646e-13   8.6377409e-01   1.0000000e+00   5.9927749e-03
   1.1205154e+05   5.5799875e+02   2.2912694e+01   2.9790980e-14   5.8091144e+02   1.0000000e+00   5.9902925e-03
   1.5569345e+06   3.1630246e-01   2.1656008e-01   2.9554438e-13   5.3286254e-01   1.0000000e+00   5.9833383e-03
   1.2011189e+05   4.0920522e+02   2.1683398e+01   3.2167950e-14   4.3088862e+02   1.0000000e+00   5.9740167e-03
   1.6418747e+06   1.0000000e-01   5.6836337e-02   5.2828661e-13   1.5683634e-01   1.0000000e+00   5.9215831e-03
   8.8236147e+05   1.0000000e-01   1.2337968e-02   7.6278705e-13   1.1233797e-01   1.0000000e+00   5.9195501e-03
   1.1552638e+05   4.6367494e+02   2.1221847e+01   3.1189064e-14   4.8489679e+02   1.0000000e+00   5.9151057e-03
   1.6512993e+06   1.0129623e-01   6.3209408e-02   5.1498674e-13   1.6450564e-01   1.0000000e+00   5.8874298e-03
   8.9336431e+05   4.2498481e+00   1.4867063e+00   1.1300950e-13   5.7365543e+00   1.0000000e+00   5.8853993e-03
   1.5151001e+06   1.0000000e-01   4.5698801e-02   5.5567853e-13   1.4569880e-01   1.0000000e+00   5.8830346e-03
   7.7970727e+04   9.4405264e+02   3.2494964e+01   2.6066805e-14   9.7654761e+02   1.0000000e+00   5.8803822e-03
   2.8292861e+06   1.3334443e-01   1.3812142e-01   4.0163875e-13   2.7146585e-01   1.0000000e+00   5.8790092e-03
   1.5554668e+06   4.0222617e-01   2.0548484e-01   2.7871106e-13   6.0771101e-01   1.0000000e+00   5.8738219e-03
   1.0442278e+06   1.0000000e-01   1.8603960e-02   6.8962968e-13   1.1860396e-01   1.0000000e+00   5.8673374e-03
   1.4150998e+05   3.3643952e+02   1.9652261e+01   3.3817457e-14   3.5609178e+02   1.0000000e+00   5.8631006e-03
   5.7883945e+05   7.8490334e+00   2.6527585e+00   9.4212362e-14   1.0501792e+01   1.0000000e+00   5.8515780e-03
   1.0427543e+05   5.8359553e+02   2.8690109e+01   2.9374060e-14   6.1228564e+02   1.0000000e+00   5.8385131e-03
   1.0320016e+05   5.8544526e+02   2.8679547e+01   2.9351035e-14   6.1412481e+02   1.0000000e+00   5.7986903e-03
   2.5921960e+06   1.0000000e-01   9.1874369e-02   4.7155022e-13   1.9187437e-01   1.0000000e+00   5.7889094e-03
   1.1765544e+06   2.0299475e+00   6.7788506e-01   1.4978195e-13   2.7078326e+00   1.0000000e+00   5.7888296e-03
   2.7276595e+06   3.0694203e-01   3.5284462e-01   2.6926777e-13   6.5978665e-01   1.0000000e+00   5.7786268e-03
   2.6744493e+05   8.6324642e+01   6.7533966e+00   4.8493255e-14   9.3078038e+01   1.0000000e+00   5.7779508e-03
   2.6386796e+06   1.0046897e-01   9.0275375e-02   4.7367476e-13   1.9074434e-01   1.0000000e+00   5.7608710e-03
   2.3685019e+05   8.7203669e+01   9.6990771e+00   4.7969813e-14   9.6902746e+01   1.0000000e+00   5.7588282e-03
   1.9336428e+05   1.8138071e+02   1.4939867e+01   3.9587614e-14   1.9632058e+02   1.0000000e+00   5.7559640e-03
   1.3026745e+06   1.0000000e-01   3.2409667e-02   6.0321330e-13   1.3240967e-01   1.0000000e+00   5.7475281e-03
   1.5127649e+05   2.5107142e+02   1.5429699e+01   3.6478957e-14   2.6650112e+02   1.0000000e+00   5.7405504e-03
   9.7486705e+04   5.9570020e+02   2.7224133e+01   2.9257013e-14   6.2292433e+02   1.0000000e+00   5.7352534e-03
   1.1273129e+05   5.5144359e+02   2.2906185e+01   2.9878517e-14   5.7434978e+02   1.0000000e+00   5.7254955e-03
   1.3594502e+05   3.5103580e+02   1.8607265e+01   3.3475981e-14   3.6964307e+02   1.0000000e+00   5.7187362e-03
   3.9167820e+05   3.7677526e+01   5.7602440e+00   5.9929086e-14   4.3437770e+01   1.0000000e+00   5.7076367e-03
   1.2951831e+05   3.6283466e+02   1.8520141e+01   3.3199695e-14   3.8135480e+02   1.0000000e+00   5.6980441e-03
   1.5599922e+06   4.2146281e-01   2.0700707e-01   2.7488621e-13   6.2846988e-01   1.0000000e+00   5.6907889e-03
   1.2864875e+06   1.0000000e-01   2.8809935e-02   6.1974130e-13   1.2880994e-01   1.0000000e+00   5.6840476e-03
   2.6892671e+05   8.4947274e+01   6.8061806e+00   4.8672591e-14   9.1753455e+01   1.0000000e+00   5.6790079e-03
   1.4335350e+05   3.0637976e+02   1.7390909e+01   3.4652552e-14   3.2377067e+02   1.0000000e+00   5.6762036e-03
   1.2437147e+06   1.0040406e-01   2.0922319e-02   6.7003242e-13   1.2132638e-01   1.0000000e+00   5.6742618e-03
   2.6206895e+06   1.0000000e-01   1.0005082e-01   4.6188661e-13   2.0005082e-01   1.0000000e+00   5.6702295e-03
   9.2162539e+04   6.9173383e+02   2.6676337e+01   2.8188563e-14   7.1841017e+02   1.0000000e+00   5.6534948e-03
   9.9387033e+04   6.3441764e+02   3.1287520e+01   2.8752532e-14   6.6570516e+02   1.0000000e+00   5.6486483e-03
   1.5790858e+06   3.7583770e-01   2.9195422e-01   2.6721340e-13   6.6779192e-01   1.0000000e+00   5.6408794e-03
   1.0050270e+06   1.0000007e-01   1.6431539e-02   7.1076711e-13   1.1643161e-01   1.0000000e+00   5.6397975e-03
   2.8962107e+06   2.2366488e-01   2.6059260e-01   3.0930403e-13   4.8425749e-01   1.0000000e+00   5.6355563e-03
   9.3932239e+04   6.4553734e+02   2.9269018e+01   2.8661552e-14   6.7480636e+02   1.0000000e+00   5.6336445e-03
   1.5234836e+05   2.5641881e+02   1.5481035e+01   3.6279831e-14   2.7189985e+02   1.0000000e+00   5.6288654e-03
   1.1155798e+05   5.3941290e+02   2.4870244e+01   3.0000833e-14   5.6428314e+02   1.0000000e+00   5.5949348e-03
   9.0517296e+04   7.5480708e+02   2.7503437e+01   2.7572361e-14   7.8231051e+02   1.0000000e+00   5.5870239e-03
   8.5561350e+04   8.7929684e+02   3.0521908e+01   2.6528281e-14   9.0981875e+02   1.0000000e+00   5.5755852e-03
   8.1185056e+04   9.5142445e+02   3.0406672e+01   2.6016371e-14   9.8183113e+02   1.0000000e+00   5.5687998e-03
   3.6502963e+05   4.5309393e+01   5.4441624e+00   5.7384180e-14   5.0753556e+01   1.0000000e+00   5.5658184e-03
   7.8010707e+04   9.4166994e+02   2.9531762e+01   2.6102384e-14   9.7120171e+02   1.0000000e+00   5.5420831e-03
   8.7784836e+04   8.4730147e+02   2.9479896e+01   2.6781613e-14   8.7678137e+02   1.0000000e+00   5.5365435e-03
   2.8593126e+06   1.9508747e-01   2.2577087e-01   3.2883226e-13   4.2085834e-01   1.0000000e+00   5.5259887e-03
   1.1737819e+06   1.0000000e-01   1.9096192e-02   6.8555162e-13   1.1909619e-01   1.0000000e+00   5.5182887e-03
   8.0294793e+04   8.8888531e+02   3.4867399e+01   2.6445122e-14   9.2375271e+02   1.0000000e+00   5.5150213e-03
   2.6354458e+06   1.0000000e-01   1.2185220e-01   4.4120926e-13   2.2185220e-01   1.0000000e+00   5.5130818e-03
   9.3900707e+04   8.2022848e+02   2.6203039e+01   2.7057953e-14   8.4643152e+02   1.0000000e+00   5.5056526e-03
   1.4373946e+06   4.7336469e-01   2.7173402e-01   2.5456794e-13   7.4509870e-01   1.0000000e+00   5.4993058e-03
   2.6655890e+05   7.8967132e+01   6.8207654e+00   4.9542562e-14   8.5787898e+01   1.0000000e+00   5.4981448e-03
   8.1002373e+05   1.0161010e+01   2.5617619e+00   8.7377334e-14   1.2722772e+01   1.0000000e+00   5.4904019e-03
   8.1819945e+04   9.8334198e+02   3.2598624e+01   2.5794236e-14   1.0159406e+03   1.0000000e+00   5.4751416e-03
   9.2191463e+05   1.0000000e-01   1.2573962e-02   7.5933087e-13   1.1257396e-01   1.0000000e+00   5.4681687e-03
   2.6810282e+06   1.1808217e-01   1.2128216e-01   4.2463996e-13   2.3936433e-01   1.0000000e+00   5.4449408e-03
   1.2758917e+05   4.4306748e+02   1.8413746e+01   3.1645109e-14   4.6148123e+02   1.0000000e+00   5.4436274e-03
   8.0306790e+04   1.0000000e+03   4.6617196e+01   2.5626337e-14   1.0466172e+03   1.0000000e+00   5.4346156e-03
   7.9254497e+05   5.2818620e+00   2.7819996e+00   1.0235538e-13   8.0638616e+00   1.0000000e+00   5.4296205e-03
   9.1042451e+04   7.0470145e+02   2.7532027e+01   2.8052978e-14   7.3223348e+02   1.0000000e+00   5.4248434e-03
   9.0841216e+04   7.5190872e+02   2.7509427e+01   2.7598427e-14   7.7941815e+02   1.0000000e+00   5.4164857e-03
   2.9557041e+06   1.0036055e-01   1.1042120e-01   4.5325855e-13   2.1078175e-01   1.0000000e+00   5.4145576e-03
   2.7518902e+06   3.6174109e-01   3.3170791e-01   2.6447583e-13   6.9344900e-01   1.0000000e+00   5.3823683e-03
   1.1258665e+05   5.0450872e+02   2.0372704e+01   3.0559795e-14   5.2488142e+02   1.0000000e+00   5.3751930e-03
   3.4743566e+05   5.5279882e+01   5.3453915e+00   5.4750486e-14   6.0625273e+01   1.0000000e+00   5.3654875e-03
   1.0483724e+05   6.3108034e+02   2.9720178e+01   2.8819133e-14   6.6080052e+02   1.0000000e+00   5.3554623e-03
   2.9135389e+06   1.5008570e-01   1.7737864e-01   3.6889871e-13   3.2746434e-01   1.0000000e+00   5.3526379e-03
   1.0674828e+05   5.9913822e+02   2.8990166e+01   2.9193244e-14   6.2812838e+02   1.0000000e+00   5.3243634e-03
   1.2736297e+06   1.0000000e-01   3.0559867e-02   6.1171430e-13   1.3055987e-01   1.0000000e+00   5.2994908e-03
   2.5503086e+05   9.7833975e+01   1.0224090e+01   4.6473442e-14   1.0805806e+02   1.0000000e+00   5.2992818e-03
   1.4969505e+06   1.0000000e-01   4.4828252e-02   5.5832902e-13   1.4482825e-01   1.0000000e+00   5.2679769e-03
   1.0580678e+05   5.3774433e+02   2.4773961e+01   3.0017965e-14   5.6251829e+02   1.0000000e+00   5.2663915e-03
   2.0984924e+05   1.3355709e+02   1.1701937e+01   4.2874423e-14   1.4525903e+02   1.0000000e+00   5.2594584e-03
   1.9017975e+05   1.7373247e+02   1.4962562e+01   3.9986912e-14   1.8869503e+02   1.0000000e+00   5.2540188e-03
   1.1851328e+06   1.0000000e-01   1.9002325e-02   6.8665990e-13   1.1900233e-01   1.0000000e+00   5.2428702e-03
   2.5657497e+05   7.9988379e+01   8.0136675e+00   4.9173042e-14   8.8002047e+01   1.0000000e+00   5.2378095e-03
   9.7124085e+05   3.5382782e+00   1.0737919e+00   1.2249354e-13   4.6120701e+00   1.0000000e+00   5.2319679e-03
   2.3074013e+05   1.0906425e+02   9.3761722e+00   4.5310346e-14   1.1844042e+02   1.0000000e+00   5.2150155e-03
   1.2651739e+05   4.3778617e+02   1.8362615e+01   3.1724406e-14   4.5614878e+02   1.0000000e+00   5.2140189e-03
   2.5785191e+06   1.0000059e-01   8.4979864e-02   4.8094573e-13   1.8498046e-01   1.0000000e+00   5.2127850e-03
   1.2374034e+06   1.0000000e-01   2.3977947e-02   6.4774870e-13   1.2397795e-01   1.0000000e+00   5.2063858e-03
   9.6266082e+04   6.0590438e+02   3.0760000e+01   2.9108999e-14   6.3666438e+02   1.0000000e+00   5.1947005e-03
   1.0093235e+06   3.5724952e+00   9.1911846e-01   1.2479787e-13   4.4916136e+00   1.0000000e+00   5.1805009e-03
   8.3241241e+05   1.0000000e-01   1.3996541e-02   7.4245900e-13   1.1399654e-01   1.0000000e+00   5.1561737e-03
   1.2127021e+06   1.0000000e-01   1.9523918e-02   6.8236762e-13   1.1952392e-01   1.0000000e+00   5.1432590e-03
   1.4294128e+05   3.2006845e+02   1.9739689e+01   3.4227931e-14   3.3980814e+02   1.0000000e+00   5.1358255e-03
   3.0232516e+06   1.5921479e-01   1.9361426e-01   3.5760479e-13   3.5282905e-01   1.0000000e+00   5.1321734e-03
   5.1442383e+05   1.6196019e+01   4.5722417e+00   7.4894531e-14   2.0768261e+01   1.0000000e+00   5.1291220e-03
   8.5502273e+04   8.8416718e+02   3.4895565e+01   2.6465428e-14   9.1906274e+02   1.0000000e+00   5.1091226e-03
   8.4447901e+04   9.4673927e+02   2.8722086e+01   2.6069021e-14   9.7546135e+02   1.0000000e+00   5.1063771e-03
   1.7111473e+06   1.0011913e-01   4.5772118e-02   5.5375341e-13   1.4589124e-01   1.0000000e+00   5.0980946e-03
   1.4990522e+05   3.1595246e+02   1.5070834e+01   3.4509548e-14   3.3102329e+02   1.0000000e+00   5.0952928e-03
   8.8034674e+04   8.2793906e+02   2.7243922e+01   2.6951888e-14   8.5518299e+02   1.0000000e+00   5.0835614e-03
   1.0177087e+05   6.8204789e+02   2.9006289e+01   2.8283364e-14   7.1105418e+02   1.0000000e+00   5.0819422e-03
   8.1828159e+04   9.5107860e+02   3.0525524e+01   2.6018147e-14   9.8160412e+02   1.0000000e+00   5.0664184e-03
   1.2390105e+06   2.5141101e+00   1.1273675e+00   1.3273800e-13   3.6414775e+00   1.0000000e+00   5.0586141e-03
   8.5848876e+04   8.7301126e+02   2.8064990e+01   2.6594190e-14   9.0107625e+02   1.0000000e+00   5.0414288e-03
   1.1030130e+05   5.8109519e+02   2.2711009e+01   2.9500239e-14   6.0380619e+02   1.0000000e+00   5.0366770e-03
   1.1914788e+06   1.0000000e-01   2.5141323e-02   6.4083567e-13   1.2514132e-01   1.0000000e+00   5.0309554e-03
   9.2546270e+05   1.0000000e-01   1.2052430e-02   7.6768765e-13   1.1205243e-01   1.0000000e+00   5.0301336e-03
   1.0114001e+06   1.0000000e-01   1.5935816e-02   7.1607975e-13   1.1593582e-01   1.0000000e+00   5.0207185e-03
   8.2945649e+05   1.0000000e-01   1.0274961e-02   7.9819495e-13   1.1027496e-01   1.0000000e+00   5.0133693e-03
   2.1160005e+05   1.6612786e+02   1.3779102e+01   4.0591916e-14   1.7990696e+02   1.0000000e+00   5.0089178e-03
   1.0145903e+05   5.9382239e+02   3.2932716e+01   2.9217456e-14   6.2675511e+02   1.0000000e+00   5.0083364e-03
   2.6322654e+06   1.0000000e-01   8.1944127e-02   4.8637449e-13   1.8194413e-01   1.0000000e+00   4.9942364e-03
   1.6381307e+05   2.5590697e+02   1.7658911e+01   3.6254890e-14   2.7356588e+02   1.0000000e+00   4.9790307e-03
   5.7883939e+05   7.7454741e+00   2.6897685e+00   9.4552127e-14   1.0435243e+01   1.0000000e+00   4.9744756e-03
   2.5597341e+06   1.0198241e-01   1.0976999e-01   4.4948967e-13   2.1175240e-01   1.0000000e+00   4.9588604e-03
   1.3624398e+06   1.0000000e-01   3.3895746e-02   5.9614086e-13   1.3389575e-01   1.0000000e+00   4.9569901e-03
   7.6584993e+05   1.0000000e-01   1.0596933e-02   7.9316140e-13   1.1059693e-01   1.0000000e+00   4.9546244e-03
   1.4022539e+05   3.4016765e+02   1.9940337e+01   3.3716469e-14   3.6010798e+02   1.0000000e+00   4.9538945e-03
   9.4262410e+04   6.4468787e+02   3.0571758e+01   2.8659244e-14   6.7525963e+02   1.0000000e+00   4.9530912e-03
   2.6629991e+06   1.0000000e-01   8.8129104e-02   4.7745012e-13   1.8812910e-01   1.0000000e+00   4.9413069e-03
   1.5604035e+06   4.1368846e-01   2.0748092e-01   2.7610110e-13   6.2116938e-01   1.0000000e+00   4.9365516e-03
   8.4754676e+05   1.0000000e-01   1.2289814e-02   7.6393547e-13   1.1228981e-01   1.0000000e+00   4.9348061e-03
   1.9995882e+05   1.3939800e+02   1.2912051e+01   4.2357196e-14   1.5231005e+02   1.0000000e+00   4.9275579e-03
   8.1728255e+04   9.8932429e+02   3.1189119e+01   2.5765144e-14   1.0205134e+03   1.0000000e+00   4.9128555e-03
   9.3599997e+04   7.2815206e+02   2.7570705e+01   2.7818276e-14   7.5572276e+02   1.0000000e+00   4.9112845e-03
   1.3067441e+06   1.0000000e-01   3.2308908e-02   6.0354336e-13   1.3230891e-01   1.0000000e+00   4.9059318e-03
   1.7060036e+06   1.0011862e-01   4.6474423e-02   5.5171339e-13   1.4659304e-01   1.0000000e+00   4.8793146e-03
   2.1373415e+05   1.3355276e+02   1.0094542e+01   4.3010776e-14   1.4364731e+02   1.0000000e+00   4.8739540e-03
   2.6334236e+06   1.0000000e-01   8.8870720e-02   4.7602938e-13   1.8887072e-01   1.0000000e+00   4.8557604e-03
   2.9557042e+06   1.0000000e-01   1.1149376e-01   4.5247329e-13   2.1149376e-01   1.0000000e+00   4.8458720e-03
   3.0052997e+06   1.6102482e-01   1.9005228e-01   3.5820849e-13   3.5107710e-01   1.0000000e+00   4.8423406e-03
   1.4026921e+05   3.4012336e+02   1.4032810e+01   3.3894517e-14   3.5415617e+02   1.0000000e+00   4.8323867e-03
   1.1823954e+05   4.7249661e+02   2.2518548e+01   3.1030216e-14   4.9501516e+02   1.0000000e+00   4.8318188e-03
   1.4062095e+05   3.4121693e+02   1.9939927e+01   3.3693694e-14   3.6115685e+02   1.0000000e+00   4.8264528e-03
   2.2168417e+05   1.2811872e+02   1.0165979e+01   4.3458385e-14   1.3828469e+02   1.0000000e+00   4.8238974e-03
   9.2436096e+05   1.0000000e-01   1.2115599e-02   7.6662567e-13   1.1211560e-01   1.0000000e+00   4.8237127e-03
   1.4972996e+05   2.7339705e+02   1.7533757e+01   3.5641289e-14   2.9093081e+02   1.0000000e+00   4.8063352e-03
   9.2552167e+04   7.3075811e+02   2.6668384e+01   2.7801492e-14   7.5742650e+02   1.0000000e+00   4.8044978e-03
   8.4406604e+04   8.3869151e+02   2.9369117e+01   2.6851807e-14   8.6806063e+02   1.0000000e+00   4.7608441e-03
   2.8215295e+06   2.3924065e-01   3.3291249e-01   2.8854448e-13   5.7215314e-01   1.0000000e+00   4.7589913e-03
   8.6497715e+04   8.1842594e+02   3.0257111e+01   2.7005103e-14   8.4868305e+02   1.0000000e+00   4.7514274e-03
   1.0121359e+05   6.2321204e+02   2.9985861e+01   2.8889825e-14   6.5319790e+02   1.0000000e+00   4.7478078e-03
   1.4865268e+05   2.5912148e+02   1.8092594e+01   3.6115998e-14   2.7721408e+02   1.0000000e+00   4.7310665e-03
   1.9861555e+05   1.5834884e+02   1.0971468e+01   4.1155242e-14   1.6932031e+02   1.0000000e+00   4.7296550e-03
   9.9999669e+04   6.3339766e+02   3.0098083e+01   2.8772920e-14   6.6349574e+02   1.0000000e+00   4.7285350e-03
   8.3414874e+05   6.4809342e+00   2.5556919e+00   9.7021473e-14   9.0366261e+00   1.0000000e+00   4.7195276e-03
   1.1735475e+05   4.7273613e+02   2.1046574e+01   3.1047169e-14   4.9378270e+02   1.0000000e+00   4.7179999e-03
   1.4644587e+06   1.0000000e-01   4.0546137e-02   5.7122660e-13   1.4054614e-01   1.0000000e+00   4.7051199e-03
   1.2081476e+05   4.4870813e+02   1.9389428e+01   3.1483935e-14   4.6809756e+02   1.0000000e+00   4.7026702e-03
   2.7788105e+06   1.9609829e-01   2.1972462e-01   3.2990654e-13   4.1582291e-01   1.0000000e+00   4.6770597e-03
   9.0886635e+04   7.4081429e+02   2.7413206e+01   2.7701758e-14   7.6822750e+02   1.0000000e+00   4.6769088e-03
   9.0202433e+04   8.4632224e+02   2.7828831e+01   2.6814505e-14   8.7415107e+02   1.0000000e+00   4.6725918e-03
   1.2140234e+06   1.0001384e-01   2.0893688e-02   6.7036641e-13   1.2090753e-01   1.0000000e+00   4.6717222e-03
   1.0720114e+05   5.6486183e+02   2.2613771e+01   2.9682829e-14   5.8747560e+02   1.0000000e+00   4.6508457e-03
   5.2358559e+05   1.8716532e+01   3.3117231e+00   7.3229596e-14   2.2028255e+01   1.0000000e+00   4.6408277e-03
   1.4574509e+06   1.0000000e-01   3.4866880e-02   5.9140719e-13   1.3486688e-01   1.0000000e+00   4.6364917e-03
   1.1819780e+05   4.3151529e+02   1.9976508e+01   3.1773602e-14   4.5149180e+02   1.0000000e+00   4.6351560e-03
   1.4666161e+05   2.4619532e+02   1.6196126e+01   3.6670086e-14   2.6239145e+02   1.0000000e+00   4.6217971e-03
   1.2882749e+05   3.8389424e+02   1.8283451e+01   3.2745617e-14   4.0217770e+02   1.0000000e+00   4.6147373e-03
   1.7176992e+05   1.8311728e+02   1.5642824e+01   3.9475163e-14   1.9876010e+02   1.0000000e+00   4.6088263e-03
   9.7454506e+05   1.0000000e-01   1.4900905e-02   7.2803267e-13   1.1490091e-01   1.0000000e+00   4.5903844e-03
   1.4567575e+05   2.8559033e+02   1.6333141e+01   3.5292588e-14   3.0192347e+02   1.0000000e+00   4.5826101e-03
   2.8578462e+06   2.9941768e-01   3.0592773e-01   2.8065868e-13   6.0534540e-01   1.0000000e+00   4.5811019e-03
   1.1752698e+05   4.7515880e+02   2.3622882e+01   3.0969697e-14   4.9878168e+02   1.0000000e+00   4.5645474e-03
   1.3837293e+05   3.5894620e+02   1.9079091e+01   3.3299093e-14   3.7802529e+02   1.0000000e+00   4.5281607e-03
   2.9739077e+06   1.6411347e-01   1.7993120e-01   3.6136517e-13   3.4404466e-01   1.0000000e+00   4.5266208e-03
   7.9450220e+04   1.0000000e+03   3.2178147e+01   2.5686891e-14   1.0321781e+03   1.0000000e+00   4.5262438e-03
   2.7047075e+05   9.5381803e+01   6.8334609e+00   4.7389676e-14   1.0221526e+02   1.0000000e+00   4.5211178e-03
   2.7054699e+06   1.3775143e-01   1.5211444e-01   3.8849299e-13   2.8986587e-01   1.0000000e+00   4.5122832e-03
   1.0651887e+05   5.2755202e+02   1.9670470e+01   3.0236348e-14   5.4722249e+02   1.0000000e+00   4.5081158e-03
   8.3102000e+05   6.4811232e+00   2.5620157e+00   9.7007861e-14   9.0431389e+00   1.0000000e+00   4.4983674e-03
   2.5716466e+06   1.0000000e-01   8.5656857e-02   4.7987085e-13   1.8565686e-01   1.0000000e+00   4.4966400e-03
   2.5687566e+06   1.1811815e-01   1.1830081e-01   4.2645151e-13   2.3641895e-01   1.0000000e+00   4.4839290e-03
   1.1801193e+05   4.5782402e+02   1.8807931e+01   3.1334893e-14   4.7663195e+02   1.0000000e+00   4.4807491e-03
   1.4787232e+05   3.0556471e+02   1.5218766e+01   3.4759641e-14   3.2078347e+02   1.0000000e+00   4.4793172e-03
   1.2140289e+06   1.0000000e-01   2.4228508e-02   6.4617789e-13   1.2422851e-01   1.0000000e+00   4.4757338e-03
   1.2651730e+05   4.3772009e+02   1.8362409e+01   3.1725522e-14   4.5608250e+02   1.0000000e+00   4.4717235e-03
   9.2290168e+04   6.9858165e+02   2.6785002e+01   2.8116403e-14   7.2536665e+02   1.0000000e+00   4.4641696e-03
   1.1499066e+05   4.5632245e+02   2.1101757e+01   3.1316415e-14   4.7742420e+02   1.0000000e+00   4.4475570e-03
   1.0398554e+05   6.0865873e+02   2.9403330e+01   2.9067434e-14   6.3806206e+02   1.0000000e+00   4.4269529e-03
   1.0479060e+05   5.9196002e+02   2.8810120e+01   2.9271636e-14   6.2077014e+02   1.0000000e+00   4.4227710e-03
   1.1713055e+05   4.7908998e+02   2.1054779e+01   3.0946394e-14   5.0014476e+02   1.0000000e+00   4.4197140e-03
   2.7598587e+06   1.4422456e-01   1.5415168e-01   3.8365665e-13   2.9837625e-01   1.0000000e+00   4.4184734e-03
   2.9146420e+06   1.5060102e-01   1.7755092e-01   3.6854771e-13   3.2815194e-01   1.0000000e+00   4.3953511e-03
   1.0630927e+05   5.6812523e+02   2.1947706e+01   2.9648797e-14   5.9007294e+02   1.0000000e+00   4.3874848e-03
   8.7296450e+04   7.6471851e+02   2.7058355e+01   2.7496094e-14   7.9177687e+02   1.0000000e+00   4.3732568e-03
   8.0786189e+04   9.8601075e+02   3.1348884e+01   2.5782431e-14   1.0173596e+03   1.0000000e+00   4.3661902e-03
   2.7593924e+06   1.4458199e-01   1.5536869e-01   3.8271491e-13   2.9995069e-01   1.0000000e+00   4.3629829e-03
   9.3467319e+04   6.9692639e+02   3.0914898e+01   2.8096034e-14   7.2784129e+02   1.0000000e+00   4.3549695e-03
   1.4377793e+06   4.9678316e-01   2.4473206e-01   2.5561112e-13   7.4151522e-01   1.0000000e+00   4.3365261e-03
   1.2438720e+05   4.2146599e+02   2.1468728e+01   3.1936364e-14   4.4293472e+02   1.0000000e+00   4.3357402e-03
   1.0652793e+05   5.1518351e+02   1.9544748e+01   3.0420854e-14   5.3472825e+02   1.0000000e+00   4.3346547e-03
   1.4172425e+06   7.4684323e-01   4.3088114e-01   2.0780145e-13   1.1777244e+00   1.0000000e+00   4.3221807e-03
   9.0573633e+04   7.8187961e+02   3.0162872e+01   2.7312077e-14   8.1204248e+02   1.0000000e+00   4.3221414e-03
   9.6462407e+04   6.5513975e+02   2.7305293e+01   2.8558486e-14   6.8244504e+02   1.0000000e+00   4.3060940e-03
   1.7225432e+05   2.0968879e+02   1.4334489e+01   3.8185537e-14   2.2402328e+02   1.0000000e+00   4.3040730e-03
   1.5308049e+06   1.0970882e+00   6.2868503e-01   1.7662158e-13   1.7257732e+00   1.0000000e+00   4.2964252e-03
   1.9138686e+05   2.0844542e+02   1.4151064e+01   3.8373283e-14   2.2259648e+02   1.0000000e+00   4.2942041e-03
   2.1180100e+05   1.4361704e+02   1.1055952e+01   4.2170154e-14   1.5467299e+02   1.0000000e+00   4.2823474e-03
   9.5511974e+04   6.5278398e+02   3.1656134e+01   2.8553039e-14   6.8444012e+02   1.0000000e+00   4.2820463e-03
   1.4668378e+05   2.6294472e+02   1.5824088e+01   3.6054187e-14   2.7876881e+02   1.0000000e+00   4.2638515e-03
   1.4084486e+05   3.3132572e+02   1.9158557e+01   3.3949631e-14   3.5048428e+02   1.0000000e+00   4.2522050e-03
   8.4908391e+04   9.3073933e+02   3.1066062e+01   2.6160276e-14   9.6180540e+02   1.0000000e+00   4.2436790e-03
   3.5982215e+05   5.0027523e+01   5.4159967e+00   5.6060522e-14   5.5443520e+01   1.0000000e+00   4.2383392e-03
   2.8282283e+06   1.3436577e-01   1.3297882e-01   4.0489123e-13   2.6734459e-01   1.0000000e+00   4.2344040e-03
   1.2080713e+06   2.5753057e+00   7.2214058e-01   1.4069150e-13   3.2974463e+00   1.0000000e+00   4.2279798e-03
   2.6964052e+06   1.4277157e-01   1.5068669e-01   3.8614725e-13   2.9345826e-01   1.0000000e+00   4.2102503e-03
   1.0630452e+05   6.0337655e+02   2.9026405e+01   2.9141635e-14   6.3240296e+02   1.0000000e+00   4.1955594e-03
   2.5068522e+05   9.8358245e+01   7.1547180e+00   4.6854509e-14   1.0551296e+02   1.0000000e+00   4.1915621e-03
   3.7222394e+05   2.9517705e+01   5.5447750e+00   6.4126921e-14   3.5062480e+01   1.0000000e+00   4.1910718e-03
   1.3451507e+05   3.4924856e+02   1.8188310e+01   3.3524386e-14   3.6743687e+02   1.0000000e+00   4.1889958e-03
   1.0506764e+05   5.5333958e+02   2.8895771e+01   2.9763354e-14   5.8223535e+02   1.0000000e+00   4.1876184e-03
   1.3082079e+06   1.0000000e-01   3.1148837e-02   6.0847231e-13   1.3114884e-01   1.0000000e+00   4.1807718e-03
   1.3215678e+06   1.3770404e+00   6.2428295e-01   1.6706610e-13   2.0013233e+00   1.0000000e+00   4.1696606e-03
   1.3604985e+06   1.0000000e-01   3.0635174e-02   6.1028052e-13   1.3063517e-01   1.0000000e+00   4.1681850e-03
