   1.9967146e+07   6.5328667e+05   5.0162524e+02   1.0000000e+03   6.6375768e+01   1.9877430e+01   8.3575144e-14   1.5878784e+03   1.0000000e+00             Inf
   8.6101230e+06   3.1716679e+06   1.0000000e-01   1.0000000e-01   1.0000000e-02   1.0000000e-02   3.1052678e-12   2.2000000e-01   1.0000000e+00             Inf
   8.5782299e+06   3.0734173e+06   1.0000000e-01   1.5663723e-01   1.0333388e-02   1.1125951e-02   2.6044094e-12   2.7809657e-01   1.0000000e+00   2.6753532e-02
   2.0000000e+07   6.5066271e+05   4.1732071e+02   1.0000000e+03   6.7713688e+01   2.0716210e+01   8.3584152e-14   1.5057506e+03   1.0000000e+00   2.3296532e-02
   8.0407546e+06   2.9593793e+06   1.0021175e-01   1.5513486e-01   1.0093550e-02   1.0000000e-02   2.6667148e-12   2.7544016e-01   1.0000000e+00   2.1422309e-02
   1.9966144e+07   6.5335650e+05   4.7391002e+02   1.0000000e+03   6.7846074e+01   1.9108840e+01   8.3578406e-14   1.5608649e+03   1.0000000e+00   2.0322306e-02
   8.5879920e+06   3.0763811e+06   1.0000000e-01   1.2910554e-01   1.0139457e-02   1.1141036e-02   2.8169799e-12   2.5038603e-01   1.0000000e+00   1.9362559e-02
   8.0492071e+06   2.9649808e+06   1.0004086e-01   1.7320978e-01   1.0001431e-02   1.0109378e-02   2.5517133e-12   2.9336145e-01   1.0000000e+00   1.8549045e-02
   8.4322774e+06   3.0977792e+06   1.0000000e-01   1.1095610e-01   1.0916674e-02   1.1948935e-02   2.9986764e-12   2.3382171e-01   1.0000000e+00   1.8346860e-02
   8.1667998e+06   2.9671612e+06   1.0000000e-01   1.2940062e-01   1.0119158e-02   1.0218764e-02   2.8638317e-12   2.4973854e-01   1.0000000e+00   1.8160261e-02
   8.5329276e+06   3.1292598e+06   1.0072507e-01   1.1377563e-01   1.0000000e-02   1.0002143e-02   2.9547972e-12   2.3450285e-01   1.0000000e+00   1.7822637e-02
   9.4194569e+06   2.6704134e+06   1.0000000e-01   2.7097603e-01   1.0000000e-02   1.0310351e-02   2.1518123e-12   3.9128638e-01   1.0000000e+00   1.7565244e-02
   9.6223288e+06   2.8386522e+06   1.0061417e-01   2.2684098e-01   1.1560454e-02   1.0014008e-02   2.2592432e-12   3.4902962e-01   1.0000000e+00   1.6407495e-02
   8.1997070e+06   2.9568209e+06   1.0000000e-01   1.8061070e-01   1.0000000e-02   1.0009313e-02   2.5054801e-12   3.0062001e-01   1.0000000e+00   1.5566618e-02
   8.5709954e+06   3.0745180e+06   1.0001920e-01   1.3311014e-01   1.0130958e-02   1.1138600e-02   2.7827820e-12   2.5439890e-01   1.0000000e+00   1.5176115e-02
   1.7796982e+07   1.1287952e+06   7.1376081e+00   1.2825456e+02   2.9064860e+00   1.4692785e+00   1.6525767e-13   1.3976794e+02   1.0000000e+00   1.5144916e-02
   9.0687504e+06   2.6312868e+06   2.8961597e-01   1.0048594e+00   5.0400240e-02   2.2243870e-02   1.1800458e-12   1.3671195e+00   1.0000000e+00   1.4854536e-02
   9.5207646e+06   2.8124923e+06   1.0000000e-01   2.2561460e-01   1.0000000e-02   1.0000000e-02   2.2776322e-12   3.4561460e-01   1.0000000e+00   1.4809197e-02
   9.9857312e+06   2.8083215e+06   3.0468527e-01   7.3602193e-01   1.3193446e-02   1.3040793e-02   1.3119480e-12   1.0669414e+00   1.0000000e+00   1.4116526e-02
   1.9964444e+07   6.5335566e+05   4.4232062e+02   1.0000000e+03   6.3018698e+01   1.9140062e+01   8.3583851e-14   1.5244794e+03   1.0000000e+00   1.4078782e-02
   9.9072914e+06   2.8894804e+06   1.1783766e-01   5.0006265e-01   1.0000000e-02   1.0000000e-02   1.6541595e-12   6.3790031e-01   1.0000000e+00   1.4049663e-02
   9.4378747e+06   2.8141388e+06   1.0000000e-01   2.4125748e-01   1.0000000e-02   1.0000000e-02   2.2206432e-12   3.6125748e-01   1.0000000e+00   1.4013001e-02
   9.5207647e+06   2.8124923e+06   1.0000000e-01   2.1590860e-01   1.0000000e-02   1.8695172e-02   2.3149387e-12   3.4460377e-01   1.0000000e+00   1.3452337e-02
   9.3513770e+06   2.6066117e+06   3.6412773e-01   1.1043592e+00   3.8365408e-02   1.4416029e-02   1.1176679e-12   1.5212684e+00   1.0000000e+00   1.3171575e-02
   9.5944701e+06   2.8438806e+06   1.0030929e-01   2.8020954e-01   1.3132880e-02   1.0005806e-02   2.0788828e-12   4.0365752e-01   1.0000000e+00   1.3028217e-02
   9.7666397e+06   2.9428236e+06   1.0000000e-01   1.3643680e-01   1.0000000e-02   1.0000000e-02   2.7571218e-12   2.5643680e-01   1.0000000e+00   1.2921781e-02
   8.2237115e+06   2.9789448e+06   1.0066958e-01   2.1386931e-01   1.0015896e-02   1.0260384e-02   2.3416609e-12   3.3481517e-01   1.0000000e+00   1.2816418e-02
   9.5392993e+06   2.8279094e+06   1.0000000e-01   2.6883913e-01   1.2613411e-02   1.0000000e-02   2.1182527e-12   3.9145254e-01   1.0000000e+00   1.2653940e-02
   8.1238471e+06   2.9784477e+06   1.0000000e-01   2.0876779e-01   1.0340919e-02   1.0000000e-02   2.3689433e-12   3.2910871e-01   1.0000000e+00   1.2619267e-02
   9.5875265e+06   2.8855352e+06   1.0562570e-01   4.7330352e-01   1.0001414e-02   1.5682917e-02   1.7172365e-12   6.0461355e-01   1.0000000e+00   1.2289236e-02
   9.2208127e+06   1.7992185e+06   1.2580558e+00   6.9029065e+00   1.0560332e-01   8.1896732e-02   5.3751816e-13   8.3484623e+00   1.0000000e+00   1.2280887e-02
   2.0000000e+07   1.0771057e+06   6.5548633e+00   1.9080301e+02   2.1586178e+00   1.1598668e+00   1.4507058e-13   2.0067636e+02   1.0000000e+00   1.2195049e-02
   9.9136508e+06   2.8794397e+06   1.0000000e-01   2.8401169e-01   1.0000000e-02   1.0004910e-02   2.0587355e-12   4.0401660e-01   1.0000000e+00   1.2189649e-02
   2.0000000e+07   6.9878228e+05   3.2075417e+01   9.0580385e+02   7.5085918e+00   3.8295958e+00   8.7095476e-14   9.4921745e+02   1.0000000e+00   1.2075703e-02
   1.8861836e+07   1.2718950e+06   1.0588228e+01   1.3920159e+02   2.4674793e+00   1.5842921e+00   1.6121097e-13   1.5384158e+02   1.0000000e+00   1.2023938e-02
   9.8235643e+06   2.8704723e+06   1.0000000e-01   3.4884809e-01   1.3371257e-02   1.0033111e-02   1.9056655e-12   4.7225246e-01   1.0000000e+00   1.1777870e-02
   2.0000000e+07   6.5293147e+05   2.7182250e+02   1.0000000e+03   5.2004213e+01   1.9210323e+01   8.3623877e-14   1.3430370e+03   1.0000000e+00   1.1746012e-02
   2.0000000e+07   6.6093809e+05   3.1936264e+01   8.7121611e+02   7.6638392e+00   3.4238453e+00   8.8017220e-14   9.1424006e+02   1.0000000e+00   1.1715901e-02
   1.9998896e+07   6.5081164e+05   3.9873670e+02   1.0000000e+03   6.8142981e+01   2.0614322e+01   8.3586820e-14   1.4874940e+03   1.0000000e+00   1.1698519e-02
   9.4289163e+06   2.7126958e+06   2.6440206e-01   7.0598867e-01   2.2611872e-02   1.0000000e-02   1.3552171e-12   1.0030026e+00   1.0000000e+00   1.1696050e-02
   9.8364159e+06   2.8780148e+06   1.0689965e-01   3.2892064e-01   1.0000000e-02   1.1735498e-02   1.9383193e-12   4.5755579e-01   1.0000000e+00   1.1636501e-02
   9.4556615e+06   2.7024440e+06   2.0552370e-01   7.1794745e-01   1.0129127e-02   1.0000000e-02   1.3999907e-12   9.4360027e-01   1.0000000e+00   1.1561346e-02
   2.0000000e+07   6.5050493e+05   1.0759269e+02   1.0000000e+03   2.9526195e+01   1.4800972e+01   8.3791435e-14   1.1519199e+03   1.0000000e+00   1.1492697e-02
   1.9998734e+07   6.5047967e+05   2.7464776e+02   1.0000000e+03   6.1390380e+01   1.8490629e+01   8.3619723e-14   1.3545288e+03   1.0000000e+00   1.1291196e-02
   8.9831285e+06   2.5889684e+06   6.4842979e-01   2.5908983e+00   1.1048194e-01   6.7010352e-02   7.8022248e-13   3.4168203e+00   1.0000000e+00   1.1183712e-02
   2.0000000e+07   6.4526767e+05   7.7070489e+01   1.0000000e+03   2.4637958e+01   1.4699347e+01   8.3894581e-14   1.1164078e+03   1.0000000e+00   1.1042686e-02
   1.9799605e+07   7.8225259e+05   2.0003846e+01   5.4531999e+02   7.3015176e+00   1.7771813e+00   1.0175452e-13   5.7440254e+02   1.0000000e+00   1.1030576e-02
   9.3959247e+06   2.6052794e+06   2.9126038e-01   1.1240249e+00   3.0184774e-02   1.0000000e-02   1.1406152e-12   1.4554701e+00   1.0000000e+00   1.1017103e-02
   8.5370546e+06   3.0922562e+06   1.0283670e-01   1.6205494e-01   1.0000000e-02   1.1215215e-02   2.5615020e-12   2.8610686e-01   1.0000000e+00   1.0966779e-02
   2.0000000e+07   6.5072677e+05   1.4103078e+02   1.0000000e+03   3.3191221e+01   1.8724658e+01   8.3725496e-14   1.1929467e+03   1.0000000e+00   1.0956597e-02
   9.6169325e+06   2.8259275e+06   1.0000000e-01   3.2797874e-01   1.0002592e-02   1.0000000e-02   1.9696580e-12   4.4798133e-01   1.0000000e+00   1.0905893e-02
   9.9675861e+06   2.8720246e+06   1.0499852e-01   4.8156793e-01   1.6292642e-02   1.0000000e-02   1.6850712e-12   6.1285909e-01   1.0000000e+00   1.0883662e-02
   1.4298823e+07   1.4239457e+06   5.9392875e+00   6.2199052e+01   1.4937354e+00   1.5351889e+00   2.1540106e-13   7.1167263e+01   1.0000000e+00   1.0773573e-02
   8.5003651e+06   3.1105968e+06   1.1111889e-01   1.7153904e-01   1.0276191e-02   1.0875006e-02   2.4856110e-12   3.0380913e-01   1.0000000e+00   1.0744940e-02
   1.9997892e+07   6.5079563e+05   3.6867664e+02   1.0000000e+03   7.0220076e+01   2.2431098e+01   8.3589592e-14   1.4613278e+03   1.0000000e+00   1.0685534e-02
   9.0584108e+06   2.6163484e+06   4.6492638e-01   1.6871543e+00   9.3404246e-02   8.3667024e-02   9.3030038e-13   2.3291520e+00   1.0000000e+00   1.0580577e-02
   9.5581128e+06   2.8846071e+06   1.2332673e-01   3.6880345e-01   1.0000000e-02   1.4020229e-02   1.8395578e-12   5.1615040e-01   1.0000000e+00   1.0500743e-02
   1.4628772e+07   1.4719045e+06   6.3207000e+00   3.2111452e+01   1.0929942e+00   1.7094445e+00   2.7110710e-13   4.1234591e+01   1.0000000e+00   1.0480305e-02
   1.9995978e+07   6.5120950e+05   1.1984695e+02   1.0000000e+03   2.7397099e+01   1.5097019e+01   8.3771457e-14   1.1623411e+03   1.0000000e+00   1.0459847e-02
   1.7768064e+07   1.1737284e+06   7.4052081e+00   7.0766452e+01   1.2085613e+00   2.0328427e+00   2.0431033e-13   8.1413064e+01   1.0000000e+00   1.0397712e-02
   1.9992378e+07   6.5210976e+05   3.1819691e+02   9.9994903e+02   6.0709689e+01   1.8585175e+01   8.3608439e-14   1.3974408e+03   1.0000000e+00   1.0366030e-02
   1.3303487e+07   1.3371549e+06   4.8893359e+00   4.3619741e+01   7.5573160e-01   1.4314648e+00   2.4733884e-13   5.0696273e+01   1.0000000e+00   1.0219440e-02
   2.0000000e+07   1.1033249e+06   8.5283733e+00   1.7681792e+02   1.8741048e+00   1.5700977e+00   1.4789252e-13   1.8879049e+02   1.0000000e+00   1.0197974e-02
   1.4412894e+07   1.3791227e+06   5.8276407e+00   6.6716003e+01   1.4950901e+00   1.5399221e+00   2.1013364e-13   7.5578656e+01   1.0000000e+00   1.0123776e-02
   9.7037323e+06   2.9063598e+06   1.6454648e-01   6.7698341e-01   1.0550653e-02   1.0000000e-02   1.4428464e-12   8.6208054e-01   1.0000000e+00   1.0086572e-02
   1.9893883e+07   7.3392367e+05   2.6282990e+01   6.4986548e+02   6.7087205e+00   1.9514746e+00   9.6236621e-14   6.8480866e+02   1.0000000e+00   1.0073033e-02
   1.9999627e+07   6.5383372e+05   3.5256499e+02   1.0000000e+03   5.9452962e+01   2.1012707e+01   8.3597540e-14   1.4330307e+03   1.0000000e+00   1.0071956e-02
   9.8971546e+06   2.8830990e+06   1.0505626e-01   4.7984121e-01   1.6033674e-02   1.0000000e-02   1.6892326e-12   6.1093115e-01   1.0000000e+00   1.0012006e-02
   1.9834478e+07   7.4540908e+05   2.5183853e+01   6.3126531e+02   5.9819761e+00   2.0440215e+00   9.7137751e-14   6.6447516e+02   1.0000000e+00   1.0005436e-02
   1.9703924e+07   9.6079226e+05   1.4819324e+01   2.8288965e+02   3.9572359e+00   1.9684497e+00   1.2546561e-13   3.0363466e+02   1.0000000e+00   1.0002830e-02
   1.9974480e+07   6.5090130e+05   1.3995580e+02   1.0000000e+03   4.0204881e+01   2.0084032e+01   8.3717780e-14   1.2002447e+03   1.0000000e+00   9.9661759e-03
   2.0000000e+07   6.4230872e+05   1.3105902e+02   1.0000000e+03   3.3821086e+01   1.7984280e+01   8.3746340e-14   1.1828644e+03   1.0000000e+00   9.8656324e-03
   2.0000000e+07   6.5259863e+05   3.4348156e+02   1.0000000e+03   5.8874860e+01   2.1016109e+01   8.3599560e-14   1.4233725e+03   1.0000000e+00   9.7964392e-03
   9.3846415e+06   2.6085777e+06   2.7673719e-01   1.0835990e+00   2.6521700e-02   1.0000000e-02   1.1633053e-12   1.3968579e+00   1.0000000e+00   9.7233401e-03
   1.9803076e+07   6.5443702e+05   2.8695527e+01   9.5425649e+02   6.3166334e+00   3.9564346e+00   8.5840799e-14   9.9322508e+02   1.0000000e+00   9.7208731e-03
   9.4948330e+06   2.8436896e+06   1.0357417e-01   2.4972895e-01   1.2609758e-02   1.0003619e-02   2.1712999e-12   3.7591649e-01   1.0000000e+00   9.6934326e-03
   1.9999081e+07   6.2822521e+05   4.5052892e+01   1.0000000e+03   9.8299055e+00   4.0324780e+00   8.4314704e-14   1.0589153e+03   1.0000000e+00   9.6437893e-03
   8.7566562e+06   2.4859870e+06   6.3547603e-01   2.9023517e+00   1.0248513e-01   5.4160859e-02   7.5917403e-13   3.6944738e+00   1.0000000e+00   9.6406877e-03
   9.3381739e+06   2.6852450e+06   1.8978727e-01   6.3872131e-01   1.6705379e-02   1.0006581e-02   1.4600632e-12   8.5522054e-01   1.0000000e+00   9.6264488e-03
   9.6630279e+06   2.8255971e+06   1.0000000e-01   1.8505758e-01   1.0000000e-02   1.0388003e-02   2.4600243e-12   3.0544558e-01   1.0000000e+00   9.6247593e-03
   9.3212494e+06   2.6140490e+06   3.5077302e-01   9.0531931e-01   2.6500375e-02   2.8753793e-02   1.2080284e-12   1.3113465e+00   1.0000000e+00   9.6172386e-03
   9.6499233e+06   2.8049480e+06   1.0624925e-01   3.9903822e-01   1.0000000e-02   1.0000000e-02   1.8256053e-12   5.2528747e-01   1.0000000e+00   9.5904365e-03
   8.5647287e+06   3.1004203e+06   1.0033417e-01   1.0547742e-01   1.0000000e-02   1.1091911e-02   3.0596220e-12   2.2690350e-01   1.0000000e+00   9.5856316e-03
   9.4865334e+06   2.6888657e+06   2.1253616e-01   7.2804319e-01   1.3067430e-02   1.0815418e-02   1.3795982e-12   9.6446219e-01   1.0000000e+00   9.5753739e-03
   9.0759803e+06   2.6163479e+06   4.7467744e-01   1.7879000e+00   9.1328098e-02   8.2831790e-02   9.0996671e-13   2.4367373e+00   1.0000000e+00   9.5628397e-03
   9.9024468e+06   2.8721405e+06   1.0659298e-01   3.2512689e-01   1.0000000e-02   1.0041344e-02   1.9469410e-12   4.5176121e-01   1.0000000e+00   9.5564807e-03
   1.9801992e+07   9.3011596e+05   1.6403398e+01   2.6984512e+02   4.0465219e+00   1.8932403e+00   1.2714313e-13   2.9218828e+02   1.0000000e+00   9.5420844e-03
   9.6070196e+06   2.8264492e+06   1.0118359e-01   2.7454642e-01   1.1950553e-02   1.0000001e-02   2.0980907e-12   3.9768056e-01   1.0000000e+00   9.4786221e-03
   8.5551904e+06   3.0790432e+06   1.0000000e-01   1.2181851e-01   1.0000000e-02   1.0000000e-02   2.8872112e-12   2.4181851e-01   1.0000000e+00   9.3577925e-03
   2.0000000e+07   1.0102010e+06   1.2833250e+01   2.0134295e+02   3.5144882e+00   1.4905356e+00   1.4027682e-13   2.1918122e+02   1.0000000e+00   9.3524892e-03
   2.0000000e+07   7.3123666e+05   2.8774091e+01   8.6437712e+02   1.0614243e+01   3.9030781e+00   8.8479132e-14   9.0766853e+02   1.0000000e+00   9.3473112e-03
   2.0000000e+07   6.7227532e+05   3.3436928e+01   9.1886886e+02   7.5410875e+00   3.5917152e+00   8.6624956e-14   9.6343859e+02   1.0000000e+00   9.2390774e-03
   9.8845296e+06   2.8739704e+06   1.0000000e-01   3.6883932e-01   2.0810346e-02   1.0000000e-02   1.8572865e-12   4.9964966e-01   1.0000000e+00   9.2221831e-03
   1.9109607e+07   7.3679462e+05   1.9921929e+01   6.4586785e+02   4.8501467e+00   2.6377840e+00   9.6843516e-14   6.7327771e+02   1.0000000e+00   9.2137909e-03
   1.9872841e+07   8.1425807e+05   2.2124755e+01   4.8708588e+02   5.5056950e+00   3.2034116e+00   1.0514647e-13   5.1791974e+02   1.0000000e+00   9.2006224e-03
   1.9966090e+07   6.4804937e+05   1.8180955e+02   1.0000000e+03   5.3481838e+01   2.3156382e+01   8.3666425e-14   1.2584478e+03   1.0000000e+00   9.1668276e-03
   9.3266733e+06   2.7213698e+06   1.9712269e-01   6.9834356e-01   1.0000000e-02   1.3944187e-02   1.4189267e-12   9.1941044e-01   1.0000000e+00   9.1602420e-03
   1.4653576e+07   1.3879136e+06   5.7422678e+00   5.6115762e+01   1.5595430e+00   1.5485393e+00   2.2248986e-13   6.4966112e+01   1.0000000e+00   9.0650424e-03
   1.9575454e+07   9.1507667e+05   1.4471581e+01   3.7980954e+02   4.5726417e+00   1.5207388e+00   1.1464791e-13   4.0037450e+02   1.0000000e+00   9.0310731e-03
   1.9861633e+07   8.5467321e+05   2.5633577e+01   4.7652625e+02   5.4342548e+00   3.5021586e+00   1.0585413e-13   5.1109624e+02   1.0000000e+00   9.0294871e-03
   9.4865580e+06   2.8436459e+06   1.0366446e-01   2.4690081e-01   1.2639357e-02   1.0003658e-02   2.1810685e-12   3.7320829e-01   1.0000000e+00   9.0278448e-03
   9.5376358e+06   2.9033750e+06   1.1005251e-01   3.0230412e-01   1.2716615e-02   1.0000000e-02   1.9956786e-12   4.3507324e-01   1.0000000e+00   9.0208247e-03
   9.1738782e+06   1.9122488e+06   1.6053432e+00   5.7196849e+00   1.8181861e-01   5.4367842e-02   5.6067524e-13   7.5612146e+00   1.0000000e+00   8.9959252e-03
   1.9996250e+07   7.2263158e+05   2.8703195e+01   6.6849738e+02   8.2413276e+00   3.2455132e+00   9.5224638e-14   7.0868742e+02   1.0000000e+00   8.9568424e-03
   1.9997660e+07   6.5274244e+05   3.2668136e+02   1.0000000e+03   5.9132644e+01   2.0948804e+01   8.3603237e-14   1.4067628e+03   1.0000000e+00   8.9275128e-03
   2.0000000e+07   6.5344957e+05   3.0035832e+02   1.0000000e+03   6.1797388e+01   1.8712443e+01   8.3611200e-14   1.3808682e+03   1.0000000e+00   8.9121252e-03
   1.9801139e+07   6.4878351e+05   3.2565880e+01   9.9725331e+02   6.3857370e+00   3.1004341e+00   8.4686346e-14   1.0393054e+03   1.0000000e+00   8.8194492e-03
   2.0000000e+07   7.9479885e+05   2.0949522e+01   5.5456951e+02   6.6085298e+00   2.9039390e+00   1.0113084e-13   5.8503150e+02   1.0000000e+00   8.7717477e-03
   1.1292310e+07   1.6810667e+06   3.8191363e+00   1.8561381e+01   9.5935929e-01   5.0173477e-01   3.3892643e-13   2.3841612e+01   1.0000000e+00   8.7680511e-03
   2.0000000e+07   6.5197022e+05   2.3503618e+02   1.0000000e+03   6.6210867e+01   1.7385345e+01   8.3634178e-14   1.3186324e+03   1.0000000e+00   8.7621868e-03
   1.9914054e+07   7.6931414e+05   2.1026984e+01   5.8990372e+02   6.8205233e+00   2.8912938e+00   9.9235916e-14   6.2064252e+02   1.0000000e+00   8.7384093e-03
   2.0000000e+07   7.2118732e+05   2.2822630e+01   6.8093790e+02   7.6754002e+00   3.2816697e+00   9.4928861e-14   7.1471760e+02   1.0000000e+00   8.7163485e-03
   9.0820735e+06   2.6516557e+06   5.9509059e-01   1.4689954e+00   6.8696741e-02   8.1445089e-02   9.5611741e-13   2.2142278e+00   1.0000000e+00   8.7160490e-03
   9.4583120e+06   2.8168704e+06   1.0223739e-01   2.4596324e-01   1.0005732e-02   1.0000000e-02   2.1985646e-12   3.6820637e-01   1.0000000e+00   8.7118279e-03
   2.0000000e+07   7.3562832e+05   2.2980848e+01   6.6462738e+02   4.4146542e+00   2.3697069e+00   9.5798902e-14   6.9439259e+02   1.0000000e+00   8.6928307e-03
   1.9995296e+07   6.3933183e+05   3.2037135e+01   9.6294420e+02   8.1976255e+00   3.4800367e+00   8.5488202e-14   1.0066590e+03   1.0000000e+00   8.6816421e-03
   8.5422624e+06   3.0741510e+06   1.0000000e-01   1.0780093e-01   1.0000000e-02   1.1072270e-02   3.0415765e-12   2.2887320e-01   1.0000000e+00   8.6539741e-03
   9.5561848e+06   2.8281988e+06   1.0567125e-01   3.1428686e-01   1.6920010e-02   1.0000000e-02   1.9798860e-12   4.4687811e-01   1.0000000e+00   8.6193996e-03
   9.3744225e+06   2.6158511e+06   4.5103858e-01   1.7097601e+00   2.5652985e-02   3.4268905e-02   9.4152683e-13   2.2207206e+00   1.0000000e+00   8.6162818e-03
   1.9677645e+07   8.6212128e+05   1.3728644e+01   3.5672987e+02   3.8537299e+00   1.1973535e+00   1.1683505e-13   3.7550960e+02   1.0000000e+00   8.5948456e-03
   8.0374709e+06   2.9730566e+06   1.0000000e-01   1.9348459e-01   1.0000000e-02   1.0000022e-02   2.4440838e-12   3.1348461e-01   1.0000000e+00   8.5900838e-03
   1.9979147e+07   6.5166088e+05   2.5516278e+02   1.0000000e+03   6.2009486e+01   1.8711123e+01   8.3625942e-14   1.3358834e+03   1.0000000e+00   8.5506947e-03
   1.9912959e+07   7.8465089e+05   1.7923540e+01   4.2114474e+02   7.0786251e+00   2.4045778e+00   1.1041343e-13   4.4855148e+02   1.0000000e+00   8.5226681e-03
   1.0337603e+07   1.8491753e+06   1.2139822e+00   8.1546547e+00   5.7400692e-01   4.1339920e-02   4.9462037e-13   9.9839837e+00   1.0000000e+00   8.4808558e-03
   1.9909741e+07   6.5458822e+05   2.0547089e+02   1.0000000e+03   5.5654614e+01   2.5053069e+01   8.3647744e-14   1.2861786e+03   1.0000000e+00   8.3953014e-03
   1.9953293e+07   7.0599990e+05   2.7280341e+01   7.2557465e+02   7.7819961e+00   3.2965015e+00   9.2992120e-14   7.6393349e+02   1.0000000e+00   8.3844727e-03
   1.8422874e+07   9.4391897e+05   1.3671201e+01   2.0912811e+02   3.1626598e+00   1.5581565e+00   1.3910849e-13   2.2752013e+02   1.0000000e+00   8.3673567e-03
   8.1365334e+06   2.9649400e+06   1.0000000e-01   1.4953586e-01   1.0000000e-02   1.0415596e-02   2.7010998e-12   2.6995146e-01   1.0000000e+00   8.3239678e-03
   2.0000000e+07   1.0166412e+06   1.2601925e+01   1.6278720e+02   3.0146052e+00   1.3795032e+00   1.5087786e-13   1.7978323e+02   1.0000000e+00   8.2912088e-03
   8.0753345e+06   2.9405866e+06   1.0000000e-01   1.4767339e-01   1.0914366e-02   1.0000000e-02   2.7227286e-12   2.6858776e-01   1.0000000e+00   8.2725972e-03
   2.0000000e+07   6.5031924e+05   1.2081399e+02   1.0000000e+03   3.2104782e+01   1.5591670e+01   8.3760847e-14   1.1685104e+03   1.0000000e+00   8.2146576e-03
   1.9867556e+07   6.6587536e+05   3.2487220e+01   9.7962227e+02   6.5225940e+00   3.0655721e+00   8.5140159e-14   1.0216977e+03   1.0000000e+00   8.1862028e-03
   9.9588691e+06   2.8780643e+06   1.0162050e-01   3.6650934e-01   1.0830454e-02   1.1836105e-02   1.8673761e-12   4.9079640e-01   1.0000000e+00   8.1594509e-03
   1.0946100e+07   1.8027790e+06   3.0046684e+00   1.8037338e+01   1.6770396e-01   5.3623144e-01   3.5164538e-13   2.1745942e+01   1.0000000e+00   8.1513972e-03
   9.3723212e+06   2.6126746e+06   3.7541738e-01   1.2017352e+00   3.6137689e-02   1.3591391e-02   1.0817755e-12   1.6268817e+00   1.0000000e+00   8.1464126e-03
   9.5562159e+06   2.8141485e+06   1.5812185e-01   5.0126611e-01   1.0000000e-02   1.0000000e-02   1.6167379e-12   6.7938796e-01   1.0000000e+00   8.1295031e-03
   8.5565676e+06   3.0875685e+06   1.0389045e-01   1.5817074e-01   1.0000000e-02   1.0817815e-02   2.5848316e-12   2.8287901e-01   1.0000000e+00   8.0723363e-03
   9.0570424e+06   2.6822178e+06   1.8911295e-01   8.3833279e-01   2.1473828e-02   1.0182880e-02   1.3338222e-12   1.0591024e+00   1.0000000e+00   8.0689290e-03
   9.6057415e+06   2.8225945e+06   1.1893037e-01   3.8645677e-01   1.7337335e-02   1.0000086e-02   1.8106100e-12   5.3272456e-01   1.0000000e+00   8.0599373e-03
   1.1200307e+07   1.6144178e+06   4.0912778e+00   2.0287724e+01   9.0807824e-01   5.0211660e-01   3.2844487e-13   2.5789197e+01   1.0000000e+00   8.0429529e-03
   2.0000000e+07   6.5027944e+05   9.5126721e+01   9.9987940e+02   2.5072932e+01   1.5602486e+01   8.3832043e-14   1.1356815e+03   1.0000000e+00   7.9846260e-03
   1.9851893e+07   7.2172762e+05   2.8578203e+01   7.0801257e+02   7.8886603e+00   3.3919393e+00   9.3625570e-14   7.4787137e+02   1.0000000e+00   7.9369576e-03
   8.5629275e+06   3.1219962e+06   1.0070358e-01   1.1809496e-01   1.0000000e-02   1.0002102e-02   2.9101866e-12   2.3880065e-01   1.0000000e+00   7.9316384e-03
   1.9255931e+07   7.6426096e+05   1.7669616e+01   5.8555711e+02   6.9679125e+00   2.8260031e+00   9.9764533e-14   6.1302064e+02   1.0000000e+00   7.9252698e-03
   1.9529853e+07   8.2604896e+05   2.2359538e+01   4.7435889e+02   4.5957718e+00   2.7792384e+00   1.0611606e-13   5.0409344e+02   1.0000000e+00   7.9074300e-03
   9.6165694e+06   2.9329024e+06   1.1857858e-01   5.7988642e-01   1.3954051e-02   1.0000000e-02   1.5747355e-12   7.2241905e-01   1.0000000e+00   7.8762236e-03
   9.7465849e+06   2.6012436e+06   7.2803772e-01   4.1767683e+00   8.6684523e-02   3.5884281e-02   6.6177675e-13   5.0273748e+00   1.0000000e+00   7.8705085e-03
   1.9554761e+07   8.2889458e+05   2.1532988e+01   4.4597895e+02   4.2016794e+00   2.8272232e+00   1.0819015e-13   4.7454084e+02   1.0000000e+00   7.8699590e-03
   1.3113901e+07   1.3310853e+06   5.0738970e+00   4.6948065e+01   7.1838477e-01   1.3992295e+00   2.4087003e-13   5.4139577e+01   1.0000000e+00   7.8507311e-03
   1.0009342e+07   2.6173279e+06   8.9757470e-01   3.6009359e+00   9.0036960e-02   5.5264520e-02   6.7171414e-13   4.6438121e+00   1.0000000e+00   7.8447996e-03
   1.9805923e+07   6.5383393e+05   6.9761219e+01   9.9999311e+02   1.5416066e+01   7.1098333e+00   8.4001323e-14   1.0922802e+03   1.0000000e+00   7.7957454e-03
   1.9928891e+07   7.9924986e+05   2.7044745e+01   5.0026935e+02   5.9275741e+00   2.5929443e+00   1.0408433e-13   5.3583462e+02   1.0000000e+00   7.7882603e-03
   1.9954543e+07   6.5329890e+05   4.6268287e+02   1.0000000e+03   6.9063325e+01   1.8238002e+01   8.3580381e-14   1.5499842e+03   1.0000000e+00   7.7827896e-03
   8.5563559e+06   3.0694086e+06   1.0000887e-01   1.2359120e-01   1.0140790e-02   1.1117930e-02   2.8718441e-12   2.4485879e-01   1.0000000e+00   7.7422122e-03
   1.0432666e+07   1.8254204e+06   1.2576488e+00   7.6181702e+00   5.4846260e-01   4.5925700e-02   5.0545539e-13   9.4702074e+00   1.0000000e+00   7.7097550e-03
   1.9997752e+07   8.1082424e+05   1.6679889e+01   4.1629446e+02   6.5591934e+00   2.3977873e+00   1.1075112e-13   4.4193133e+02   1.0000000e+00   7.6849266e-03
   1.0700444e+07   1.8415251e+06   1.5863977e+00   9.3405101e+00   4.4237677e-01   4.1036944e-02   4.6101492e-13   1.1410322e+01   1.0000000e+00   7.6759949e-03
   1.9984481e+07   6.5668833e+05   2.0079526e+02   9.9991093e+02   4.5524114e+01   2.3100895e+01   8.3660602e-14   1.2693312e+03   1.0000000e+00   7.6560998e-03
   1.3110833e+07   1.3521597e+06   4.6141288e+00   3.1653577e+01   7.9104101e-01   1.3741138e+00   2.7976901e-13   3.8432860e+01   1.0000000e+00   7.6385391e-03
   9.0529109e+06   2.6450758e+06   2.6759742e-01   8.2773639e-01   1.8111536e-02   1.6201992e-02   1.2913007e-12   1.1296473e+00   1.0000000e+00   7.6120059e-03
   8.5802984e+06   3.0739555e+06   1.0003500e-01   1.2058527e-01   1.0000000e-02   1.0000000e-02   2.9001124e-12   2.4062027e-01   1.0000000e+00   7.6053953e-03
   1.9974057e+07   6.5954138e+05   3.0364734e+01   8.8418218e+02   7.7115898e+00   3.5861033e+00   8.7670684e-14   9.2584460e+02   1.0000000e+00   7.5669126e-03
   9.3792970e+06   2.6106619e+06   2.7669622e-01   1.1179030e+00   2.6955840e-02   1.0000000e-02   1.1507874e-12   1.4315551e+00   1.0000000e+00   7.5459609e-03
   1.7557822e+07   1.0479906e+06   6.2185399e+00   1.2461748e+02   1.3374015e+00   1.5629653e+00   1.6870927e-13   1.3373639e+02   1.0000000e+00   7.5440388e-03
   8.5303402e+06   3.0904758e+06   1.0033071e-01   1.0470452e-01   1.0000000e-02   1.1121321e-02   3.0738214e-12   2.2615655e-01   1.0000000e+00   7.5251911e-03
   9.6874010e+06   2.2106084e+06   1.4097004e+00   6.6802190e+00   1.3025886e-01   1.7730346e-01   5.2515779e-13   8.3974817e+00   1.0000000e+00   7.5170016e-03
   1.9979198e+07   7.3507932e+05   2.1099153e+01   6.5053717e+02   4.7106625e+00   2.4112323e+00   9.6480579e-14   6.7875822e+02   1.0000000e+00   7.4637092e-03
   8.5849534e+06   3.0747174e+06   1.0000157e-01   1.3062514e-01   1.0652610e-02   1.1092343e-02   2.8029716e-12   2.5237166e-01   1.0000000e+00   7.4629750e-03
   9.0837431e+06   2.6225072e+06   4.8634013e-01   1.8231183e+00   8.9364484e-02   7.6618599e-02   9.0168284e-13   2.4754415e+00   1.0000000e+00   7.4242558e-03
   1.9862092e+07   8.1750561e+05   2.4281133e+01   4.6066172e+02   5.2342659e+00   3.4376261e+00   1.0685498e-13   4.9361474e+02   1.0000000e+00   7.3768728e-03
   1.9949654e+07   6.5221560e+05   8.4880985e+01   1.0000000e+03   1.6526999e+01   8.4338572e+00   8.3915959e-14   1.1098418e+03   1.0000000e+00   7.3328653e-03
   9.6001324e+06   2.8954692e+06   1.1919293e-01   4.9203462e-01   3.3623460e-02   1.8228329e-02   1.6427131e-12   6.6307934e-01   1.0000000e+00   7.3267832e-03
   9.3848316e+06   2.6950525e+06   1.5343656e-01   6.0744895e-01   1.3032377e-02   1.3599835e-02   1.5215249e-12   7.8751773e-01   1.0000000e+00   7.3184315e-03
   9.6034369e+06   2.8209023e+06   1.1885750e-01   4.2270879e-01   1.8490523e-02   1.0002397e-02   1.7521354e-12   5.7005921e-01   1.0000000e+00   7.2752324e-03
   1.9966266e+07   6.5338866e+05   4.4847993e+02   1.0000000e+03   6.6441465e+01   1.9008921e+01   8.3581978e-14   1.5339303e+03   1.0000000e+00   7.2749645e-03
   9.5927280e+06   2.5447265e+06   4.3005085e-01   2.0693789e+00   9.9995120e-02   7.0843965e-02   8.6805012e-13   2.6702689e+00   1.0000000e+00   7.2292824e-03
   8.5103293e+06   3.0923252e+06   1.0000000e-01   1.0983152e-01   1.1148952e-02   1.1929077e-02   3.0102327e-12   2.3290954e-01   1.0000000e+00   7.2148963e-03
   1.9922130e+07   6.5463686e+05   2.3280260e+02   1.0000000e+03   6.0859464e+01   1.7785890e+01   8.3637805e-14   1.3114480e+03   1.0000000e+00   7.2100294e-03
   9.8889969e+06   2.8800943e+06   1.0000000e-01   2.9489676e-01   1.0000000e-02   1.0000000e-02   2.0305990e-12   4.1489676e-01   1.0000000e+00   7.2074632e-03
   9.6881232e+06   2.1583016e+06   1.6373665e+00   6.8169339e+00   1.6595048e-01   9.1545074e-02   5.1549560e-13   8.7117959e+00   1.0000000e+00   7.1959841e-03
   1.0902808e+07   1.8689347e+06   1.4114785e+00   8.6267283e+00   3.6861513e-01   5.0313371e-01   4.7182916e-13   1.0909956e+01   1.0000000e+00   7.1806446e-03
   8.1518658e+06   2.9790852e+06   1.0001112e-01   1.9980820e-01   1.0404382e-02   1.0023271e-02   2.4067271e-12   3.2024698e-01   1.0000000e+00   7.1652520e-03
   8.5701704e+06   3.0956161e+06   1.0103641e-01   1.0281504e-01   1.0096841e-02   1.1186836e-02   3.0932730e-12   2.2513513e-01   1.0000000e+00   7.1636506e-03
   1.9740414e+07   1.0478218e+06   1.3249254e+01   1.8797312e+02   3.1125064e+00   1.5132752e+00   1.4350763e-13   2.0584816e+02   1.0000000e+00   7.1231282e-03
   1.9529459e+07   9.4391687e+05   1.3356501e+01   2.4368160e+02   2.1072152e+00   1.9461026e+00   1.3211914e-13   2.6109142e+02   1.0000000e+00   7.1203128e-03
   8.8453620e+06   2.5019298e+06   9.0877149e-01   3.5382275e+00   1.0379269e-01   6.6252578e-02   6.8470037e-13   4.6170443e+00   1.0000000e+00   7.0994090e-03
   9.5384535e+06   2.6250142e+06   1.0715174e+00   4.9924750e+00   1.7860890e-01   1.6565645e-01   5.9837202e-13   6.4082577e+00   1.0000000e+00   7.0756499e-03
   2.0000000e+07   1.0019585e+06   1.3610979e+01   2.3697343e+02   2.1000676e+00   2.5895650e+00   1.3316016e-13   2.5527404e+02   1.0000000e+00   7.0715757e-03
   1.9902829e+07   1.0664134e+06   7.8586687e+00   1.5536803e+02   2.0077341e+00   1.6016543e+00   1.5426674e-13   1.6683609e+02   1.0000000e+00   7.0394252e-03
   9.0494883e+06   2.6460551e+06   2.8100234e-01   9.3927162e-01   1.8130157e-02   1.5280968e-02   1.2294057e-12   1.2536851e+00   1.0000000e+00   7.0360730e-03
   1.9992191e+07   6.5285050e+05   3.5723857e+02   1.0000000e+03   7.2107543e+01   1.9556295e+01   8.3593570e-14   1.4489024e+03   1.0000000e+00   6.9981450e-03
   1.9992915e+07   8.2433299e+05   2.7419613e+01   4.8973724e+02   5.9049957e+00   2.5306068e+00   1.0478764e-13   5.2559246e+02   1.0000000e+00   6.9667490e-03
   1.7529262e+07   1.1122635e+06   6.2643925e+00   1.2081719e+02   1.5238993e+00   1.5459432e+00   1.6975093e-13   1.3015143e+02   1.0000000e+00   6.9646109e-03
   1.3884302e+07   1.3589387e+06   2.5674953e+00   4.1599372e+01   9.4663395e-01   1.3341851e+00   2.5711053e-13   4.6447686e+01   1.0000000e+00   6.9448262e-03
   1.9794813e+07   6.4886964e+05   8.2898892e+01   1.0000000e+03   2.9733567e+01   1.4714975e+01   8.3865671e-14   1.1273474e+03   1.0000000e+00   6.9375385e-03
   1.9703201e+07   8.6742896e+05   1.5146128e+01   3.5901151e+02   5.7271936e+00   2.3135007e+00   1.1613975e-13   3.8219834e+02   1.0000000e+00   6.9329272e-03
   1.9999929e+07   6.5075128e+05   2.1278253e+02   1.0000000e+03   6.2675762e+01   1.8626205e+01   8.3645108e-14   1.2940845e+03   1.0000000e+00   6.9319593e-03
   9.5663123e+06   2.8893140e+06   1.4414613e-01   5.6814200e-01   1.0000000e-02   1.0000000e-02   1.5589346e-12   7.3228813e-01   1.0000000e+00   6.9202113e-03
   9.0744486e+06   2.6437301e+06   2.6543544e-01   8.6451363e-01   1.4770723e-02   1.0020217e-02   1.2813401e-12   1.1547400e+00   1.0000000e+00   6.9077929e-03
   1.0495251e+07   1.8465696e+06   2.9858809e+00   1.5660834e+01   3.7891735e-01   3.3218659e-01   3.6732979e-13   1.9357819e+01   1.0000000e+00   6.9013845e-03
   8.5540866e+06   3.0734308e+06   1.0000000e-01   1.1638233e-01   1.0000000e-02   1.0000000e-02   2.9448267e-12   2.3638233e-01   1.0000000e+00   6.8859067e-03
   1.3647729e+07   1.4236786e+06   2.4235297e+00   4.0328650e+01   9.3361985e-01   1.3631664e+00   2.6069278e-13   4.5048966e+01   1.0000000e+00   6.8805699e-03
   8.5753777e+06   3.0836298e+06   1.0019738e-01   1.0808165e-01   1.0000000e-02   1.1149760e-02   3.0334772e-12   2.2942879e-01   1.0000000e+00   6.8550180e-03
   1.9967515e+07   6.5275141e+05   4.7096348e+02   1.0000000e+03   6.5695988e+01   1.8956457e+01   8.3579633e-14   1.5556159e+03   1.0000000e+00   6.8539813e-03
   1.9929078e+07   7.9636243e+05   2.6968173e+01   4.6352669e+02   5.8407302e+00   2.5911368e+00   1.0658647e-13   4.9892672e+02   1.0000000e+00   6.8446392e-03
   2.0000000e+07   7.7566134e+05   1.8344584e+01   5.2505097e+02   6.4529092e+00   1.8966375e+00   1.0302564e-13   5.5174510e+02   1.0000000e+00   6.8363737e-03
   8.1416453e+06   2.9738016e+06   1.0000000e-01   2.0620525e-01   1.0416524e-02   1.0000000e-02   2.3797768e-12   3.2662178e-01   1.0000000e+00   6.8354145e-03
   1.9978847e+07   6.5156168e+05   2.5134910e+02   1.0000000e+03   5.9591963e+01   1.8313933e+01   8.3628911e-14   1.3292550e+03   1.0000000e+00   6.8241832e-03
   8.1483613e+06   2.9676216e+06   1.0000000e-01   1.9541142e-01   1.0000000e-02   1.0009395e-02   2.4305934e-12   3.1542082e-01   1.0000000e+00   6.8167073e-03
   8.9141783e+06   2.4658428e+06   8.0013502e-01   4.8830862e+00   1.1673550e-01   4.4801324e-02   6.3055071e-13   5.8447580e+00   1.0000000e+00   6.7900844e-03
   9.0358044e+06   2.6492582e+06   2.8299107e-01   9.4408924e-01   1.8078768e-02   1.5298981e-02   1.2265248e-12   1.2604581e+00   1.0000000e+00   6.7893956e-03
   8.7012438e+06   2.1154177e+06   1.3375755e+00   5.2511961e+00   8.1884093e-02   2.7995862e-01   5.8406154e-13   6.9506143e+00   1.0000000e+00   6.7830752e-03
   1.7717804e+07   1.1191379e+06   7.1978112e+00   1.0107002e+02   1.6905153e+00   2.1338145e+00   1.7984216e-13   1.1209216e+02   1.0000000e+00   6.7672975e-03
   9.4053889e+06   2.0471432e+06   9.7664237e-01   4.0511854e+00   2.2194160e-01   7.1022695e-02   6.4922033e-13   5.3207921e+00   1.0000000e+00   6.7632310e-03
   9.4584979e+06   2.6983198e+06   2.1121312e-01   7.2240960e-01   1.3099303e-02   1.0848530e-02   1.3840645e-12   9.5757055e-01   1.0000000e+00   6.7618305e-03
   1.9651925e+07   6.7319056e+05   2.6166626e+01   8.0507554e+02   8.3661121e+00   3.0571794e+00   9.0275834e-14   8.4266545e+02   1.0000000e+00   6.7573444e-03
   1.9999542e+07   6.5082902e+05   3.8020311e+02   1.0000000e+03   7.0883044e+01   2.0581888e+01   8.3589006e-14   1.4716680e+03   1.0000000e+00   6.7490770e-03
   9.5260680e+06   2.6417187e+06   1.1048040e+00   2.4337453e+00   2.1161818e-01   1.1655305e-01   7.5194755e-13   3.8667205e+00   1.0000000e+00   6.7280871e-03
   2.0000000e+07   6.8075308e+05   2.6742269e+01   8.4100234e+02   7.9755364e+00   3.1740447e+00   8.9061113e-14   8.7889419e+02   1.0000000e+00   6.7221827e-03
   9.3388992e+06   2.5911038e+06   3.2026068e-01   1.3128273e+00   1.1437238e-01   3.5882830e-02   1.0521538e-12   1.7833432e+00   1.0000000e+00   6.7218836e-03
   8.7079253e+06   2.1136575e+06   1.3473735e+00   4.5530449e+00   8.1778851e-02   2.8183633e-01   6.1398482e-13   6.2640336e+00   1.0000000e+00   6.7131537e-03
   2.0000000e+07   6.5923653e+05   1.6881669e+02   1.0000000e+03   4.7528198e+01   2.0968645e+01   8.3684841e-14   1.2373135e+03   1.0000000e+00   6.6999477e-03
   1.9955592e+07   8.6069218e+05   1.2783681e+01   3.4373644e+02   5.2754382e+00   1.4163183e+00   1.1814981e-13   3.6321188e+02   1.0000000e+00   6.6857063e-03
   9.8743370e+06   2.8789460e+06   1.0816819e-01   3.5543230e-01   1.0000000e-02   1.0000000e-02   1.8819113e-12   4.8360049e-01   1.0000000e+00   6.6841586e-03
   1.9912715e+07   6.9882272e+05   2.2055131e+01   6.6781302e+02   7.7081488e+00   3.2783875e+00   9.5609263e-14   7.0085469e+02   1.0000000e+00   6.6823119e-03
   1.9962635e+07   7.0346472e+05   2.6839394e+01   7.6616602e+02   7.6626587e+00   3.2418757e+00   9.1527756e-14   8.0390995e+02   1.0000000e+00   6.6742652e-03
   1.9256043e+07   9.2026265e+05   1.2438863e+01   1.7029705e+02   3.1389470e+00   1.3434453e+00   1.5027183e-13   1.8721830e+02   1.0000000e+00   6.6612690e-03
   1.9762161e+07   6.3306602e+05   5.6221374e+01   9.9883246e+02   1.6177223e+01   7.5828627e+00   8.4129502e-14   1.0788139e+03   1.0000000e+00   6.6411469e-03
   2.0000000e+07   6.5321258e+05   3.3064831e+02   9.9998649e+02   5.9442780e+01   2.1533663e+01   8.3601977e-14   1.4116112e+03   1.0000000e+00   6.6191853e-03
   9.6075019e+06   2.8189519e+06   1.1881670e-01   4.1538320e-01   1.8489003e-02   1.0002375e-02   1.7632880e-12   5.6269128e-01   1.0000000e+00   6.6034243e-03
   2.0000000e+07   7.2303434e+05   2.6737898e+01   7.3243992e+02   7.8201285e+00   3.5358287e+00   9.2745807e-14   7.7053378e+02   1.0000000e+00   6.5988386e-03
   9.0650289e+06   2.6306526e+06   2.9384010e-01   8.3096461e-01   4.1374609e-02   1.6602220e-02   1.2667611e-12   1.1827815e+00   1.0000000e+00   6.5937101e-03
   1.9884180e+07   6.6871652e+05   3.1990013e+01   8.4963041e+02   7.5415835e+00   3.4170453e+00   8.8668015e-14   8.9257905e+02   1.0000000e+00   6.5653112e-03
   1.7404865e+07   1.1425195e+06   6.1498128e+00   1.1546654e+02   1.4672506e+00   1.5510401e+00   1.7243139e-13   1.2463464e+02   1.0000000e+00   6.5409604e-03
   9.3649483e+06   2.6219708e+06   3.5244641e-01   1.1573276e+00   3.8081261e-02   1.4469608e-02   1.1010182e-12   1.5623249e+00   1.0000000e+00   6.5307551e-03
   9.3651384e+06   2.5557828e+06   4.3683479e-01   1.5230089e+00   3.2269534e-02   1.7863414e-02   9.8389806e-13   2.0099766e+00   1.0000000e+00   6.5252061e-03
   2.0000000e+07   6.5082446e+05   3.9319836e+02   1.0000000e+03   6.7611932e+01   2.0709271e+01   8.3587765e-14   1.4815196e+03   1.0000000e+00   6.5205493e-03
   9.3254595e+06   2.6910405e+06   1.5943651e-01   6.3439579e-01   1.0002041e-02   1.0000000e-02   1.5053619e-12   8.1383434e-01   1.0000000e+00   6.5204496e-03
   9.3630861e+06   2.0559951e+06   9.3609413e-01   4.2020772e+00   2.4457353e-01   7.3463913e-02   6.4215652e-13   5.4562088e+00   1.0000000e+00   6.5085539e-03
   1.9967009e+07   6.5345137e+05   4.5621565e+02   1.0000000e+03   6.7987072e+01   1.9057223e+01   8.3580461e-14   1.5432599e+03   1.0000000e+00   6.5083958e-03
   1.9996728e+07   6.5247986e+05   3.1199629e+02   1.0000000e+03   5.9508939e+01   1.8802859e+01   8.3608938e-14   1.3903081e+03   1.0000000e+00   6.5045180e-03
   1.9567529e+07   7.8443946e+05   1.8974939e+01   5.3271252e+02   6.8180211e+00   1.9360455e+00   1.0256727e-13   5.6044152e+02   1.0000000e+00   6.4980753e-03
   1.0749271e+07   1.8415159e+06   1.6226619e+00   9.8957915e+00   4.2629454e-01   4.1813481e-02   4.5068370e-13   1.1986561e+01   1.0000000e+00   6.4968336e-03
   8.5734141e+06   3.0955155e+06   1.0000000e-01   1.5870742e-01   1.0591555e-02   1.0000000e-02   2.5858812e-12   2.7929897e-01   1.0000000e+00   6.4820979e-03
   1.9032414e+07   6.8217090e+05   3.5181390e+01   8.5354927e+02   6.7224222e+00   4.2185273e+00   8.8534690e-14   8.9967161e+02   1.0000000e+00   6.4742925e-03
   1.9684190e+07   8.6191787e+05   1.4142666e+01   3.7020978e+02   5.2067710e+00   1.8501613e+00   1.1521841e-13   3.9140938e+02   1.0000000e+00   6.4485141e-03
   1.9999970e+07   6.5370612e+05   3.5894423e+02   1.0000000e+03   5.9378308e+01   2.1039091e+01   8.3596272e-14   1.4393616e+03   1.0000000e+00   6.4192138e-03
   2.0000000e+07   7.3446628e+05   2.8291132e+01   6.8678756e+02   8.1430593e+00   3.3697208e+00   9.4470757e-14   7.2659147e+02   1.0000000e+00   6.4187640e-03
   1.9794532e+07   6.5416086e+05   2.5688779e+01   9.4651319e+02   7.6631169e+00   4.2508308e+00   8.6095321e-14   9.8411592e+02   1.0000000e+00   6.4175777e-03
   1.9965106e+07   6.4806251e+05   1.8853886e+02   1.0000000e+03   4.5252233e+01   2.0990500e+01   8.3668558e-14   1.2547816e+03   1.0000000e+00   6.4106568e-03
   8.5365651e+06   3.0780905e+06   1.0000000e-01   1.1827654e-01   1.0000000e-02   1.0000000e-02   2.9240749e-12   2.3827654e-01   1.0000000e+00   6.4050851e-03
   1.9973790e+07   6.5602767e+05   2.0575239e+02   9.9985790e+02   4.9355644e+01   2.3030823e+01   8.3655992e-14   1.2779968e+03   1.0000000e+00   6.4017416e-03
   1.9999558e+07   6.9379017e+05   2.3885501e+01   8.3501400e+02   8.8634527e+00   2.5383796e+00   8.9382974e-14   8.7030134e+02   1.0000000e+00   6.3972241e-03
   9.3393569e+06   2.6068462e+06   3.6439218e-01   1.2459880e+00   6.3154895e-02   2.5765344e-02   1.0616239e-12   1.6993004e+00   1.0000000e+00   6.3898022e-03
   1.9990621e+07   6.5122821e+05   1.6007533e+02   1.0000000e+03   4.5892104e+01   1.7777722e+01   8.3693286e-14   1.2237452e+03   1.0000000e+00   6.3660841e-03
   1.9960980e+07   6.4483889e+05   3.2245279e+01   9.9957710e+02   1.0477358e+01   6.7447789e+00   8.4461622e-14   1.0490445e+03   1.0000000e+00   6.3337454e-03
   9.7045114e+06   2.7226384e+06   2.2796903e-01   9.5613513e-01   1.0000000e-02   1.6556383e-02   1.2484230e-12   1.2106605e+00   1.0000000e+00   6.3286737e-03
   9.6960305e+06   2.7183407e+06   2.2929832e-01   9.5638168e-01   1.0000000e-02   1.7030295e-02   1.2476948e-12   1.2127103e+00   1.0000000e+00   6.3206877e-03
   8.1369265e+06   2.9905368e+06   1.0000000e-01   1.8217599e-01   1.0012887e-02   1.0126293e-02   2.4924862e-12   3.0231517e-01   1.0000000e+00   6.3158881e-03
   2.0000000e+07   6.5124543e+05   1.5645484e+02   1.0000000e+03   4.4243281e+01   1.8165957e+01   8.3697450e-14   1.2188641e+03   1.0000000e+00   6.2692302e-03
   9.4769358e+06   2.6810217e+06   1.4485636e-01   6.0546521e-01   1.0000000e-02   1.3398072e-02   1.5397120e-12   7.7371965e-01   1.0000000e+00   6.2506748e-03
   1.9844360e+07   6.9091150e+05   3.0651551e+01   8.1832892e+02   7.6583911e+00   3.5094611e+00   8.9666295e-14   8.6014832e+02   1.0000000e+00   6.2405971e-03
   1.9999078e+07   6.8217236e+05   2.2581618e+01   7.8448688e+02   5.3347062e+00   3.0116282e+00   9.1167819e-14   8.1541483e+02   1.0000000e+00   6.2392324e-03
   1.9994955e+07   7.4520726e+05   2.6512977e+01   7.3716170e+02   8.0423038e+00   2.5473292e+00   9.2714468e-14   7.7426431e+02   1.0000000e+00   6.2025607e-03
   9.5486952e+06   2.6484734e+06   1.1726821e+00   2.6652245e+00   2.4631876e-01   1.3095745e-01   7.2435228e-13   4.2151828e+00   1.0000000e+00   6.1921158e-03
   1.9951416e+07   7.0102389e+05   2.3855293e+01   7.2168903e+02   7.6455657e+00   2.8584121e+00   9.3299793e-14   7.5604830e+02   1.0000000e+00   6.1807810e-03
   9.6109671e+06   2.8693528e+06   1.2933109e-01   5.2966808e-01   1.6824355e-02   1.2135482e-02   1.6000099e-12   6.8795901e-01   1.0000000e+00   6.1769471e-03
   9.3884481e+06   2.6991048e+06   1.3882648e-01   5.9053659e-01   1.3082691e-02   1.3601533e-02   1.5538887e-12   7.5604730e-01   1.0000000e+00   6.1644900e-03
   9.3232902e+06   2.6121532e+06   3.4849704e-01   9.0497087e-01   2.6477818e-02   2.8570914e-02   1.2089946e-12   1.3085166e+00   1.0000000e+00   6.1532657e-03
   9.6216040e+06   2.5244433e+06   4.5515717e-01   2.1022014e+00   6.6157508e-02   1.0000000e-02   8.7436317e-13   2.6335161e+00   1.0000000e+00   6.1205753e-03
   1.9782528e+07   6.6995641e+05   3.1043209e+01   9.1952190e+02   1.4975838e+01   3.4853603e+00   8.6582238e-14   9.6902631e+02   1.0000000e+00   6.0963532e-03
   9.5627630e+06   2.8266648e+06   1.4250928e-01   4.2812834e-01   1.0139228e-02   1.0000000e-02   1.7263285e-12   5.9077685e-01   1.0000000e+00   6.0923567e-03
   9.6072444e+06   2.8336080e+06   1.0008033e-01   2.2471174e-01   1.1615349e-02   1.0018721e-02   2.2701934e-12   3.4642614e-01   1.0000000e+00   6.0878140e-03
   1.9760334e+07   6.3356598e+05   6.3439377e+01   1.0000000e+03   1.6962053e+01   7.3666445e+00   8.4046988e-14   1.0877681e+03   1.0000000e+00   6.0813989e-03
   9.4145787e+06   2.8210054e+06   1.0220239e-01   2.4365452e-01   1.0005857e-02   1.0000000e-02   2.2073790e-12   3.6586277e-01   1.0000000e+00   6.0800616e-03
   9.3385806e+06   2.6044606e+06   3.6909954e-01   1.3220176e+00   6.9055797e-02   5.7435837e-02   1.0348221e-12   1.8176088e+00   1.0000000e+00   6.0694779e-03
   9.3527675e+06   2.6806914e+06   1.8889176e-01   6.2720785e-01   1.1588563e-02   1.0092467e-02   1.4797626e-12   8.3778063e-01   1.0000000e+00   6.0615207e-03
   1.9997306e+07   6.5092285e+05   2.9250977e+02   1.0000000e+03   6.1740886e+01   1.8716526e+01   8.3613674e-14   1.3729672e+03   1.0000000e+00   6.0587162e-03
   9.8267748e+06   2.6916360e+06   3.5052184e-01   1.3685246e+00   1.1728322e-01   1.0000000e-02   1.0232521e-12   1.8463296e+00   1.0000000e+00   6.0512083e-03
   1.9960981e+07   6.4483888e+05   3.2410425e+01   9.9954945e+02   1.0880151e+01   6.7451043e+00   8.4453194e-14   1.0495851e+03   1.0000000e+00   6.0446435e-03
   9.2785521e+06   2.6995357e+06   1.5958880e-01   6.5371531e-01   1.0000000e-02   1.0000000e-02   1.4909810e-12   8.3330411e-01   1.0000000e+00   6.0411715e-03
   8.0754484e+06   2.9658632e+06   1.0000000e-01   1.5245272e-01   1.0160164e-02   1.0421117e-02   2.6822440e-12   2.7303401e-01   1.0000000e+00   6.0369665e-03
   8.8487766e+06   2.5039909e+06   9.7224235e-01   3.3485350e+00   1.0206591e-01   6.1038104e-02   6.9286198e-13   4.4838814e+00   1.0000000e+00   6.0349629e-03
   1.9999970e+07   6.5124325e+05   3.6078006e+02   1.0000000e+03   5.9467195e+01   2.2973255e+01   8.3594368e-14   1.4432205e+03   1.0000000e+00   6.0102334e-03
   1.9680783e+07   9.5806325e+05   1.4277981e+01   2.6017485e+02   4.1303482e+00   2.0144998e+00   1.2884527e-13   2.8059768e+02   1.0000000e+00   5.9865258e-03
   2.0000000e+07   8.0300705e+05   2.2286738e+01   5.1399775e+02   6.9635664e+00   2.8607754e+00   1.0337552e-13   5.4610883e+02   1.0000000e+00   5.9833578e-03
   1.7697843e+07   1.1206690e+06   7.2256582e+00   9.7569913e+01   1.7349833e+00   2.1308054e+00   1.8210468e-13   1.0866136e+02   1.0000000e+00   5.9813378e-03
   2.0000000e+07   7.7330373e+05   2.1886418e+01   6.2411049e+02   6.9624000e+00   2.9037539e+00   9.7569477e-14   6.5586306e+02   1.0000000e+00   5.9763783e-03
   1.9962459e+07   6.5335510e+05   4.4592101e+02   1.0000000e+03   6.3217758e+01   1.8963811e+01   8.3583532e-14   1.5281026e+03   1.0000000e+00   5.9533733e-03
   1.9993802e+07   6.5326990e+05   3.0567499e+02   1.0000000e+03   6.2689237e+01   1.8750119e+01   8.3609391e-14   1.3871143e+03   1.0000000e+00   5.9465754e-03
   1.0563002e+07   1.8547343e+06   2.1241111e+00   1.4698484e+01   3.3690517e-01   3.0332737e-01   3.8335212e-13   1.7462827e+01   1.0000000e+00   5.9418614e-03
   1.9911792e+07   6.7039448e+05   2.4898638e+01   6.9819589e+02   7.6959935e+00   3.4560715e+00   9.4367991e-14   7.3424660e+02   1.0000000e+00   5.9373008e-03
   1.9967212e+07   6.5339616e+05   4.5256772e+02   1.0000000e+03   6.7978447e+01   1.9105162e+01   8.3580844e-14   1.5396513e+03   1.0000000e+00   5.8768480e-03
   1.7591873e+07   1.0618373e+06   1.0651459e+01   1.5888202e+02   2.8867593e+00   1.3208402e+00   1.5278507e-13   1.7374108e+02   1.0000000e+00   5.8687754e-03
   9.5375748e+06   2.8226412e+06   1.0000000e-01   3.0587131e-01   1.1638181e-02   1.0000000e-02   2.0202563e-12   4.2750949e-01   1.0000000e+00   5.8458386e-03
   2.0000000e+07   7.1418222e+05   2.5055818e+01   6.8608841e+02   7.8251230e+00   3.2432253e+00   9.4628115e-14   7.2221258e+02   1.0000000e+00   5.8250918e-03
   1.9697215e+07   8.7275617e+05   1.5365589e+01   3.2469338e+02   4.1905369e+00   2.1643613e+00   1.1999322e-13   3.4641387e+02   1.0000000e+00   5.8216292e-03
   2.0000000e+07   7.0289261e+05   2.6874661e+01   7.5339771e+02   8.1793290e+00   2.9770384e+00   9.1975344e-14   7.9142874e+02   1.0000000e+00   5.8213337e-03
   8.9050315e+06   2.5083484e+06   8.6386022e-01   3.2143494e+00   1.0532090e-01   7.9138837e-02   7.0815043e-13   4.2626694e+00   1.0000000e+00   5.8121811e-03
   1.9880406e+07   7.7251044e+05   2.2077100e+01   6.0684375e+02   6.9184170e+00   2.8007084e+00   9.8372051e-14   6.3863998e+02   1.0000000e+00   5.8007686e-03
   1.9837269e+07   6.8509519e+05   2.8193000e+01   7.8023036e+02   9.1531385e+00   3.1108456e+00   9.0994003e-14   8.2068735e+02   1.0000000e+00   5.7966852e-03
   1.7692219e+07   1.0788433e+06   7.5333767e+00   1.1150795e+02   1.7827815e+00   1.2296658e+00   1.7410393e-13   1.2205377e+02   1.0000000e+00   5.7669013e-03
   9.3349713e+06   2.6439575e+06   3.6743542e-01   1.2929319e+00   6.9738755e-02   5.7531505e-02   1.0414805e-12   1.7876375e+00   1.0000000e+00   5.7573525e-03
   1.7410039e+07   1.0864252e+06   8.0793230e+00   8.7768659e+01   1.9886272e+00   2.2055650e+00   1.8986791e-13   1.0004217e+02   1.0000000e+00   5.7500196e-03
   1.7591646e+07   1.2382482e+06   6.2421560e+00   8.4794947e+01   1.6924712e+00   2.1068286e+00   1.9091706e-13   9.4836403e+01   1.0000000e+00   5.7159936e-03
   1.9605170e+07   6.5110120e+05   3.4561625e+01   9.8600989e+02   6.3062506e+00   3.2547413e+00   8.4929223e-14   1.0301325e+03   1.0000000e+00   5.7087752e-03
   1.9822929e+07   9.5110524e+05   1.5036753e+01   2.9340149e+02   4.1112196e+00   1.9867872e+00   1.2395669e-13   3.1453625e+02   1.0000000e+00   5.6794629e-03
   8.1838655e+06   2.9827215e+06   1.0000000e-01   2.0158278e-01   1.0428773e-02   1.0000000e-02   2.3964189e-12   3.2201155e-01   1.0000000e+00   5.6743477e-03
   9.6216040e+06   2.5244433e+06   4.7056471e-01   2.1415331e+00   6.4505239e-02   7.6587542e-02   8.5274627e-13   2.7531906e+00   1.0000000e+00   5.6730830e-03
   1.9719483e+07   6.3583038e+05   5.8117713e+01   1.0000000e+03   1.6807042e+01   7.7398357e+00   8.4076593e-14   1.0826646e+03   1.0000000e+00   5.6671562e-03
   1.9844694e+07   6.8996553e+05   3.0663583e+01   8.0956132e+02   7.7437471e+00   3.5075128e+00   8.9945711e-14   8.5147616e+02   1.0000000e+00   5.6588420e-03
   1.9836798e+07   6.8756313e+05   3.0715282e+01   8.2543155e+02   7.6097950e+00   3.5565396e+00   8.9438124e-14   8.6731317e+02   1.0000000e+00   5.6102974e-03
   2.0000000e+07   8.5577065e+05   1.3330870e+01   4.0042496e+02   5.2492665e+00   1.1499320e+00   1.1264249e-13   4.2015503e+02   1.0000000e+00   5.6097003e-03
   1.9585483e+07   7.8720176e+05   1.7668308e+01   5.1650366e+02   6.7397122e+00   1.6682779e+00   1.0366205e-13   5.4257996e+02   1.0000000e+00   5.6014748e-03
   2.0000000e+07   6.5110722e+05   2.2097868e+02   1.0000000e+03   6.0952204e+01   2.1970454e+01   8.3637982e-14   1.3039013e+03   1.0000000e+00   5.5976418e-03
   9.5719948e+06   2.8136745e+06   1.1840691e-01   4.0657420e-01   1.8397270e-02   1.0060416e-02   1.7795170e-12   5.5343879e-01   1.0000000e+00   5.5961046e-03
   1.9834311e+07   7.4270892e+05   2.4473862e+01   6.2524158e+02   5.9425912e+00   2.0510030e+00   9.7445960e-14   6.5770904e+02   1.0000000e+00   5.5672786e-03
   1.9852188e+07   7.0217025e+05   2.6787476e+01   7.4204204e+02   7.9976494e+00   3.3697285e+00   9.2394787e-14   7.8019689e+02   1.0000000e+00   5.5637296e-03
   1.9698415e+07   9.6039725e+05   1.4817711e+01   2.8612210e+02   4.0358645e+00   1.9771850e+00   1.2501818e-13   3.0695286e+02   1.0000000e+00   5.5596666e-03
   1.8966856e+07   1.0544123e+06   1.0967674e+01   1.9526383e+02   3.4944568e+00   8.9616248e-01   1.4247584e-13   2.1062213e+02   1.0000000e+00   5.5572260e-03
   1.9848365e+07   7.5068850e+05   2.5026185e+01   6.1075558e+02   4.7247075e+00   2.4057497e+00   9.8142539e-14   6.4291222e+02   1.0000000e+00   5.5563679e-03
   8.1948023e+06   2.9676412e+06   1.0000000e-01   1.9758917e-01   1.0030676e-02   1.0009185e-02   2.4180618e-12   3.1762903e-01   1.0000000e+00   5.5503894e-03
   9.8889969e+06   2.8800944e+06   1.0000000e-01   2.9049006e-01   1.0000064e-02   1.0005296e-02   2.0420624e-12   4.1049542e-01   1.0000000e+00   5.5416584e-03
   1.9996995e+07   6.5208539e+05   1.8009331e+02   1.0000000e+03   4.0324603e+01   2.0568615e+01   8.3677335e-14   1.2409865e+03   1.0000000e+00   5.5379644e-03
   2.0000000e+07   6.4087836e+05   1.2293251e+02   9.9998214e+02   3.3787539e+01   1.8675326e+01   8.3760750e-14   1.1753775e+03   1.0000000e+00   5.5374208e-03
   1.9916769e+07   6.5800964e+05   3.2133947e+01   9.9123735e+02   8.4840831e+00   3.3531375e+00   8.4778096e-14   1.0352085e+03   1.0000000e+00   5.5317697e-03
   1.0922595e+07   1.6404499e+06   3.8576124e+00   1.7355222e+01   9.0671111e-01   5.7232841e-01   3.4904428e-13   2.2691874e+01   1.0000000e+00   5.5291905e-03
   1.7548318e+07   9.9166983e+05   7.9357215e+00   9.4680817e+01   1.9425879e+00   2.1214080e+00   1.8761631e-13   1.0668053e+02   1.0000000e+00   5.5147480e-03
   8.1693155e+06   2.9508466e+06   1.0297416e-01   2.0335069e-01   1.0000000e-02   1.0009179e-02   2.3895926e-12   3.2633403e-01   1.0000000e+00   5.5104504e-03
   8.0407546e+06   2.9593793e+06   1.0000000e-01   1.4485143e-01   1.0000000e-02   1.0000000e-02   2.7420877e-12   2.6485143e-01   1.0000000e+00   5.4845784e-03
   9.6209746e+06   2.5596107e+06   4.8499600e-01   2.2238185e+00   6.1055876e-02   7.8570600e-02   8.3942601e-13   2.8484410e+00   1.0000000e+00   5.4805890e-03
   9.5663125e+06   2.8893140e+06   1.0559477e-01   4.5408383e-01   1.0000000e-02   1.5655895e-02   1.7413475e-12   5.8533450e-01   1.0000000e+00   5.4788839e-03
   1.9999651e+07   6.5241963e+05   1.8221621e+02   1.0000000e+03   4.5164066e+01   2.0892161e+01   8.3671360e-14   1.2482724e+03   1.0000000e+00   5.4698236e-03
   1.9968171e+07   6.5592495e+05   1.9688535e+02   1.0000000e+03   5.0289756e+01   2.3423063e+01   8.3657155e-14   1.2705982e+03   1.0000000e+00   5.4595971e-03
   9.4134063e+06   2.5534038e+06   4.2732999e-01   1.6080295e+00   3.1052564e-02   1.4399628e-02   9.6946486e-13   2.0808117e+00   1.0000000e+00   5.4390379e-03
   9.3835252e+06   2.6199737e+06   3.6882440e-01   1.1606200e+00   3.7204148e-02   1.3554957e-02   1.0960548e-12   1.5802035e+00   1.0000000e+00   5.4140202e-03
   1.9700196e+07   8.6712091e+05   1.5009712e+01   3.9144245e+02   4.3912967e+00   2.3226763e+00   1.1316782e-13   4.1316614e+02   1.0000000e+00   5.4105673e-03
   2.0000000e+07   6.4868724e+05   2.8355191e+02   1.0000000e+03   5.9093914e+01   1.8315227e+01   8.3619023e-14   1.3609610e+03   1.0000000e+00   5.4037096e-03
   1.9999997e+07   6.4946997e+05   9.9337212e+01   1.0000000e+03   3.0230792e+01   1.4546807e+01   8.3809945e-14   1.1441148e+03   1.0000000e+00   5.3964353e-03
   2.0000000e+07   6.4639239e+05   1.4507602e+02   1.0000000e+03   4.5840781e+01   1.7845445e+01   8.3711614e-14   1.2087622e+03   1.0000000e+00   5.3780206e-03
   9.3885555e+06   2.6979212e+06   1.5365823e-01   6.1127046e-01   1.3030318e-02   1.3606092e-02   1.5176320e-12   7.9156509e-01   1.0000000e+00   5.3655807e-03
   9.6647269e+06   2.8637500e+06   1.2912419e-01   5.4581323e-01   1.6843566e-02   1.2265440e-02   1.5826804e-12   7.0404643e-01   1.0000000e+00   5.3641404e-03
   8.9833433e+06   2.5280756e+06   6.6232012e-01   2.3543847e+00   9.7785695e-02   4.4851121e-02   8.0619054e-13   3.1593417e+00   1.0000000e+00   5.3624257e-03
   1.9474603e+07   9.2553027e+05   1.6100219e+01   2.4892512e+02   1.4498522e+00   3.1935782e+00   1.3121058e-13   2.6966877e+02   1.0000000e+00   5.3495331e-03
   9.5681993e+06   2.8115847e+06   1.1537605e-01   3.9649479e-01   1.8368477e-02   1.0000037e-02   1.8012791e-12   5.4023936e-01   1.0000000e+00   5.3448487e-03
   1.9999929e+07   6.5077551e+05   2.1592731e+02   9.9999976e+02   6.2609544e+01   1.8645266e+01   8.3643418e-14   1.2971819e+03   1.0000000e+00   5.3412945e-03
   1.5786555e+07   1.0932730e+06   1.0497101e+01   1.4956844e+02   2.8640323e+00   1.5824287e+00   1.5649093e-13   1.6451201e+02   1.0000000e+00   5.3145549e-03
   2.0000000e+07   7.3343965e+05   2.9281841e+01   7.0315338e+02   8.0447684e+00   3.2292375e+00   9.3798644e-14   7.4370923e+02   1.0000000e+00   5.2998358e-03
   8.1000398e+06   2.9401246e+06   1.0000487e-01   1.4694820e-01   1.0938235e-02   1.0000000e-02   2.7271893e-12   2.6789131e-01   1.0000000e+00   5.2951477e-03
   8.2151283e+06   2.9839708e+06   1.0483019e-01   1.8664206e-01   1.0027826e-02   1.0009338e-02   2.4565426e-12   3.1150941e-01   1.0000000e+00   5.2804006e-03
   1.3871491e+07   1.3800931e+06   2.4340375e+00   2.6961795e+01   6.9405305e-01   1.3331821e+00   3.0252168e-13   3.1423067e+01   1.0000000e+00   5.2623543e-03
   1.9794813e+07   6.4886987e+05   8.3005515e+01   9.9998992e+02   2.9679188e+01   1.4732373e+01   8.3865586e-14   1.1274070e+03   1.0000000e+00   5.2604376e-03
   1.7249351e+07   1.0796313e+06   7.6618666e+00   7.6427758e+01   2.5909317e+00   6.3327071e-01   2.0104977e-13   8.7313827e+01   1.0000000e+00   5.2596316e-03
   1.9993019e+07   6.4837999e+05   1.6597382e+02   1.0000000e+03   4.3921368e+01   2.0459336e+01   8.3687278e-14   1.2303545e+03   1.0000000e+00   5.2586384e-03
   1.9995100e+07   8.3864718e+05   2.1648104e+01   4.3640530e+02   4.9165779e+00   2.7773945e+00   1.0881571e-13   4.6574737e+02   1.0000000e+00   5.2200576e-03
   1.8639400e+07   1.0235359e+06   1.3415576e+01   2.1974970e+02   3.2609925e+00   1.5513081e+00   1.3659484e-13   2.3797757e+02   1.0000000e+00   5.2189962e-03
   2.0000000e+07   6.4861810e+05   3.5937795e+01   8.9007168e+02   6.6990312e+00   4.2193858e+00   8.7417771e-14   9.3692789e+02   1.0000000e+00   5.2037242e-03
   1.9821216e+07   6.5583346e+05   2.6575264e+01   8.4843244e+02   8.3580054e+00   3.7370237e+00   8.8873100e-14   8.8710274e+02   1.0000000e+00   5.1764958e-03
   2.0000000e+07   6.8018929e+05   2.7172878e+01   7.5952141e+02   7.9783401e+00   3.1107018e+00   9.1791146e-14   7.9778333e+02   1.0000000e+00   5.1704870e-03
   1.1261740e+07   1.6171913e+06   3.7676091e+00   2.1857839e+01   9.2646037e-01   4.1077581e-01   3.2056324e-13   2.6962684e+01   1.0000000e+00   5.1650290e-03
   1.9983846e+07   6.4889803e+05   2.1160792e+02   1.0000000e+03   4.5862211e+01   2.3288651e+01   8.3651123e-14   1.2807588e+03   1.0000000e+00   5.1561144e-03
   8.0376435e+06   2.9593113e+06   1.0020246e-01   1.5480938e-01   1.0093815e-02   1.0000000e-02   2.6691354e-12   2.7510566e-01   1.0000000e+00   5.1407805e-03
   9.5922482e+06   2.5380637e+06   4.1975466e-01   1.9544437e+00   9.3656393e-02   6.8435278e-02   8.8772236e-13   2.5362901e+00   1.0000000e+00   5.1325610e-03
   1.9822987e+07   7.4624313e+05   2.4959035e+01   6.1631660e+02   4.7628686e+00   2.4098287e+00   9.7879414e-14   6.4844833e+02   1.0000000e+00   5.1314756e-03
   2.0000000e+07   6.5188706e+05   2.8917224e+02   1.0000000e+03   5.7397210e+01   1.8395611e+01   8.3616665e-14   1.3649651e+03   1.0000000e+00   5.1304734e-03
   9.5650766e+06   2.8298312e+06   1.0000000e-01   2.7388900e-01   1.0000000e-02   1.0000000e-02   2.1075057e-12   3.9388900e-01   1.0000000e+00   5.1287548e-03
   1.9809054e+07   9.3471611e+05   1.3559222e+01   2.9375009e+02   2.8548651e+00   1.6516388e+00   1.2423670e-13   3.1181581e+02   1.0000000e+00   5.1277480e-03
   2.0000000e+07   6.7689266e+05   3.3479107e+01   9.2847093e+02   7.5341228e+00   3.7027121e+00   8.6376045e-14   9.7318687e+02   1.0000000e+00   5.1096288e-03
   9.6207672e+06   2.8646746e+06   1.2974360e-01   5.3799571e-01   1.6859122e-02   1.2213930e-02   1.5908955e-12   6.9681237e-01   1.0000000e+00   5.1095796e-03
   1.4579292e+07   1.4014450e+06   6.8751592e+00   4.7395480e+01   1.0568848e+00   1.5248288e+00   2.3533283e-13   5.6852353e+01   1.0000000e+00   5.0906275e-03
   1.3687156e+07   1.3780943e+06   2.1741715e+00   3.2192463e+01   8.0517825e-01   1.1236430e+00   2.8478807e-13   3.6295456e+01   1.0000000e+00   5.0823235e-03
   9.5028716e+06   2.6245076e+06   1.0418234e+00   5.2191736e+00   1.7692163e-01   1.6254437e-01   5.9324469e-13   6.6004630e+00   1.0000000e+00   5.0775239e-03
   8.1135309e+06   2.9601413e+06   1.0000000e-01   1.5175153e-01   1.0013128e-02   1.0428824e-02   2.6873717e-12   2.7219348e-01   1.0000000e+00   5.0767998e-03
   9.3885633e+06   2.6978108e+06   1.9928998e-01   6.7675768e-01   1.0155089e-02   2.2325684e-02   1.4296861e-12   9.0852843e-01   1.0000000e+00   5.0737893e-03
   1.9963684e+07   7.4518936e+05   1.8580341e+01   5.6647509e+02   6.5475763e+00   1.9759765e+00   1.0069948e-13   5.9357898e+02   1.0000000e+00   5.0685880e-03
   1.9955210e+07   7.0662841e+05   2.6618416e+01   7.1977748e+02   7.7733985e+00   3.3103502e+00   9.3235987e-14   7.5747965e+02   1.0000000e+00   5.0683762e-03
   1.0693815e+07   1.3229105e+06   3.9454008e+00   2.9227328e+01   7.6794739e-01   8.3278726e-01   2.9564415e-13   3.4773463e+01   1.0000000e+00   5.0679473e-03
   1.9923726e+07   7.0422106e+05   2.4199061e+01   7.0362966e+02   8.3663878e+00   3.4350401e+00   9.3955027e-14   7.3963015e+02   1.0000000e+00   5.0668940e-03
   8.5653475e+06   3.1180763e+06   1.0067340e-01   1.1592382e-01   1.0036755e-02   1.0002252e-02   2.9339941e-12   2.3663622e-01   1.0000000e+00   5.0602479e-03
   2.0000000e+07   7.7428971e+05   2.0664739e+01   5.9558819e+02   7.2252849e+00   2.9944701e+00   9.8962190e-14   6.2647268e+02   1.0000000e+00   5.0552427e-03
   9.4344161e+06   2.6958933e+06   1.7215557e-01   8.2832700e-01   1.6206198e-02   1.6465408e-02   1.3443871e-12   1.0331542e+00   1.0000000e+00   5.0421236e-03
   1.9994537e+07   6.5065699e+05   2.9167454e+02   1.0000000e+03   6.0813514e+01   1.8762580e+01   8.3614344e-14   1.3712506e+03   1.0000000e+00   5.0411931e-03
   9.5611948e+06   2.8215249e+06   1.0000000e-01   3.1094974e-01   1.1713638e-02   1.0000000e-02   2.0071171e-12   4.3266337e-01   1.0000000e+00   5.0181627e-03
   1.0828880e+07   1.8154857e+06   2.7608907e+00   1.0440982e+01   1.4528913e-01   5.6440884e-01   4.2924967e-13   1.3911571e+01   1.0000000e+00   5.0105183e-03
   1.7502200e+07   1.0912626e+06   6.9035351e+00   7.9732827e+01   2.5559879e+00   6.4752571e-01   1.9757899e-13   8.9839876e+01   1.0000000e+00   5.0104246e-03
   1.8928080e+07   7.9215223e+05   2.0773435e+01   5.6900481e+02   6.7975964e+00   2.8645579e+00   1.0050763e-13   5.9944040e+02   1.0000000e+00   5.0034135e-03
   1.9944554e+07   6.4770311e+05   7.6580192e+01   1.0000000e+03   1.5384089e+01   8.1330466e+00   8.3956150e-14   1.1000973e+03   1.0000000e+00   4.9994535e-03
   1.9807692e+07   6.5275330e+05   3.2687316e+01   9.7501761e+02   6.4901585e+00   3.0980653e+00   8.5229040e-14   1.0172931e+03   1.0000000e+00   4.9949579e-03
   8.5126400e+06   3.0863886e+06   1.0297249e-01   1.3696730e-01   1.0061253e-02   1.1054264e-02   2.7437490e-12   2.6105531e-01   1.0000000e+00   4.9807038e-03
   1.9647775e+07   6.7894129e+05   2.7024200e+01   7.9482868e+02   7.9068311e+00   3.3042418e+00   9.0577606e-14   8.3306396e+02   1.0000000e+00   4.9792287e-03
   9.5710274e+06   2.8891060e+06   1.0565634e-01   4.5843986e-01   1.0000000e-02   1.5581552e-02   1.7356173e-12   5.8967775e-01   1.0000000e+00   4.9738269e-03
   8.8201498e+06   2.1202055e+06   1.4247046e+00   5.2841940e+00   1.8744744e-01   2.9037798e-01   5.7386412e-13   7.1867240e+00   1.0000000e+00   4.9591932e-03
   9.5651851e+06   2.8935482e+06   1.0000000e-01   4.2951569e-01   1.0000000e-02   1.0000000e-02   1.7891570e-12   5.4951569e-01   1.0000000e+00   4.9580951e-03
   1.9992915e+07   8.2433290e+05   2.7114810e+01   4.8977528e+02   5.7896916e+00   2.4724794e+00   1.0480464e-13   5.2515226e+02   1.0000000e+00   4.9514754e-03
   1.9999769e+07   7.6965241e+05   2.1966066e+01   5.3583093e+02   6.6564147e+00   2.9100062e+00   1.0209918e-13   5.6736342e+02   1.0000000e+00   4.9330027e-03
   9.5486952e+06   2.6484734e+06   1.1614009e+00   2.6430862e+00   2.5660019e-01   1.3789913e-01   7.2673990e-13   4.1989865e+00   1.0000000e+00   4.9137969e-03
   1.9047723e+07   6.7340820e+05   3.5446614e+01   8.9792550e+02   7.0150209e+00   4.1955592e+00   8.7226742e-14   9.4458269e+02   1.0000000e+00   4.9136573e-03
   9.0633487e+06   2.6295898e+06   2.8948215e-01   8.3116183e-01   4.1763984e-02   1.6851670e-02   1.2682874e-12   1.1792596e+00   1.0000000e+00   4.8424244e-03
   7.9459010e+06   3.1038870e+06   1.0000000e-01   2.1560545e-01   1.0000000e-02   1.0000000e-02   2.3302284e-12   3.3560545e-01   1.0000000e+00   4.8393909e-03
   1.0109630e+07   1.9364832e+06   1.8209461e+00   7.9119766e+00   4.0810592e-01   3.3723711e-01   4.8174743e-13   1.0478266e+01   1.0000000e+00   4.8391457e-03
   9.0140981e+06   2.5414322e+06   5.8008799e-01   2.3060389e+00   6.5238032e-02   3.2124566e-02   8.2641363e-13   2.9834894e+00   1.0000000e+00   4.8315504e-03
   8.8528739e+06   2.5188029e+06   8.5849465e-01   3.3270419e+00   1.0211027e-01   6.1253213e-02   7.0242583e-13   4.3489000e+00   1.0000000e+00   4.7784695e-03
   9.2851623e+06   2.6973512e+06   1.5953498e-01   6.4461143e-01   1.0000000e-02   1.0000000e-02   1.4979912e-12   8.2414640e-01   1.0000000e+00   4.7714666e-03
   2.0000000e+07   9.0800327e+05   1.4118222e+01   3.1368618e+02   5.2326345e+00   1.2346468e+00   1.2141623e-13   3.3427168e+02   1.0000000e+00   4.7685173e-03
   2.0000000e+07   6.5021850e+05   9.9311447e+01   1.0000000e+03   2.4984626e+01   1.5762863e+01   8.3818152e-14   1.1400589e+03   1.0000000e+00   4.7559234e-03
   2.0000000e+07   6.4167279e+05   1.2485396e+02   1.0000000e+03   3.3781878e+01   1.8663518e+01   8.3755858e-14   1.1772994e+03   1.0000000e+00   4.7204386e-03
   8.9598778e+06   2.5527243e+06   7.1366855e-01   2.4076631e+00   9.9807781e-02   6.2757145e-02   7.9323722e-13   3.2838966e+00   1.0000000e+00   4.7130078e-03
   9.4816823e+06   2.6957660e+06   1.5249022e-01   5.8403651e-01   1.3077663e-02   1.3529082e-02   1.5403661e-12   7.6313348e-01   1.0000000e+00   4.7027700e-03
   8.5586836e+06   3.0925071e+06   1.0033682e-01   1.0483349e-01   1.0000000e-02   1.1093895e-02   3.0705364e-12   2.2626420e-01   1.0000000e+00   4.6996133e-03
   2.0000000e+07   8.4584885e+05   1.3212495e+01   3.3678416e+02   5.1287582e+00   1.4496164e+00   1.1894613e-13   3.5657502e+02   1.0000000e+00   4.6895429e-03
   1.3924979e+07   1.3515389e+06   2.3783982e+00   2.5583425e+01   6.9638397e-01   1.4609945e+00   3.1019392e-13   3.0119202e+01   1.0000000e+00   4.6635196e-03
   2.0000000e+07   6.4815187e+05   5.6083158e+01   1.0000000e+03   1.0076642e+01   5.9945886e+00   8.4140678e-14   1.0721544e+03   1.0000000e+00   4.6526546e-03
   1.9999922e+07   8.9720757e+05   1.3800991e+01   3.0070926e+02   5.1814396e+00   6.8582769e-01   1.2337008e-13   3.2037752e+02   1.0000000e+00   4.6465014e-03
   1.9664636e+07   6.7376239e+05   2.6464159e+01   7.7273000e+02   8.6190737e+00   3.1691110e+00   9.1376115e-14   8.1098234e+02   1.0000000e+00   4.6373672e-03
   8.5941717e+06   3.0682817e+06   1.0000000e-01   1.3074124e-01   1.0000000e-02   1.0000000e-02   2.8053259e-12   2.5074124e-01   1.0000000e+00   4.6371516e-03
   9.3763363e+06   2.5445533e+06   4.1489926e-01   1.4180546e+00   3.1738621e-02   1.3355629e-02   1.0166522e-12   1.8780481e+00   1.0000000e+00   4.6291298e-03
   1.9258245e+07   7.6265591e+05   2.0496494e+01   5.7569523e+02   6.8674039e+00   2.9207817e+00   1.0006328e-13   6.0597991e+02   1.0000000e+00   4.6018638e-03
   1.9999650e+07   6.5299695e+05   1.8059140e+02   1.0000000e+03   4.4676776e+01   2.0831571e+01   8.3673064e-14   1.2460997e+03   1.0000000e+00   4.5910668e-03
   1.9282156e+07   1.1579614e+06   7.5433261e+00   1.0503885e+02   1.6968911e+00   2.0852776e+00   1.7631660e-13   1.1636434e+02   1.0000000e+00   4.5856098e-03
   9.3638999e+06   2.5526464e+06   4.4212424e-01   1.5146758e+00   2.8032781e-02   1.4545315e-02   9.8902704e-13   1.9993781e+00   1.0000000e+00   4.5542116e-03
   2.0000000e+07   7.6989812e+05   2.2104619e+01   5.3614470e+02   6.7627118e+00   2.9979916e+00   1.0206591e-13   5.6801002e+02   1.0000000e+00   4.5477102e-03
   8.1211769e+06   2.9645956e+06   1.0000000e-01   1.5012400e-01   1.0000000e-02   1.0415901e-02   2.6975798e-12   2.7053990e-01   1.0000000e+00   4.5446079e-03
   1.9807578e+07   6.5204623e+05   3.2189844e+01   9.3557610e+02   6.5962710e+00   3.1325136e+00   8.6257688e-14   9.7749473e+02   1.0000000e+00   4.5402635e-03
   1.9244842e+07   7.5770804e+05   2.0733527e+01   5.7799671e+02   6.7180176e+00   2.9785170e+00   9.9934161e-14   6.0842677e+02   1.0000000e+00   4.5335322e-03
   1.9999231e+07   6.5155245e+05   2.3430287e+02   1.0000000e+03   6.4158923e+01   1.6885575e+01   8.3636011e-14   1.3153474e+03   1.0000000e+00   4.5263805e-03
   1.9911042e+07   7.8402237e+05   1.8585465e+01   4.2694191e+02   7.0872227e+00   2.3907291e+00   1.0988116e-13   4.5500532e+02   1.0000000e+00   4.5206082e-03
   1.9695212e+07   8.6751459e+05   1.4432983e+01   3.8655449e+02   4.4855200e+00   1.4925001e+00   1.1376135e-13   4.0696549e+02   1.0000000e+00   4.5165238e-03
   2.0000000e+07   7.2664883e+05   2.6924937e+01   7.7005017e+02   7.8306212e+00   3.3872717e+00   9.1435645e-14   8.0819299e+02   1.0000000e+00   4.5047894e-03
   1.9694939e+07   8.7283904e+05   1.5025965e+01   3.1923492e+02   4.1170123e+00   2.1645177e+00   1.2069667e-13   3.4054241e+02   1.0000000e+00   4.5021737e-03
   9.4132954e+06   2.5550291e+06   4.2646399e-01   1.6171767e+00   3.1277954e-02   1.4398854e-02   9.6761396e-13   2.0893175e+00   1.0000000e+00   4.5012421e-03
   2.0000000e+07   8.4973875e+05   1.3457051e+01   3.4921750e+02   5.1373445e+00   1.4540065e+00   1.1749723e-13   3.6926591e+02   1.0000000e+00   4.4965095e-03
   9.5955978e+06   2.5294228e+06   4.2922084e-01   1.9510632e+00   9.2689120e-02   6.8511465e-02   8.8629951e-13   2.5414846e+00   1.0000000e+00   4.4823345e-03
   1.9699653e+07   8.7824373e+05   1.5445605e+01   3.8364586e+02   4.5058539e+00   1.4790235e+00   1.1394078e-13   4.0507634e+02   1.0000000e+00   4.4447913e-03
   2.0000000e+07   8.3799570e+05   1.3156454e+01   3.3928002e+02   5.1184322e+00   1.2197410e+00   1.1877367e-13   3.5877465e+02   1.0000000e+00   4.4438151e-03
   9.5555394e+06   2.6494253e+06   1.1967255e+00   2.5125351e+00   2.1360027e-01   1.1103644e-01   7.3948982e-13   4.0338974e+00   1.0000000e+00   4.4380739e-03
   1.9494950e+07   9.9770391e+05   1.2418946e+01   1.5843977e+02   3.0911538e+00   1.3675250e+00   1.5267505e-13   1.7531739e+02   1.0000000e+00   4.4368770e-03
   1.9602615e+07   7.9499742e+05   2.0863787e+01   4.5319933e+02   4.6526947e+00   2.5924287e+00   1.0771356e-13   4.8130824e+02   1.0000000e+00   4.4336066e-03
   1.9560045e+07   8.2891691e+05   2.1579824e+01   4.5197821e+02   4.2028184e+00   2.8611919e+00   1.0774583e-13   4.8062204e+02   1.0000000e+00   4.4202287e-03
   1.9988935e+07   6.5243954e+05   3.6477719e+02   1.0000000e+03   7.0359459e+01   1.9568344e+01   8.3592679e-14   1.4547050e+03   1.0000000e+00   4.4084743e-03
   9.5225463e+06   2.8134678e+06   1.0000000e-01   2.4153408e-01   1.0000000e-02   1.0000000e-02   2.2169240e-12   3.6153408e-01   1.0000000e+00   4.3925504e-03
   2.0000000e+07   6.8540562e+05   2.2346875e+01   7.5613588e+02   5.2889051e+00   3.0299397e+00   9.2180380e-14   7.8680160e+02   1.0000000e+00   4.3917622e-03
   8.9368304e+06   2.5470915e+06   6.8420731e-01   2.4479807e+00   1.0071629e-01   6.5498315e-02   7.9221395e-13   3.2984027e+00   1.0000000e+00   4.3908261e-03
   1.9530833e+07   7.9543528e+05   2.3062097e+01   5.0836452e+02   3.1440057e+00   2.9625767e+00   1.0397998e-13   5.3753319e+02   1.0000000e+00   4.3883605e-03
   1.9895077e+07   9.2512512e+05   1.4685029e+01   3.0647613e+02   4.9337734e+00   1.1655915e+00   1.2231473e-13   3.2726053e+02   1.0000000e+00   4.3388710e-03
   9.5555394e+06   2.6494254e+06   1.1580127e+00   2.5286790e+00   1.7904994e-01   2.3404900e-01   7.3898064e-13   4.0997907e+00   1.0000000e+00   4.3234462e-03
   1.9878071e+07   1.0809691e+06   8.7901601e+00   1.4729136e+02   2.0066307e+00   1.5968162e+00   1.5671540e-13   1.5968497e+02   1.0000000e+00   4.3229611e-03
   1.7919820e+07   1.1306767e+06   7.2097758e+00   1.0645764e+02   1.7459812e+00   2.0984728e+00   1.7630087e-13   1.1751187e+02   1.0000000e+00   4.3157994e-03
   9.8590666e+06   2.8802289e+06   1.0774517e-01   3.5307588e-01   1.0001059e-02   1.0000000e-02   1.8875546e-12   4.8082211e-01   1.0000000e+00   4.3150843e-03
   1.9945649e+07   6.4789558e+05   8.2263747e+01   1.0000000e+03   1.4640297e+01   7.8857271e+00   8.3940378e-14   1.1047898e+03   1.0000000e+00   4.3127759e-03
   1.9692315e+07   8.7159449e+05   1.5191125e+01   3.3013505e+02   4.1468985e+00   2.1732339e+00   1.1937709e-13   3.5164631e+02   1.0000000e+00   4.3077290e-03
   8.5456947e+06   3.0746398e+06   1.0000000e-01   1.0956673e-01   1.0000000e-02   1.0000000e-02   3.0208640e-12   2.2956673e-01   1.0000000e+00   4.3048676e-03
   8.1913998e+06   2.9563501e+06   1.0000000e-01   1.8084665e-01   1.0000000e-02   1.0009986e-02   2.5046901e-12   3.0085664e-01   1.0000000e+00   4.3012702e-03
   1.9700735e+07   8.7256869e+05   1.4640907e+01   4.0970384e+02   4.4034556e+00   1.4634762e+00   1.1180009e-13   4.3021168e+02   1.0000000e+00   4.2997867e-03
   8.7869199e+06   2.1210676e+06   1.2964836e+00   4.3818181e+00   8.9092652e-02   2.5426782e-01   6.2271517e-13   6.0216622e+00   1.0000000e+00   4.2909995e-03
   1.9995559e+07   6.6736794e+05   4.7221054e+01   9.9981032e+02   1.0572787e+01   7.1817596e+00   8.4243343e-14   1.0647859e+03   1.0000000e+00   4.2882739e-03
   1.8894730e+07   7.9411314e+05   2.0783085e+01   5.7095288e+02   6.7706784e+00   2.8703115e+00   1.0042210e-13   6.0137695e+02   1.0000000e+00   4.2660193e-03
   8.9687352e+06   2.5417388e+06   6.1218603e-01   2.3096052e+00   1.0012729e-01   4.5379431e-02   8.1747629e-13   3.0672979e+00   1.0000000e+00   4.2525925e-03
   1.9999935e+07   6.5082981e+05   2.2194370e+02   1.0000000e+03   6.2022815e+01   1.8595757e+01   8.3640583e-14   1.3025623e+03   1.0000000e+00   4.2341079e-03
   1.9882718e+07   8.0354999e+05   1.6929267e+01   4.0751313e+02   6.2682694e+00   2.3948802e+00   1.1156051e-13   4.3310555e+02   1.0000000e+00   4.2301467e-03
   1.0297088e+07   1.9100632e+06   1.6599164e+00   1.2694341e+01   4.9242161e-01   4.3018154e-02   4.1563766e-13   1.4889697e+01   1.0000000e+00   4.2220767e-03
   1.9963196e+07   6.4790568e+05   4.7852427e+01   1.0000000e+03   1.1105596e+01   6.7034281e+00   8.4196439e-14   1.0656615e+03   1.0000000e+00   4.2206750e-03
   1.9583020e+07   7.8163396e+05   2.9815203e+01   5.5080723e+02   4.9786178e+00   2.3798060e+00   1.0109178e-13   5.8798086e+02   1.0000000e+00   4.2132210e-03
   1.9702734e+07   8.5004374e+05   1.5059374e+01   3.1676743e+02   5.7670854e+00   2.2327688e+00   1.2106037e-13   3.3982665e+02   1.0000000e+00   4.1878026e-03
   9.3227527e+06   2.6580950e+06   1.8495708e-01   6.3268996e-01   1.6677553e-02   1.0006556e-02   1.4719008e-12   8.4433115e-01   1.0000000e+00   4.1842455e-03
   1.9978892e+07   6.5159595e+05   2.5152467e+02   1.0000000e+03   5.9591284e+01   1.8348085e+01   8.3628794e-14   1.3294640e+03   1.0000000e+00   4.1759275e-03
   2.0000000e+07   6.5449269e+05   1.6459473e+02   1.0000000e+03   4.4149009e+01   2.0222462e+01   8.3687860e-14   1.2289662e+03   1.0000000e+00   4.1649518e-03
   8.1104446e+06   2.9651259e+06   1.0000000e-01   1.9741590e-01   1.0000000e-02   1.0009385e-02   2.4234933e-12   3.1742529e-01   1.0000000e+00   4.1486241e-03
   1.9192876e+07   9.5797879e+05   1.3903772e+01   2.7050291e+02   3.7178293e+00   1.4408563e+00   1.2752164e-13   2.8956536e+02   1.0000000e+00   4.1429989e-03
   2.0000000e+07   7.1904076e+05   2.3956394e+01   6.6367481e+02   7.4348394e+00   3.2233990e+00   9.5626697e-14   6.9828944e+02   1.0000000e+00   4.1329671e-03
   2.0000000e+07   6.3717512e+05   5.5387156e+01   1.0000000e+03   9.8296909e+00   6.2249588e+00   8.4157500e-14   1.0714418e+03   1.0000000e+00   4.1080855e-03
   1.8748212e+07   8.8895125e+05   1.7368881e+01   3.8439592e+02   7.3969680e+00   2.9150993e+00   1.1361689e-13   4.1207687e+02   1.0000000e+00   4.1019535e-03
   1.9528192e+07   9.9204326e+05   1.6690960e+01   2.4426608e+02   1.4861559e+00   3.4470799e+00   1.3184998e-13   2.6589027e+02   1.0000000e+00   4.1019130e-03
   1.9999945e+07   8.1053036e+05   2.0927606e+01   4.5907560e+02   4.7279960e+00   2.6353573e+00   1.0718526e-13   4.8736656e+02   1.0000000e+00   4.0932740e-03
   1.0923853e+07   1.8272946e+06   2.8848274e+00   1.3263325e+01   1.2481469e-01   5.2458171e-01   3.9324815e-13   1.6797549e+01   1.0000000e+00   4.0901350e-03
   1.9603498e+07   7.2579781e+05   2.7029376e+01   7.5765574e+02   7.7261542e+00   3.4784717e+00   9.1887012e-14   7.9588975e+02   1.0000000e+00   4.0634511e-03
   1.4650689e+07   1.3712368e+06   6.0499948e+00   5.3302319e+01   1.5654361e+00   1.5272111e+00   2.2619222e-13   6.2444961e+01   1.0000000e+00   4.0461041e-03
   1.9557299e+07   1.0510796e+06   1.6155748e+01   2.5436731e+02   3.0291587e+00   1.6714910e+00   1.3045689e-13   2.7522370e+02   1.0000000e+00   4.0451077e-03
   2.0000000e+07   8.1754617e+05   2.0921136e+01   4.5908230e+02   4.8715832e+00   2.6477327e+00   1.0717263e-13   4.8752275e+02   1.0000000e+00   4.0447706e-03
   1.0954913e+07   1.7964014e+06   2.8694258e+00   1.2742527e+01   1.2672826e-01   5.5792651e-01   3.9912943e-13   1.6296607e+01   1.0000000e+00   4.0434372e-03
   1.9265830e+07   8.6899152e+05   1.4295928e+01   3.4519116e+02   6.8441284e+00   2.4977157e+00   1.1770723e-13   3.6882894e+02   1.0000000e+00   4.0291445e-03
   9.5700303e+06   2.8234876e+06   1.1940060e-01   3.9589155e-01   1.7978757e-02   1.0000000e-02   1.7944795e-12   5.4327091e-01   1.0000000e+00   4.0175208e-03
   9.5256561e+06   2.8151858e+06   1.0000000e-01   2.1495859e-01   1.0000090e-02   1.8585815e-02   2.3182771e-12   3.4354450e-01   1.0000000e+00   4.0102060e-03
   1.9056576e+07   6.7437427e+05   3.4839446e+01   8.8582346e+02   6.7692319e+00   4.2242101e+00   8.7588724e-14   9.3165635e+02   1.0000000e+00   3.9921059e-03
   7.4022784e+06   3.2111123e+06   1.0002118e-01   1.0373107e-01   1.0000000e-02   1.0000000e-02   3.0954632e-12   2.2375225e-01   1.0000000e+00   3.9728043e-03
   8.0828446e+06   2.9352218e+06   1.0000000e-01   2.2170679e-01   1.0000000e-02   1.0000759e-02   2.3270508e-12   3.4170755e-01   1.0000000e+00   3.9601764e-03
   1.7382248e+07   1.1480904e+06   1.0675283e+01   1.4086075e+02   2.5455939e+00   1.5710782e+00   1.5915752e-13   1.5565270e+02   1.0000000e+00   3.9599445e-03
   1.9790182e+07   8.2936046e+05   2.0414286e+01   4.4068145e+02   4.6574603e+00   2.8169520e+00   1.0858880e-13   4.6857015e+02   1.0000000e+00   3.9561990e-03
   1.0532703e+07   1.8946560e+06   1.1387384e+00   1.1232581e+01   5.4272417e-01   4.8624490e-02   4.4433797e-13   1.2962668e+01   1.0000000e+00   3.9218505e-03
   1.9482677e+07   9.9992846e+05   1.6771598e+01   2.5374063e+02   3.2208957e+00   1.6820145e+00   1.2992421e-13   2.7541514e+02   1.0000000e+00   3.9181982e-03
   1.9910185e+07   1.0246019e+06   1.2649445e+01   1.9676263e+02   3.1083249e+00   1.3795047e+00   1.4144631e-13   2.1389991e+02   1.0000000e+00   3.9099220e-03
   1.0634057e+07   1.8288962e+06   3.1041270e+00   1.4683554e+01   1.0522139e+00   1.8509416e-01   3.7329954e-13   1.9024989e+01   1.0000000e+00   3.9027804e-03
   1.9856801e+07   6.9594727e+05   3.0318191e+01   8.1429717e+02   7.7596066e+00   3.4742598e+00   8.9806152e-14   8.5584923e+02   1.0000000e+00   3.9023638e-03
   9.3472323e+06   2.5709614e+06   4.3678414e-01   1.4244175e+00   2.9691024e-02   1.5439274e-02   1.0093785e-12   1.9063319e+00   1.0000000e+00   3.8943759e-03
   1.0585576e+07   1.8785230e+06   2.0843523e+00   1.2303508e+01   3.1447841e-01   3.8322339e-01   4.0737201e-13   1.5085562e+01   1.0000000e+00   3.8851382e-03
   1.0689841e+07   1.3414758e+06   3.8524727e+00   3.0478085e+01   7.8234337e-01   8.7046651e-01   2.9046426e-13   3.5983368e+01   1.0000000e+00   3.8697361e-03
   2.0000000e+07   6.5322844e+05   3.3640508e+02   9.9998589e+02   5.9472247e+01   2.1615667e+01   8.3600622e-14   1.4174789e+03   1.0000000e+00   3.8438041e-03
   1.9094019e+07   1.0061370e+06   1.3332321e+01   2.1435063e+02   3.4333850e+00   1.4472844e+00   1.3755049e-13   2.3256362e+02   1.0000000e+00   3.8255478e-03
   1.9794493e+07   6.5411150e+05   2.6021827e+01   9.4948893e+02   7.8040880e+00   4.2345352e+00   8.6002149e-14   9.8754938e+02   1.0000000e+00   3.8239268e-03
   9.8515998e+06   2.8610182e+06   1.0000000e-01   3.5448168e-01   1.3339385e-02   1.0000000e-02   1.8949392e-12   4.7782106e-01   1.0000000e+00   3.8035714e-03
   9.8842820e+06   2.8803024e+06   1.0000000e-01   2.9054073e-01   1.0000000e-02   1.0074344e-02   2.0420028e-12   4.1061508e-01   1.0000000e+00   3.7964930e-03
