   5.0000000e+06   1.0000000e-01   2.6637084e-13   1.0000000e-01   1.0000000e+00             Inf
   8.3000463e+04   1.0000000e+03   2.5428656e-14   1.0000000e+03   1.0000000e+00             Inf
   5.0000000e+06   1.0000000e-01   2.6637084e-13   1.0000000e-01   1.0000000e+00             Inf
   2.1124752e+06   1.6030262e+00   1.2602547e-13   1.6030262e+00   1.0000000e+00   1.4918656e-02
   1.3343866e+05   3.1933011e+02   3.3813018e-14   3.1933011e+02   1.0000000e+00   1.4741116e-02
   1.9910275e+05   1.8081174e+02   3.8856909e-14   1.8081174e+02   1.0000000e+00   1.3731776e-02
   6.0962193e+05   2.0681965e+01   6.6707993e-14   2.0681965e+01   1.0000000e+00   1.3719394e-02
   2.2809734e+05   1.2977824e+02   4.2194081e-14   1.2977824e+02   1.0000000e+00   1.2608072e-02
   2.0475567e+06   1.3813434e+00   1.3101574e-13   1.3813434e+00   1.0000000e+00   1.2576888e-02
   2.4187724e+06   1.2773557e+00   1.3338396e-13   1.2773557e+00   1.0000000e+00   1.2554678e-02
   1.0675491e+05   6.0576117e+02   2.8784315e-14   6.0576117e+02   1.0000000e+00   1.2545700e-02
   1.8865589e+05   2.3860787e+02   3.6363317e-14   2.3860787e+02   1.0000000e+00   1.2239940e-02
   1.9046585e+06   2.3937821e+00   1.1443409e-13   2.3937821e+00   1.0000000e+00   1.2043722e-02
   1.1799945e+05   5.1266315e+02   3.0000945e-14   5.1266315e+02   1.0000000e+00   1.2009707e-02
   1.3306384e+05   3.2535213e+02   3.3646463e-14   3.2535213e+02   1.0000000e+00   1.1977125e-02
   1.5164189e+05   3.0531802e+02   3.4113374e-14   3.0531802e+02   1.0000000e+00   1.1495648e-02
   2.0761276e+05   1.6789927e+02   3.9581208e-14   1.6789927e+02   1.0000000e+00   1.1443141e-02
   2.9598606e+06   7.0570293e-01   1.5460111e-13   7.0570293e-01   1.0000000e+00   1.1437329e-02
   2.1263038e+06   1.6941906e+00   1.2437946e-13   1.6941906e+00   1.0000000e+00   1.1352754e-02
   2.8785488e+06   1.0081180e+00   1.4172633e-13   1.0081180e+00   1.0000000e+00   1.1251126e-02
   9.5462736e+04   8.3087555e+02   2.6634405e-14   8.3087555e+02   1.0000000e+00   1.1170190e-02
   1.1169912e+05   5.4823997e+02   2.9504408e-14   5.4823997e+02   1.0000000e+00   1.1167360e-02
   9.1921477e+04   8.1605395e+02   2.6738571e-14   8.1605395e+02   1.0000000e+00   1.1154013e-02
   1.9221909e+05   2.6493175e+02   3.5604109e-14   2.6493175e+02   1.0000000e+00   1.1103405e-02
   4.3796418e+05   4.0403375e+01   5.6463402e-14   4.0403375e+01   1.0000000e+00   1.0993900e-02
   1.4467994e+05   3.6021162e+02   3.2757694e-14   3.6021162e+02   1.0000000e+00   1.0957052e-02
   1.0119568e+06   7.6973088e+00   8.5369444e-14   7.6973088e+00   1.0000000e+00   1.0941041e-02
   9.0084188e+04   7.8289313e+02   2.7025293e-14   7.8289313e+02   1.0000000e+00   1.0932411e-02
   2.7916754e+06   9.5412354e-01   1.4339796e-13   9.5412354e-01   1.0000000e+00   1.0901135e-02
   1.0395584e+05   6.2280129e+02   2.8588339e-14   6.2280129e+02   1.0000000e+00   1.0812664e-02
   9.4651062e+04   7.8886397e+02   2.6964585e-14   7.8886397e+02   1.0000000e+00   1.0802323e-02
   1.1664369e+05   5.9058672e+02   2.9007643e-14   5.9058672e+02   1.0000000e+00   1.0799893e-02
   4.9999780e+06   1.5541324e-01   2.2914854e-13   1.5541324e-01   1.0000000e+00   1.0729957e-02
   1.2661175e+05   4.2719917e+02   3.1385717e-14   4.2719917e+02   1.0000000e+00   1.0654905e-02
   1.9212736e+05   2.0550089e+02   3.7658075e-14   2.0550089e+02   1.0000000e+00   1.0620234e-02
   1.8901256e+05   2.0051266e+02   3.7870833e-14   2.0051266e+02   1.0000000e+00   1.0559121e-02
   2.9895528e+06   6.7880685e-01   1.5614188e-13   6.7880685e-01   1.0000000e+00   1.0521581e-02
   9.6745523e+04   7.0425152e+02   2.7734339e-14   7.0425152e+02   1.0000000e+00   1.0520162e-02
   1.0452901e+05   6.6835017e+02   2.8098010e-14   6.6835017e+02   1.0000000e+00   1.0495242e-02
   1.6101801e+05   2.4641772e+02   3.5990194e-14   2.4641772e+02   1.0000000e+00   1.0315677e-02
   9.9368475e+04   6.9790142e+02   2.7793118e-14   6.9790142e+02   1.0000000e+00   1.0282209e-02
   5.0000000e+06   3.0060013e-01   1.9087309e-13   3.0060013e-01   1.0000000e+00   1.0274920e-02
   1.3272588e+05   3.6757729e+02   3.2585635e-14   3.6757729e+02   1.0000000e+00   1.0266871e-02
   1.3153915e+05   3.7594495e+02   3.2403104e-14   3.7594495e+02   1.0000000e+00   1.0208490e-02
   1.6963402e+06   2.5531683e+00   1.1226924e-13   2.5531683e+00   1.0000000e+00   1.0186214e-02
   1.3162715e+05   3.8905987e+02   3.2122924e-14   3.8905987e+02   1.0000000e+00   1.0183827e-02
   1.2839076e+06   4.2246053e+00   9.9019024e-14   4.2246053e+00   1.0000000e+00   1.0170404e-02
   3.8179723e+06   4.0296242e-01   1.7776465e-13   4.0296242e-01   1.0000000e+00   1.0150665e-02
   8.6380756e+04   9.2879797e+02   2.5896951e-14   9.2879797e+02   1.0000000e+00   1.0083360e-02
   3.8462816e+06   5.2194736e-01   1.6659844e-13   5.2194736e-01   1.0000000e+00   1.0053162e-02
   3.0131803e+06   1.0566992e+00   1.4071181e-13   1.0566992e+00   1.0000000e+00   1.0042007e-02
   1.3299799e+05   3.8333901e+02   3.2240681e-14   3.8333901e+02   1.0000000e+00   1.0036815e-02
   5.7861957e+05   1.9095878e+01   6.8022688e-14   1.9095878e+01   1.0000000e+00   1.0022705e-02
   8.9819875e+04   8.4435492e+02   2.6514387e-14   8.4435492e+02   1.0000000e+00   9.9642683e-03
   5.0000000e+06   1.5876750e-01   2.2760882e-13   1.5876750e-01   1.0000000e+00   9.9561669e-03
   2.4258842e+06   1.3278072e+00   1.3218198e-13   1.3278072e+00   1.0000000e+00   9.9329817e-03
   3.8622720e+06   3.8445475e-01   1.7993719e-13   3.8445475e-01   1.0000000e+00   9.7925756e-03
   1.5303137e+05   3.1183568e+02   3.3941211e-14   3.1183568e+02   1.0000000e+00   9.7719829e-03
   9.1928362e+04   8.4023610e+02   2.6547701e-14   8.4023610e+02   1.0000000e+00   9.7635683e-03
   4.9873577e+06   1.0638083e-01   2.6063115e-13   1.0638083e-01   1.0000000e+00   9.6616888e-03
   1.3211086e+05   4.2049777e+02   3.1516436e-14   4.2049777e+02   1.0000000e+00   9.6376592e-03
   1.2462855e+05   5.0385687e+02   3.0157638e-14   5.0385687e+02   1.0000000e+00   9.6017455e-03
   2.4704762e+05   1.2275653e+02   4.2798824e-14   1.2275653e+02   1.0000000e+00   9.5410536e-03
   1.3558720e+06   4.6999582e+00   9.6729540e-14   4.6999582e+00   1.0000000e+00   9.5370035e-03
   2.3292445e+05   1.2489402e+02   4.2598251e-14   1.2489402e+02   1.0000000e+00   9.5323187e-03
   2.6147451e+05   9.9747979e+01   4.5048298e-14   9.9747979e+01   1.0000000e+00   9.4912335e-03
   8.6274027e+04   9.1010861e+02   2.6027757e-14   9.1010861e+02   1.0000000e+00   9.4742702e-03
   1.1666721e+06   5.8778408e+00   9.1325421e-14   5.8778408e+00   1.0000000e+00   9.4655141e-03
   3.8766125e+06   4.1429271e-01   1.7637797e-13   4.1429271e-01   1.0000000e+00   9.4301941e-03
   1.9475630e+05   1.9663591e+02   3.8066052e-14   1.9663591e+02   1.0000000e+00   9.4244061e-03
   8.0553382e+04   9.7577612e+02   2.5594358e-14   9.7577612e+02   1.0000000e+00   9.3853746e-03
   1.2567884e+06   5.6163560e+00   9.2604506e-14   5.6163560e+00   1.0000000e+00   9.3848726e-03
   1.0650398e+05   5.9875275e+02   2.8867762e-14   5.9875275e+02   1.0000000e+00   9.3806634e-03
   5.0000000e+06   1.7047817e-01   2.2263785e-13   1.7047817e-01   1.0000000e+00   9.3635076e-03
   2.4443617e+06   1.0716726e+00   1.3932210e-13   1.0716726e+00   1.0000000e+00   9.2671956e-03
   2.0340823e+06   1.5122998e+00   1.2793017e-13   1.5122998e+00   1.0000000e+00   9.2391054e-03
   5.9940505e+05   1.8454525e+01   6.8586148e-14   1.8454525e+01   1.0000000e+00   9.2243655e-03
   9.9815680e+04   6.5952729e+02   2.8188794e-14   6.5952729e+02   1.0000000e+00   9.2191726e-03
   8.3688267e+04   9.3686382e+02   2.5845427e-14   9.3686382e+02   1.0000000e+00   9.2145264e-03
   9.1016234e+04   9.1557004e+02   2.6003605e-14   9.1557004e+02   1.0000000e+00   9.1759855e-03
   8.7581620e+04   9.0630732e+02   2.6054352e-14   9.0630732e+02   1.0000000e+00   9.1428052e-03
   1.3851725e+05   4.1463217e+02   3.1658783e-14   4.1463217e+02   1.0000000e+00   9.1037106e-03
   3.9558139e+05   2.7388134e+01   6.3031786e-14   2.7388134e+01   1.0000000e+00   9.0937170e-03
   5.9626096e+05   1.7252003e+01   6.9800915e-14   1.7252003e+01   1.0000000e+00   9.0809313e-03
   4.4030874e+05   3.7718870e+01   5.7402521e-14   3.7718870e+01   1.0000000e+00   9.0639563e-03
   8.6524280e+04   9.4308655e+02   2.5800352e-14   9.4308655e+02   1.0000000e+00   9.0421511e-03
   3.8617780e+06   3.9347336e-01   1.7881867e-13   3.9347336e-01   1.0000000e+00   9.0353341e-03
   2.2230510e+05   1.4737462e+02   4.0887012e-14   1.4737462e+02   1.0000000e+00   9.0192177e-03
   8.4083595e+04   9.7960921e+02   2.5558423e-14   9.7960921e+02   1.0000000e+00   9.0161641e-03
   1.0291477e+05   6.1073908e+02   2.8733275e-14   6.1073908e+02   1.0000000e+00   9.0136633e-03
   3.1482795e+06   6.2286421e-01   1.5946350e-13   6.2286421e-01   1.0000000e+00   8.9981258e-03
   1.3823582e+06   3.0147953e+00   1.0791385e-13   3.0147953e+00   1.0000000e+00   8.9840438e-03
   4.9284040e+06   1.4216752e-01   2.3638489e-13   1.4216752e-01   1.0000000e+00   8.9682785e-03
   9.6125935e+04   7.1500082e+02   2.7630253e-14   7.1500082e+02   1.0000000e+00   8.9542268e-03
   1.6802840e+05   2.5619307e+02   3.5636126e-14   2.5619307e+02   1.0000000e+00   8.9473160e-03
   3.2448106e+05   6.2931105e+01   5.0525918e-14   6.2931105e+01   1.0000000e+00   8.9306532e-03
   6.4189790e+05   2.2608033e+01   6.5563418e-14   2.2608033e+01   1.0000000e+00   8.9164549e-03
   4.6842592e+05   2.9509403e+01   6.1024779e-14   2.9509403e+01   1.0000000e+00   8.9123929e-03
   1.2381720e+05   4.3038483e+02   3.1331668e-14   4.3038483e+02   1.0000000e+00   8.9111500e-03
   1.0957414e+05   5.7053201e+02   2.9214586e-14   5.7053201e+02   1.0000000e+00   8.9024081e-03
   2.0814378e+05   1.6163412e+02   3.9952046e-14   1.6163412e+02   1.0000000e+00   8.8948592e-03
   3.8279877e+06   4.5022960e-01   1.7269208e-13   4.5022960e-01   1.0000000e+00   8.8580095e-03
   9.0708312e+04   8.6204641e+02   2.6379972e-14   8.6204641e+02   1.0000000e+00   8.8279365e-03
   1.6451171e+06   2.2400313e+00   1.1607700e-13   2.2400313e+00   1.0000000e+00   8.8193468e-03
   2.3811147e+06   1.4630123e+00   1.2918426e-13   1.4630123e+00   1.0000000e+00   8.8113334e-03
   2.4136535e+05   9.6682937e+01   4.5515446e-14   9.6682937e+01   1.0000000e+00   8.7231071e-03
   9.5473492e+05   7.2630477e+00   8.6526652e-14   7.2630477e+00   1.0000000e+00   8.6856432e-03
   3.2283758e+05   5.8620714e+01   5.1468661e-14   5.8620714e+01   1.0000000e+00   8.6766005e-03
   1.3816411e+05   3.4621654e+02   3.3068764e-14   3.4621654e+02   1.0000000e+00   8.6760699e-03
   1.5267578e+05   2.9045643e+02   3.4538596e-14   2.9045643e+02   1.0000000e+00   8.6727840e-03
   1.7551554e+05   2.0946477e+02   3.7469127e-14   2.0946477e+02   1.0000000e+00   8.6391194e-03
   5.0000000e+06   1.4298421e-01   2.3537701e-13   1.4298421e-01   1.0000000e+00   8.6121864e-03
   3.1482796e+06   6.0607916e-01   1.6061569e-13   6.0607916e-01   1.0000000e+00   8.5625193e-03
   5.0000000e+06   1.5127802e-01   2.3112518e-13   1.5127802e-01   1.0000000e+00   8.5143584e-03
   4.4630640e+05   3.5031965e+01   5.8457226e-14   3.5031965e+01   1.0000000e+00   8.4902514e-03
   1.6094253e+05   2.8536490e+02   3.4700103e-14   2.8536490e+02   1.0000000e+00   8.4677169e-03
   2.5017273e+06   8.5438313e-01   1.4793293e-13   8.5438313e-01   1.0000000e+00   8.4629235e-03
   1.9964191e+05   1.7462685e+02   3.9191144e-14   1.7462685e+02   1.0000000e+00   8.4259305e-03
   5.0000000e+06   1.7399285e-01   2.2125700e-13   1.7399285e-01   1.0000000e+00   8.4083787e-03
   4.9960884e+06   1.0125457e-01   2.6521409e-13   1.0125457e-01   1.0000000e+00   8.4064257e-03
   5.0000000e+06   1.4499170e-01   2.3431053e-13   1.4499170e-01   1.0000000e+00   8.4042874e-03
   9.8595548e+04   8.2191872e+02   2.6727270e-14   8.2191872e+02   1.0000000e+00   8.4013523e-03
   8.6002222e+04   9.0123398e+02   2.6092156e-14   9.0123398e+02   1.0000000e+00   8.3861942e-03
   3.9521748e+06   5.4642077e-01   1.6505463e-13   5.4642077e-01   1.0000000e+00   8.3787602e-03
   1.5065193e+05   2.6948129e+02   3.5218164e-14   2.6948129e+02   1.0000000e+00   8.3662113e-03
   8.8178086e+04   8.6563721e+02   2.6352431e-14   8.6563721e+02   1.0000000e+00   8.3358291e-03
   1.4049594e+06   3.5136760e+00   1.0366692e-13   3.5136760e+00   1.0000000e+00   8.3296405e-03
   9.4551663e+04   7.2434397e+02   2.7545231e-14   7.2434397e+02   1.0000000e+00   8.3260151e-03
   2.4028561e+06   1.2085541e+00   1.3517820e-13   1.2085541e+00   1.0000000e+00   8.3174453e-03
   8.6041001e+04   9.3412203e+02   2.5860372e-14   9.3412203e+02   1.0000000e+00   8.2804992e-03
   5.0000000e+06   2.2272499e-01   2.0603287e-13   2.2272499e-01   1.0000000e+00   8.2725016e-03
   5.0000000e+06   1.5320516e-01   2.3019277e-13   1.5320516e-01   1.0000000e+00   8.2079335e-03
   2.1466308e+05   1.5017182e+02   4.0688877e-14   1.5017182e+02   1.0000000e+00   8.1561968e-03
   4.9018815e+06   3.1511485e-01   1.8868101e-13   3.1511485e-01   1.0000000e+00   8.1558093e-03
   9.1723100e+04   8.7014764e+02   2.6323641e-14   8.7014764e+02   1.0000000e+00   8.1407037e-03
   8.7113447e+04   8.8698996e+02   2.6194195e-14   8.8698996e+02   1.0000000e+00   8.1157281e-03
   1.4071913e+06   3.3288621e+00   1.0508420e-13   3.3288621e+00   1.0000000e+00   8.0859075e-03
   1.3752552e+05   3.7982966e+02   3.2317048e-14   3.7982966e+02   1.0000000e+00   8.0689046e-03
   4.9284039e+06   1.2608409e-01   2.4614731e-13   1.2608409e-01   1.0000000e+00   8.0449666e-03
   4.4921218e+06   3.2213898e-01   1.8760432e-13   3.2213898e-01   1.0000000e+00   8.0432326e-03
   1.0260682e+05   6.4598432e+02   2.8330203e-14   6.4598432e+02   1.0000000e+00   8.0389967e-03
   5.0000000e+06   1.3328955e-01   2.4090194e-13   1.3328955e-01   1.0000000e+00   8.0321716e-03
   5.0000000e+06   1.6278399e-01   2.2583590e-13   1.6278399e-01   1.0000000e+00   7.9901590e-03
   4.9873655e+06   1.1117469e-01   2.5656637e-13   1.1117469e-01   1.0000000e+00   7.9861206e-03
   5.0000000e+06   1.9149596e-01   2.1502836e-13   1.9149596e-01   1.0000000e+00   7.9768455e-03
   4.9999999e+06   1.3188836e-01   2.4175621e-13   1.3188836e-01   1.0000000e+00   7.9758349e-03
   8.5227719e+04   9.8452024e+02   2.5529022e-14   9.8452024e+02   1.0000000e+00   7.9628343e-03
   3.9288332e+06   4.6775919e-01   1.7106646e-13   4.6775919e-01   1.0000000e+00   7.9208940e-03
   3.8325454e+06   4.9960270e-01   1.6831945e-13   4.9960270e-01   1.0000000e+00   7.9182108e-03
   1.2463986e+05   4.6268459e+02   3.0774216e-14   4.6268459e+02   1.0000000e+00   7.9118282e-03
   9.9751819e+04   7.3788711e+02   2.7419449e-14   7.3788711e+02   1.0000000e+00   7.8970898e-03
   5.0000000e+06   1.8455184e-01   2.1737900e-13   1.8455184e-01   1.0000000e+00   7.8964468e-03
   2.6539671e+06   9.2880977e-01   1.4433376e-13   9.2880977e-01   1.0000000e+00   7.8408614e-03
   5.0000000e+06   1.0748206e-01   2.5952343e-13   1.0748206e-01   1.0000000e+00   7.8134766e-03
   5.4170631e+05   2.5307955e+01   6.3410938e-14   2.5307955e+01   1.0000000e+00   7.7773100e-03
   1.7881660e+05   2.3583542e+02   3.6389335e-14   2.3583542e+02   1.0000000e+00   7.7215005e-03
   1.0369901e+05   6.4152040e+02   2.8378542e-14   6.4152040e+02   1.0000000e+00   7.7089040e-03
   4.6097544e+06   3.7239495e-01   1.8117304e-13   3.7239495e-01   1.0000000e+00   7.6914970e-03
   1.1365140e+05   5.7543777e+02   2.9162807e-14   5.7543777e+02   1.0000000e+00   7.6859122e-03
   5.0000000e+06   1.3905814e-01   2.3753690e-13   1.3905814e-01   1.0000000e+00   7.6849693e-03
   4.9306435e+06   1.2068003e-01   2.4988286e-13   1.2068003e-01   1.0000000e+00   7.6841420e-03
   5.0000000e+06   2.0711065e-01   2.1023932e-13   2.0711065e-01   1.0000000e+00   7.6785579e-03
   4.9688667e+06   2.9160413e-01   1.9224468e-13   2.9160413e-01   1.0000000e+00   7.6750426e-03
   1.8760351e+06   1.7538104e+00   1.2332645e-13   1.7538104e+00   1.0000000e+00   7.6454445e-03
   2.0156853e+05   1.8592405e+02   3.8604824e-14   1.8592405e+02   1.0000000e+00   7.6318789e-03
   4.9998088e+06   1.0484151e-01   2.6185070e-13   1.0484151e-01   1.0000000e+00   7.6277799e-03
   3.0941795e+06   5.9513751e-01   1.6151989e-13   5.9513751e-01   1.0000000e+00   7.6111652e-03
   1.0203045e+05   6.4921447e+02   2.8295619e-14   6.4921447e+02   1.0000000e+00   7.5934657e-03
   4.9999999e+06   2.2709440e-01   2.0494553e-13   2.2709440e-01   1.0000000e+00   7.5914769e-03
   5.0000000e+06   1.6831560e-01   2.2351170e-13   1.6831560e-01   1.0000000e+00   7.5699804e-03
   1.0001013e+05   7.0801583e+02   2.7695600e-14   7.0801583e+02   1.0000000e+00   7.5646896e-03
   4.4494931e+05   2.8151667e+01   6.1905116e-14   2.8151667e+01   1.0000000e+00   7.5468824e-03
   6.7702727e+05   1.5686782e+01   7.1420843e-14   1.5686782e+01   1.0000000e+00   7.5406194e-03
   9.7424380e+04   7.3441242e+02   2.7444935e-14   7.3441242e+02   1.0000000e+00   7.5293352e-03
   3.0729309e+06   7.3703095e-01   1.5282889e-13   7.3703095e-01   1.0000000e+00   7.5089857e-03
   1.6225734e+05   2.7872277e+02   3.4901508e-14   2.7872277e+02   1.0000000e+00   7.4987553e-03
   2.5086798e+05   1.1794545e+02   4.3222721e-14   1.1794545e+02   1.0000000e+00   7.4916359e-03
   9.4828528e+04   7.7381668e+02   2.7092406e-14   7.7381668e+02   1.0000000e+00   7.4776562e-03
   1.2417534e+05   4.5585522e+02   3.0885257e-14   4.5585522e+02   1.0000000e+00   7.4688256e-03
   9.3480045e+04   7.5829350e+02   2.7230974e-14   7.5829350e+02   1.0000000e+00   7.4524259e-03
   4.9763425e+06   1.3543502e-01   2.3982178e-13   1.3543502e-01   1.0000000e+00   7.4350353e-03
   4.9934387e+06   1.0265469e-01   2.6392885e-13   1.0265469e-01   1.0000000e+00   7.4331012e-03
   1.2269504e+05   4.9366423e+02   3.0291205e-14   4.9366423e+02   1.0000000e+00   7.4275853e-03
   9.8700388e+04   6.8367253e+02   2.7937177e-14   6.8367253e+02   1.0000000e+00   7.4214950e-03
   1.0515512e+05   5.8628607e+02   2.9024943e-14   5.8628607e+02   1.0000000e+00   7.4209878e-03
   5.0000000e+06   1.1469225e-01   2.5362724e-13   1.1469225e-01   1.0000000e+00   7.4101295e-03
   1.1720003e+05   4.9963940e+02   3.0190625e-14   4.9963940e+02   1.0000000e+00   7.4024206e-03
   1.0450298e+06   9.2285717e+00   8.2237066e-14   9.2285717e+00   1.0000000e+00   7.3721320e-03
   4.9987875e+06   1.0978047e-01   2.5758852e-13   1.0978047e-01   1.0000000e+00   7.3719037e-03
   1.0793930e+06   4.8742041e+00   9.5780605e-14   4.8742041e+00   1.0000000e+00   7.3670624e-03
   5.0000000e+06   1.6068984e-01   2.2675095e-13   1.6068984e-01   1.0000000e+00   7.3622879e-03
   1.8100736e+05   2.3167554e+02   3.6553293e-14   2.3167554e+02   1.0000000e+00   7.3601691e-03
   3.7939366e+05   5.1379138e+01   5.3153876e-14   5.1379138e+01   1.0000000e+00   7.3434068e-03
   4.9658415e+06   1.7907749e-01   2.1950697e-13   1.7907749e-01   1.0000000e+00   7.3317452e-03
   1.1806993e+05   4.6766045e+02   3.0695480e-14   4.6766045e+02   1.0000000e+00   7.3174708e-03
   4.9274942e+06   2.1121579e-01   2.0930046e-13   2.1121579e-01   1.0000000e+00   7.3021830e-03
   5.0000000e+06   1.7567385e-01   2.2061317e-13   1.7567385e-01   1.0000000e+00   7.2683740e-03
   9.6202146e+04   7.1152392e+02   2.7664090e-14   7.1152392e+02   1.0000000e+00   7.2568913e-03
   8.0324188e+05   1.0350654e+01   7.9213900e-14   1.0350654e+01   1.0000000e+00   7.2495780e-03
   3.0148863e+06   8.1635288e-01   1.4905196e-13   8.1635288e-01   1.0000000e+00   7.2365214e-03
   1.6712074e+05   3.1065545e+02   3.4077201e-14   3.1065545e+02   1.0000000e+00   7.2328619e-03
   8.7804372e+04   8.8271115e+02   2.6224881e-14   8.8271115e+02   1.0000000e+00   7.2062218e-03
   1.3536905e+05   4.4575541e+02   3.1111659e-14   4.4575541e+02   1.0000000e+00   7.2025025e-03
   4.9334830e+06   2.5614818e-01   1.9860287e-13   2.5614818e-01   1.0000000e+00   7.1652854e-03
   5.0000000e+06   1.4683468e-01   2.3335299e-13   1.4683468e-01   1.0000000e+00   7.1495688e-03
   1.1226421e+05   4.8808751e+02   3.0390604e-14   4.8808751e+02   1.0000000e+00   7.1081368e-03
   3.1502667e+06   5.6229946e-01   1.6389353e-13   5.6229946e-01   1.0000000e+00   7.1070479e-03
   3.0048644e+05   7.4228552e+01   4.8488587e-14   7.4228552e+01   1.0000000e+00   7.0745745e-03
   3.6473880e+05   3.7358614e+01   5.7913607e-14   3.7358614e+01   1.0000000e+00   7.0645940e-03
   1.4569874e+06   2.8991925e+00   1.0883641e-13   2.8991925e+00   1.0000000e+00   7.0467897e-03
   2.7230532e+05   1.0591741e+02   4.4426648e-14   1.0591741e+02   1.0000000e+00   7.0372915e-03
   1.0135181e+05   6.3862662e+02   2.8414647e-14   6.3862662e+02   1.0000000e+00   7.0170376e-03
   3.1522727e+06   7.6418703e-01   1.5154981e-13   7.6418703e-01   1.0000000e+00   7.0137313e-03
   1.0303209e+05   5.5461243e+02   2.9465384e-14   5.5461243e+02   1.0000000e+00   7.0047207e-03
   8.4670008e+04   9.7047106e+02   2.5617768e-14   9.7047106e+02   1.0000000e+00   6.9909700e-03
   1.9046585e+06   2.3303614e+00   1.1511739e-13   2.3303614e+00   1.0000000e+00   6.9724657e-03
   8.7369741e+04   9.2432331e+02   2.5928718e-14   9.2432331e+02   1.0000000e+00   6.9677252e-03
   8.2976284e+04   9.4776283e+02   2.5772577e-14   9.4776283e+02   1.0000000e+00   6.9427642e-03
   1.3761045e+05   3.7044544e+02   3.2515422e-14   3.7044544e+02   1.0000000e+00   6.9397196e-03
   2.5847749e+06   1.1121090e+00   1.3804524e-13   1.1121090e+00   1.0000000e+00   6.9128167e-03
   4.4848373e+06   3.6599698e-01   1.8178594e-13   3.6599698e-01   1.0000000e+00   6.8880351e-03
   3.9284824e+06   4.2197839e-01   1.7549710e-13   4.2197839e-01   1.0000000e+00   6.8831161e-03
   9.4814136e+04   7.6773984e+02   2.7145129e-14   7.6773984e+02   1.0000000e+00   6.8452557e-03
   5.0000000e+06   1.2308659e-01   2.4748900e-13   1.2308659e-01   1.0000000e+00   6.8181730e-03
   1.4038112e+06   3.9843254e+00   1.0057794e-13   3.9843254e+00   1.0000000e+00   6.8036940e-03
   1.1717053e+05   5.2910979e+02   2.9769981e-14   5.2910979e+02   1.0000000e+00   6.7954649e-03
   2.4171778e+05   1.4348140e+02   4.1249822e-14   1.4348140e+02   1.0000000e+00   6.7913061e-03
   5.0000000e+06   1.3017286e-01   2.4282291e-13   1.3017286e-01   1.0000000e+00   6.7843777e-03
   3.9288331e+06   4.5806960e-01   1.7193924e-13   4.5806960e-01   1.0000000e+00   6.7644699e-03
   1.2971707e+05   4.3551745e+02   3.1243072e-14   4.3551745e+02   1.0000000e+00   6.7634763e-03
   1.3138197e+05   4.0368841e+02   3.1829425e-14   4.0368841e+02   1.0000000e+00   6.7418786e-03
   1.1600528e+05   5.1974912e+02   2.9897260e-14   5.1974912e+02   1.0000000e+00   6.7376827e-03
   9.1435782e+04   7.9329345e+02   2.6928685e-14   7.9329345e+02   1.0000000e+00   6.7297325e-03
   8.7783988e+04   9.1902683e+02   2.5965863e-14   9.1902683e+02   1.0000000e+00   6.7041851e-03
   1.0957206e+05   5.9655096e+02   2.8896288e-14   5.9655096e+02   1.0000000e+00   6.6848090e-03
   1.5880954e+05   2.7328744e+02   3.5064240e-14   2.7328744e+02   1.0000000e+00   6.6153855e-03
   1.3955767e+05   3.4289819e+02   3.3146263e-14   3.4289819e+02   1.0000000e+00   6.6127257e-03
   1.0755195e+05   6.1718701e+02   2.8653623e-14   6.1718701e+02   1.0000000e+00   6.5942563e-03
   4.9999999e+06   2.3906993e-01   2.0214258e-13   2.3906993e-01   1.0000000e+00   6.5929431e-03
   4.9505585e+06   1.8942680e-01   2.1592221e-13   1.8942680e-01   1.0000000e+00   6.5916060e-03
   1.2393813e+06   4.9980783e+00   9.5026341e-14   4.9980783e+00   1.0000000e+00   6.5894212e-03
   1.7455510e+05   2.1891778e+02   3.7052797e-14   2.1891778e+02   1.0000000e+00   6.5792059e-03
   1.5283878e+05   2.9400242e+02   3.4434018e-14   2.9400242e+02   1.0000000e+00   6.5680509e-03
   7.5526634e+05   1.2184640e+01   7.6053853e-14   1.2184640e+01   1.0000000e+00   6.5607358e-03
   4.9443016e+06   1.2772595e-01   2.4490547e-13   1.2772595e-01   1.0000000e+00   6.5478466e-03
   1.0786608e+06   6.2318531e+00   8.9895239e-14   6.2318531e+00   1.0000000e+00   6.5419944e-03
   9.9023650e+04   7.2816195e+02   2.7504913e-14   7.2816195e+02   1.0000000e+00   6.5372034e-03
   6.4283023e+05   2.3259518e+01   6.5180746e-14   2.3259518e+01   1.0000000e+00   6.5313783e-03
   9.4321244e+04   8.0650511e+02   2.6819176e-14   8.0650511e+02   1.0000000e+00   6.5167546e-03
   4.5549983e+06   3.3129346e-01   1.8626708e-13   3.3129346e-01   1.0000000e+00   6.5106714e-03
   9.8157061e+04   7.3061274e+02   2.7480706e-14   7.3061274e+02   1.0000000e+00   6.5000287e-03
   3.8504952e+06   4.3625619e-01   1.7406826e-13   4.3625619e-01   1.0000000e+00   6.4873676e-03
   3.9288332e+06   5.3329378e-01   1.6590534e-13   5.3329378e-01   1.0000000e+00   6.4318878e-03
   1.5492519e+05   2.9994920e+02   3.4267143e-14   2.9994920e+02   1.0000000e+00   6.4190856e-03
   1.2283180e+05   4.9668558e+02   3.0247910e-14   4.9668558e+02   1.0000000e+00   6.3932159e-03
   2.3197671e+06   1.1538611e+00   1.3683677e-13   1.1538611e+00   1.0000000e+00   6.3880684e-03
   9.4066303e+04   7.9536485e+02   2.6909603e-14   7.9536485e+02   1.0000000e+00   6.3806514e-03
   4.9950730e+06   1.1593691e-01   2.5272281e-13   1.1593691e-01   1.0000000e+00   6.3606975e-03
   9.3890217e+04   7.5383302e+02   2.7270371e-14   7.5383302e+02   1.0000000e+00   6.3521836e-03
   1.6712732e+05   2.1289744e+02   3.7358867e-14   2.1289744e+02   1.0000000e+00   6.3302437e-03
   4.9994738e+06   1.1843030e-01   2.5081043e-13   1.1843030e-01   1.0000000e+00   6.3032966e-03
   9.3606671e+04   7.7098792e+02   2.7117474e-14   7.7098792e+02   1.0000000e+00   6.2962689e-03
   8.5656754e+04   9.9515503e+02   2.5464481e-14   9.9515503e+02   1.0000000e+00   6.2937196e-03
   1.0288783e+06   6.0866592e+00   9.0437192e-14   6.0866592e+00   1.0000000e+00   6.2898365e-03
   1.3214661e+06   4.4233203e+00   9.7969823e-14   4.4233203e+00   1.0000000e+00   6.2809167e-03
   5.0000000e+06   1.3630847e-01   2.3911126e-13   1.3630847e-01   1.0000000e+00   6.2645984e-03
   5.0000000e+06   2.1494473e-01   2.0806307e-13   2.1494473e-01   1.0000000e+00   6.2604115e-03
   1.1486447e+05   4.7632199e+02   3.0566542e-14   4.7632199e+02   1.0000000e+00   6.2555549e-03
   1.4076052e+06   3.2709185e+00   1.0555666e-13   3.2709185e+00   1.0000000e+00   6.2513368e-03
   2.8785488e+06   8.7521826e-01   1.4647398e-13   8.7521826e-01   1.0000000e+00   6.2412152e-03
   8.5754751e+05   8.1731851e+00   8.4109806e-14   8.1731851e+00   1.0000000e+00   6.1946194e-03
   3.1321663e+06   7.9272240e-01   1.5022661e-13   7.9272240e-01   1.0000000e+00   6.1871739e-03
   1.1639402e+05   5.2417903e+02   2.9835694e-14   5.2417903e+02   1.0000000e+00   6.1782041e-03
   1.3049159e+05   4.0920000e+02   3.1722580e-14   4.0920000e+02   1.0000000e+00   6.1760434e-03
   1.5787144e+05   2.6592643e+02   3.5306258e-14   2.6592643e+02   1.0000000e+00   6.1518034e-03
   9.4433818e+05   8.5059520e+00   8.3225426e-14   8.5059520e+00   1.0000000e+00   6.1474798e-03
   9.5530978e+05   1.1472995e+01   7.8041168e-14   1.1472995e+01   1.0000000e+00   6.1287119e-03
   3.5836719e+05   5.3611361e+01   5.2578038e-14   5.3611361e+01   1.0000000e+00   6.1194263e-03
   5.0000000e+06   1.2165640e-01   2.4848516e-13   1.2165640e-01   1.0000000e+00   6.1056697e-03
   1.0686983e+06   5.1779405e+00   9.4266125e-14   5.1779405e+00   1.0000000e+00   6.1049727e-03
   4.9960884e+06   1.8139364e-01   2.1851671e-13   1.8139364e-01   1.0000000e+00   6.1001552e-03
   1.3286727e+06   3.6559227e+00   1.0267630e-13   3.6559227e+00   1.0000000e+00   6.0986086e-03
   1.2641648e+05   4.4891744e+02   3.1005178e-14   4.4891744e+02   1.0000000e+00   6.0895215e-03
   2.4485059e+05   1.3452456e+02   4.1881069e-14   1.3452456e+02   1.0000000e+00   6.0782714e-03
   4.9720056e+06   1.4941866e-01   2.3224333e-13   1.4941866e-01   1.0000000e+00   6.0771251e-03
   2.7531065e+06   8.6221672e-01   1.4702393e-13   8.6221672e-01   1.0000000e+00   6.0760369e-03
   1.1247313e+05   6.1445893e+02   2.8708410e-14   6.1445893e+02   1.0000000e+00   6.0706963e-03
   4.6520149e+05   3.1456692e+01   6.0046437e-14   3.1456692e+01   1.0000000e+00   6.0671704e-03
   1.8694810e+06   1.7966256e+00   1.2256204e-13   1.7966256e+00   1.0000000e+00   6.0603805e-03
   3.8020626e+06   3.6404969e-01   1.8283064e-13   3.6404969e-01   1.0000000e+00   6.0533978e-03
   5.0000000e+06   1.8675986e-01   2.1661542e-13   1.8675986e-01   1.0000000e+00   6.0510910e-03
   9.9859445e+04   7.6444848e+02   2.7191001e-14   7.6444848e+02   1.0000000e+00   6.0245407e-03
   1.1405880e+05   5.3863505e+02   2.9634208e-14   5.3863505e+02   1.0000000e+00   5.9991100e-03
   1.2005835e+05   4.8965332e+02   3.0342992e-14   4.8965332e+02   1.0000000e+00   5.9898147e-03
   1.6766678e+05   2.2662764e+02   3.6747424e-14   2.2662764e+02   1.0000000e+00   5.9656673e-03
   4.9826363e+06   1.9487805e-01   2.1400156e-13   1.9487805e-01   1.0000000e+00   5.9573698e-03
   1.2421933e+05   4.0881620e+02   3.1745400e-14   4.0881620e+02   1.0000000e+00   5.9555829e-03
   1.1770298e+05   4.4046669e+02   3.1177448e-14   4.4046669e+02   1.0000000e+00   5.9235364e-03
   2.4494447e+05   1.0292297e+02   4.4732245e-14   1.0292297e+02   1.0000000e+00   5.9221093e-03
   1.9732656e+05   1.7082378e+02   3.9409308e-14   1.7082378e+02   1.0000000e+00   5.8953950e-03
   4.8230561e+06   2.3739335e-01   2.0286867e-13   2.3739335e-01   1.0000000e+00   5.8940146e-03
   8.5612662e+04   8.9642135e+02   2.6128580e-14   8.9642135e+02   1.0000000e+00   5.8875956e-03
   3.0346561e+05   1.0991221e+02   4.4375070e-14   1.0991221e+02   1.0000000e+00   5.8701181e-03
   8.9141962e+04   8.5196030e+02   2.6455978e-14   8.5196030e+02   1.0000000e+00   5.8687508e-03
   4.9999999e+06   2.7448108e-01   1.9511558e-13   2.7448108e-01   1.0000000e+00   5.8678483e-03
   1.7455876e+05   2.2943789e+02   3.6621121e-14   2.2943789e+02   1.0000000e+00   5.8541210e-03
   4.4929926e+06   3.3924516e-01   1.8518017e-13   3.3924516e-01   1.0000000e+00   5.8440791e-03
   8.4970156e+04   9.8997341e+02   2.5494156e-14   9.8997341e+02   1.0000000e+00   5.8431570e-03
   1.1148101e+05   5.4385447e+02   2.9563767e-14   5.4385447e+02   1.0000000e+00   5.8185111e-03
   1.4883325e+06   3.1261626e+00   1.0672647e-13   3.1261626e+00   1.0000000e+00   5.8068408e-03
   4.9999999e+06   1.2098488e-01   2.4895961e-13   1.2098488e-01   1.0000000e+00   5.8019345e-03
   2.5153657e+05   1.4100940e+02   4.1500789e-14   1.4100940e+02   1.0000000e+00   5.7880043e-03
   3.1532717e+06   5.6909654e-01   1.6334770e-13   5.6909654e-01   1.0000000e+00   5.7819214e-03
   3.2501085e+05   7.2901572e+01   4.8740962e-14   7.2901572e+01   1.0000000e+00   5.7786475e-03
   9.4516170e+04   7.4202828e+02   2.7377358e-14   7.4202828e+02   1.0000000e+00   5.7779310e-03
   3.7486175e+05   4.7283932e+01   5.4253438e-14   4.7283932e+01   1.0000000e+00   5.7678528e-03
   4.7723465e+06   2.3238353e-01   2.0420609e-13   2.3238353e-01   1.0000000e+00   5.7512315e-03
   8.5934988e+04   8.4998100e+02   2.6484904e-14   8.4998100e+02   1.0000000e+00   5.7499503e-03
   1.0972976e+05   5.8336176e+02   2.9054700e-14   5.8336176e+02   1.0000000e+00   5.7481448e-03
   9.4291913e+04   8.2944481e+02   2.6638734e-14   8.2944481e+02   1.0000000e+00   5.7332197e-03
   3.1577303e+05   6.6096461e+01   4.9913707e-14   6.6096461e+01   1.0000000e+00   5.7266874e-03
   4.9887241e+06   1.6530181e-01   2.2482689e-13   1.6530181e-01   1.0000000e+00   5.7107997e-03
   1.0944503e+05   5.6220344e+02   2.9322102e-14   5.6220344e+02   1.0000000e+00   5.7009274e-03
   1.4700325e+06   2.6585389e+00   1.1135142e-13   2.6585389e+00   1.0000000e+00   5.7009258e-03
   1.4747245e+06   2.7170344e+00   1.1068410e-13   2.7170344e+00   1.0000000e+00   5.6580203e-03
   1.0191260e+05   6.9437352e+02   2.7831492e-14   6.9437352e+02   1.0000000e+00   5.6559278e-03
   8.9989345e+04   8.5707575e+02   2.6416431e-14   8.5707575e+02   1.0000000e+00   5.6443902e-03
   8.7148951e+04   8.7885618e+02   2.6254652e-14   8.7885618e+02   1.0000000e+00   5.6402445e-03
   4.9445042e+06   1.2823672e-01   2.4457017e-13   1.2823672e-01   1.0000000e+00   5.6125499e-03
   1.8650866e+06   2.1494856e+00   1.1719876e-13   2.1494856e+00   1.0000000e+00   5.5970795e-03
   2.8243438e+05   7.1097303e+01   4.9126381e-14   7.1097303e+01   1.0000000e+00   5.5882968e-03
   4.9539974e+06   1.2468293e-01   2.4684310e-13   1.2468293e-01   1.0000000e+00   5.5715464e-03
   1.2143449e+05   4.4220932e+02   3.1124134e-14   4.4220932e+02   1.0000000e+00   5.5622950e-03
   2.4084644e+05   9.2221644e+01   4.6121112e-14   9.2221644e+01   1.0000000e+00   5.5603270e-03
   4.4921218e+06   3.2801903e-01   1.8674616e-13   3.2801903e-01   1.0000000e+00   5.5591781e-03
   5.0000000e+06   2.3287572e-01   2.0356121e-13   2.3287572e-01   1.0000000e+00   5.5558172e-03
   3.4348820e+06   7.8802137e-01   1.5115128e-13   7.8802137e-01   1.0000000e+00   5.5203285e-03
   3.8339450e+06   3.6041653e-01   1.8324312e-13   3.6041653e-01   1.0000000e+00   5.5198503e-03
   1.1258951e+05   5.4272839e+02   2.9578227e-14   5.4272839e+02   1.0000000e+00   5.5122985e-03
   5.0000000e+06   1.1669693e-01   2.5209516e-13   1.1669693e-01   1.0000000e+00   5.4883117e-03
   1.9083003e+06   1.9009127e+00   1.2078719e-13   1.9009127e+00   1.0000000e+00   5.4764529e-03
   2.4935684e+05   1.1725952e+02   4.3279281e-14   1.1725952e+02   1.0000000e+00   5.4703586e-03
   8.3499962e+04   9.5240530e+02   2.5738958e-14   9.5240530e+02   1.0000000e+00   5.4672165e-03
   3.1443302e+06   6.3977338e-01   1.5836042e-13   6.3977338e-01   1.0000000e+00   5.4625270e-03
   5.0000000e+06   2.4297066e-01   2.0128150e-13   2.4297066e-01   1.0000000e+00   5.4619486e-03
   4.9841744e+06   1.6623591e-01   2.2446076e-13   1.6623591e-01   1.0000000e+00   5.4615562e-03
   8.6579788e+04   8.9059290e+02   2.6168698e-14   8.9059290e+02   1.0000000e+00   5.4565076e-03
   7.2771059e+05   1.6529082e+01   7.0737885e-14   1.6529082e+01   1.0000000e+00   5.4521307e-03
   8.7363343e+04   9.2202811e+02   2.5944461e-14   9.2202811e+02   1.0000000e+00   5.4511793e-03
   8.1179923e+05   9.4649687e+00   8.1045401e-14   9.4649687e+00   1.0000000e+00   5.4337804e-03
   4.6864992e+06   3.0722997e-01   1.8977278e-13   3.0722997e-01   1.0000000e+00   5.4323595e-03
   8.3989290e+04   9.6892466e+02   2.5627808e-14   9.6892466e+02   1.0000000e+00   5.4187121e-03
   2.5413481e+05   1.1399109e+02   4.3587893e-14   1.1399109e+02   1.0000000e+00   5.4144974e-03
   3.9155713e+06   4.9376427e-01   1.6886015e-13   4.9376427e-01   1.0000000e+00   5.3993017e-03
   1.0110398e+05   6.5489741e+02   2.8235471e-14   6.5489741e+02   1.0000000e+00   5.3810547e-03
   1.3760926e+05   3.2993588e+02   3.3482856e-14   3.2993588e+02   1.0000000e+00   5.3643877e-03
   9.2474634e+04   8.1098409e+02   2.6779865e-14   8.1098409e+02   1.0000000e+00   5.3589513e-03
   1.1958888e+05   4.8297117e+02   3.0445468e-14   4.8297117e+02   1.0000000e+00   5.3576452e-03
   9.6961335e+04   7.2012404e+02   2.7578978e-14   7.2012404e+02   1.0000000e+00   5.3566469e-03
   1.2269821e+05   4.5122819e+02   3.0963191e-14   4.5122819e+02   1.0000000e+00   5.3498397e-03
   1.9136855e+06   2.0154316e+00   1.1907658e-13   2.0154316e+00   1.0000000e+00   5.3468188e-03
   2.5486547e+06   1.0966062e+00   1.3848857e-13   1.0966062e+00   1.0000000e+00   5.3398813e-03
   4.9748771e+06   1.1797533e-01   2.5140093e-13   1.1797533e-01   1.0000000e+00   5.3338433e-03
   1.1301592e+05   5.3382415e+02   2.9699891e-14   5.3382415e+02   1.0000000e+00   5.3328908e-03
   1.3190778e+05   3.5515910e+02   3.2881095e-14   3.5515910e+02   1.0000000e+00   5.3213138e-03
   1.2515003e+05   4.7323115e+02   3.0609416e-14   4.7323115e+02   1.0000000e+00   5.2974230e-03
   1.9435949e+05   1.9266956e+02   3.8251648e-14   1.9266956e+02   1.0000000e+00   5.2955130e-03
   5.9078779e+05   2.4070034e+01   6.4342026e-14   2.4070034e+01   1.0000000e+00   5.2707075e-03
   6.4542169e+05   1.3324599e+01   7.4597320e-14   1.3324599e+01   1.0000000e+00   5.2699066e-03
   9.5922877e+05   7.0138696e+00   8.7297496e-14   7.0138696e+00   1.0000000e+00   5.2689073e-03
   2.0524796e+06   1.8390815e+00   1.2188680e-13   1.8390815e+00   1.0000000e+00   5.2595566e-03
   1.3065488e+05   3.9718339e+02   3.1958268e-14   3.9718339e+02   1.0000000e+00   5.2447915e-03
   1.2205328e+05   4.3669124e+02   3.1221694e-14   4.3669124e+02   1.0000000e+00   5.2220979e-03
   4.9462759e+06   2.6603219e-01   1.9667026e-13   2.6603219e-01   1.0000000e+00   5.2159972e-03
   3.0454549e+06   7.2617249e-01   1.5339755e-13   7.2617249e-01   1.0000000e+00   5.2135115e-03
   4.9688666e+06   2.5143451e-01   1.9952534e-13   2.5143451e-01   1.0000000e+00   5.2116578e-03
   1.1567527e+05   5.2558541e+02   2.9815018e-14   5.2558541e+02   1.0000000e+00   5.2039811e-03
   4.3683687e+05   3.3648909e+01   5.9065353e-14   3.3648909e+01   1.0000000e+00   5.2009959e-03
   1.9662207e+05   1.8920493e+02   3.8425874e-14   1.8920493e+02   1.0000000e+00   5.1971892e-03
   1.1341898e+05   5.8083717e+02   2.9096913e-14   5.8083717e+02   1.0000000e+00   5.1893296e-03
   9.0678749e+04   8.2526920e+02   2.6664838e-14   8.2526920e+02   1.0000000e+00   5.1799373e-03
   1.3188825e+05   3.9272034e+02   3.2047552e-14   3.9272034e+02   1.0000000e+00   5.1535860e-03
   3.1682740e+06   6.5901201e-01   1.5714426e-13   6.5901201e-01   1.0000000e+00   5.1468966e-03
   5.0000000e+06   2.1339951e-01   2.0848143e-13   2.1339951e-01   1.0000000e+00   5.1393650e-03
   8.1801829e+05   1.1627206e+01   7.7015722e-14   1.1627206e+01   1.0000000e+00   5.1162028e-03
   4.7575063e+05   2.4380773e+01   6.4180995e-14   2.4380773e+01   1.0000000e+00   5.1024105e-03
   1.1453127e+05   5.3705333e+02   2.9656168e-14   5.3705333e+02   1.0000000e+00   5.0839840e-03
   5.0000000e+06   2.5992869e-01   1.9780097e-13   2.5992869e-01   1.0000000e+00   5.0834724e-03
   8.5348359e+04   9.8737647e+02   2.5511486e-14   9.8737647e+02   1.0000000e+00   5.0605605e-03
   4.9632983e+06   1.9850103e-01   2.1293378e-13   1.9850103e-01   1.0000000e+00   5.0367573e-03
   1.3955617e+05   3.5079092e+02   3.2957714e-14   3.5079092e+02   1.0000000e+00   5.0357747e-03
   1.4569874e+06   2.8269028e+00   1.0956644e-13   2.8269028e+00   1.0000000e+00   5.0208698e-03
   4.4646163e+05   2.8746915e+01   6.1540844e-14   2.8746915e+01   1.0000000e+00   5.0115993e-03
   9.3795435e+05   6.8356457e+00   8.7938263e-14   6.8356457e+00   1.0000000e+00   5.0075652e-03
   1.1625895e+05   5.3201837e+02   2.9727831e-14   5.3201837e+02   1.0000000e+00   5.0057378e-03
   2.9992193e+06   9.0387971e-01   1.4553020e-13   9.0387971e-01   1.0000000e+00   5.0046650e-03
   1.4005426e+06   3.1564496e+00   1.0654887e-13   3.1564496e+00   1.0000000e+00   4.9998837e-03
   3.6025739e+05   6.1261676e+01   5.0923960e-14   6.1261676e+01   1.0000000e+00   4.9994790e-03
   8.2861189e+04   9.9609700e+02   2.5453310e-14   9.9609700e+02   1.0000000e+00   4.9941477e-03
   2.8785488e+06   9.0573094e-01   1.4527550e-13   9.0573094e-01   1.0000000e+00   4.9906146e-03
   8.8815000e+04   8.9816791e+02   2.6113616e-14   8.9816791e+02   1.0000000e+00   4.9642866e-03
   1.0763826e+05   6.2752250e+02   2.8538902e-14   6.2752250e+02   1.0000000e+00   4.9489504e-03
   1.4828998e+05   2.9633791e+02   3.4373314e-14   2.9633791e+02   1.0000000e+00   4.9412484e-03
   1.0956185e+05   5.6435741e+02   2.9293902e-14   5.6435741e+02   1.0000000e+00   4.9361540e-03
   3.6368644e+05   4.6338323e+01   5.4569945e-14   4.6338323e+01   1.0000000e+00   4.9119914e-03
   4.7711863e+05   3.2985105e+01   5.9366722e-14   3.2985105e+01   1.0000000e+00   4.9112506e-03
   9.4366088e+04   8.0339721e+02   2.6844415e-14   8.0339721e+02   1.0000000e+00   4.9083252e-03
   5.0000000e+06   1.0838590e-01   2.5874903e-13   1.0838590e-01   1.0000000e+00   4.9046839e-03
   2.8690758e+06   8.0231172e-01   1.4966397e-13   8.0231172e-01   1.0000000e+00   4.8988819e-03
   4.9998664e+06   1.2902111e-01   2.4355348e-13   1.2902111e-01   1.0000000e+00   4.8982659e-03
   3.8252636e+06   4.7953599e-01   1.6999895e-13   4.7953599e-01   1.0000000e+00   4.8941990e-03
   1.2032709e+05   4.7906072e+02   3.0506920e-14   4.7906072e+02   1.0000000e+00   4.8752863e-03
   2.9168122e+05   6.8287727e+01   4.9594678e-14   6.8287727e+01   1.0000000e+00   4.8643472e-03
   1.7624256e+05   2.1490278e+02   3.7223471e-14   2.1490278e+02   1.0000000e+00   4.8516342e-03
   1.3164988e+06   3.8159838e+00   1.0156984e-13   3.8159838e+00   1.0000000e+00   4.8366409e-03
   1.2968529e+05   3.9382064e+02   3.2028393e-14   3.9382064e+02   1.0000000e+00   4.8340603e-03
   2.6818401e+05   7.9504799e+01   4.7768914e-14   7.9504799e+01   1.0000000e+00   4.8300665e-03
   4.9688666e+06   2.7952129e-01   1.9424155e-13   2.7952129e-01   1.0000000e+00   4.8274003e-03
   1.0319637e+06   8.9358053e+00   8.2694148e-14   8.9358053e+00   1.0000000e+00   4.8247563e-03
   2.1527983e+05   1.3771481e+02   4.1590210e-14   1.3771481e+02   1.0000000e+00   4.8230244e-03
   2.5614719e+05   1.1083026e+02   4.3889943e-14   1.1083026e+02   1.0000000e+00   4.8206320e-03
   5.0000000e+06   1.0886597e-01   2.5834201e-13   1.0886597e-01   1.0000000e+00   4.8179754e-03
   5.0000000e+06   2.0073163e-01   2.1211861e-13   2.0073163e-01   1.0000000e+00   4.8130367e-03
   9.4422350e+04   7.7830220e+02   2.7053634e-14   7.7830220e+02   1.0000000e+00   4.8113326e-03
   9.9364495e+05   9.9335075e+00   8.0643135e-14   9.9335075e+00   1.0000000e+00   4.8076380e-03
   2.3331535e+06   1.1783564e+00   1.3607508e-13   1.1783564e+00   1.0000000e+00   4.8058048e-03
   5.0000000e+06   1.0043103e-01   2.6595378e-13   1.0043103e-01   1.0000000e+00   4.8021957e-03
   8.3292308e+04   9.4565786e+02   2.5785857e-14   9.4565786e+02   1.0000000e+00   4.7920239e-03
   1.6079093e+05   2.8631747e+02   3.4671844e-14   2.8631747e+02   1.0000000e+00   4.7733420e-03
   9.9989597e+04   6.5856106e+02   2.8198693e-14   6.5856106e+02   1.0000000e+00   4.7687346e-03
   3.2939451e+05   6.9606700e+01   4.9293465e-14   6.9606700e+01   1.0000000e+00   4.7534625e-03
   1.3447984e+06   3.7918252e+00   1.0171939e-13   3.7918252e+00   1.0000000e+00   4.7523146e-03
   1.7928925e+06   2.8180490e+00   1.1002660e-13   2.8180490e+00   1.0000000e+00   4.7485878e-03
   9.4934574e+05   6.5335542e+00   8.8968636e-14   6.5335542e+00   1.0000000e+00   4.7357174e-03
   1.0150600e+05   6.7985067e+02   2.7974346e-14   6.7985067e+02   1.0000000e+00   4.7210505e-03
   3.1532476e+05   7.7139347e+01   4.8057559e-14   7.7139347e+01   1.0000000e+00   4.7088399e-03
   5.0000000e+06   2.6212248e-01   1.9737949e-13   2.6212248e-01   1.0000000e+00   4.6989834e-03
   1.4105769e+05   3.3196242e+02   3.3415622e-14   3.3196242e+02   1.0000000e+00   4.6890326e-03
   1.3955614e+05   3.5079095e+02   3.2957713e-14   3.5079095e+02   1.0000000e+00   4.6866046e-03
   1.2432718e+05   4.6385222e+02   3.0754616e-14   4.6385222e+02   1.0000000e+00   4.6822267e-03
   5.0000000e+06   2.1905746e-01   2.0697439e-13   2.1905746e-01   1.0000000e+00   4.6786089e-03
   9.4514127e+04   7.7820360e+02   2.7054528e-14   7.7820360e+02   1.0000000e+00   4.6468873e-03
   1.0119839e+05   6.9004796e+02   2.7872107e-14   6.9004796e+02   1.0000000e+00   4.6347169e-03
   3.4503164e+05   4.9078033e+01   5.3840404e-14   4.9078033e+01   1.0000000e+00   4.6306509e-03
   2.0521626e+06   1.8766156e+00   1.2131406e-13   1.8766156e+00   1.0000000e+00   4.6256187e-03
   1.4770813e+05   3.3422365e+02   3.3361906e-14   3.3422365e+02   1.0000000e+00   4.6203407e-03
   6.1544545e+05   1.6692388e+01   7.0349511e-14   1.6692388e+01   1.0000000e+00   4.6117677e-03
   4.9990580e+06   1.4834739e-01   2.3258871e-13   1.4834739e-01   1.0000000e+00   4.6080967e-03
   3.1430590e+06   6.3831592e-01   1.5845543e-13   6.3831592e-01   1.0000000e+00   4.5951054e-03
   1.7704321e+05   2.4731145e+02   3.5975105e-14   2.4731145e+02   1.0000000e+00   4.5888961e-03
   1.0346076e+06   6.5344373e+00   8.8827117e-14   6.5344373e+00   1.0000000e+00   4.5785559e-03
   1.6652855e+05   2.5036405e+02   3.5835467e-14   2.5036405e+02   1.0000000e+00   4.5744005e-03
   4.3469695e+05   4.2286510e+01   5.5854274e-14   4.2286510e+01   1.0000000e+00   4.5515363e-03
   8.3563942e+05   1.1758076e+01   7.6877154e-14   1.1758076e+01   1.0000000e+00   4.5496071e-03
   4.9935765e+06   1.0319777e-01   2.6342362e-13   1.0319777e-01   1.0000000e+00   4.5460739e-03
   2.1239591e+05   1.5372811e+02   4.0452815e-14   1.5372811e+02   1.0000000e+00   4.5453847e-03
   4.6955063e+06   3.0856354e-01   1.8956612e-13   3.0856354e-01   1.0000000e+00   4.5391574e-03
   9.0689584e+04   8.7453405e+02   2.6287995e-14   8.7453405e+02   1.0000000e+00   4.5315868e-03
   9.1526696e+04   8.0969077e+02   2.6790789e-14   8.0969077e+02   1.0000000e+00   4.5253905e-03
   1.4054640e+05   3.5752569e+02   3.2803554e-14   3.5752569e+02   1.0000000e+00   4.5207981e-03
   4.9874875e+06   1.1373821e-01   2.5450769e-13   1.1373821e-01   1.0000000e+00   4.5164489e-03
   1.0439809e+05   6.7277626e+02   2.8053002e-14   6.7277626e+02   1.0000000e+00   4.4979172e-03
   4.9781150e+06   1.1241374e-01   2.5566496e-13   1.1241374e-01   1.0000000e+00   4.4852762e-03
   9.5036488e+04   7.4456606e+02   2.7352699e-14   7.4456606e+02   1.0000000e+00   4.4566074e-03
   3.8277999e+06   4.7911739e-01   1.7003584e-13   4.7911739e-01   1.0000000e+00   4.4423683e-03
   1.0163254e+05   6.3006902e+02   2.8511193e-14   6.3006902e+02   1.0000000e+00   4.4418849e-03
   7.9366323e+05   1.3885488e+01   7.3875971e-14   1.3885488e+01   1.0000000e+00   4.4381066e-03
   5.0000000e+06   1.9595554e-01   2.1359405e-13   1.9595554e-01   1.0000000e+00   4.4353205e-03
   8.5224433e+04   9.6519744e+02   2.5652599e-14   9.6519744e+02   1.0000000e+00   4.4203057e-03
   3.4843697e+05   5.6560232e+01   5.1881630e-14   5.6560232e+01   1.0000000e+00   4.4163576e-03
   2.5917282e+05   1.1341697e+02   4.3657936e-14   1.1341697e+02   1.0000000e+00   4.4147611e-03
   9.9802997e+04   6.5327382e+02   2.8257141e-14   6.5327382e+02   1.0000000e+00   4.3687463e-03
   9.6961264e+04   7.2014337e+02   2.7578794e-14   7.2014337e+02   1.0000000e+00   4.3604102e-03
   1.2497498e+05   5.0373099e+02   3.0162060e-14   5.0373099e+02   1.0000000e+00   4.3548052e-03
   4.6520147e+05   3.1476518e+01   6.0036950e-14   3.1476518e+01   1.0000000e+00   4.3496362e-03
   1.8118755e+05   2.2050816e+02   3.6988972e-14   2.2050816e+02   1.0000000e+00   4.3416686e-03
   2.6799038e+05   8.7218610e+01   4.6605258e-14   8.7218610e+01   1.0000000e+00   4.3361527e-03
   7.8476274e+05   1.4002782e+01   7.3691412e-14   1.4002782e+01   1.0000000e+00   4.3245870e-03
   1.8843921e+06   2.0852367e+00   1.1807578e-13   2.0852367e+00   1.0000000e+00   4.3182281e-03
   8.8409326e+04   7.9951366e+02   2.6890177e-14   7.9951366e+02   1.0000000e+00   4.3107105e-03
   4.2508855e+05   4.3837488e+01   5.5346815e-14   4.3837488e+01   1.0000000e+00   4.3019256e-03
   1.4038112e+06   3.9806531e+00   1.0059954e-13   3.9806531e+00   1.0000000e+00   4.2851122e-03
   8.4409752e+05   1.0839593e+01   7.8365209e-14   1.0839593e+01   1.0000000e+00   4.2712251e-03
   1.0290036e+05   6.3481541e+02   2.8453565e-14   6.3481541e+02   1.0000000e+00   4.2690330e-03
   2.7213146e+05   1.0391240e+02   4.4624896e-14   1.0391240e+02   1.0000000e+00   4.2630806e-03
   9.1928384e+04   8.4027702e+02   2.6547386e-14   8.4027702e+02   1.0000000e+00   4.2575009e-03
   1.3493018e+06   3.5890045e+00   1.0313993e-13   3.5890045e+00   1.0000000e+00   4.2537196e-03
   8.6026911e+04   8.9245864e+02   2.6156446e-14   8.9245864e+02   1.0000000e+00   4.2481490e-03
   4.4921217e+06   3.4695429e-01   1.8415649e-13   3.4695429e-01   1.0000000e+00   4.2458249e-03
   8.5869856e+04   9.6165883e+02   2.5676719e-14   9.6165883e+02   1.0000000e+00   4.2341898e-03
   1.2834240e+05   3.9866857e+02   3.1932888e-14   3.9866857e+02   1.0000000e+00   4.2330140e-03
   4.9472179e+06   2.6896282e-01   1.9612438e-13   2.6896282e-01   1.0000000e+00   4.2257004e-03
   1.8843922e+06   2.0599714e+00   1.1842263e-13   2.0599714e+00   1.0000000e+00   4.2235270e-03
   1.3916240e+05   3.3616287e+02   3.3314556e-14   3.3616287e+02   1.0000000e+00   4.2052454e-03
   8.2158785e+05   1.5581607e+01   7.2326428e-14   1.5581607e+01   1.0000000e+00   4.1977078e-03
   4.9998088e+06   2.7145411e-01   1.9565342e-13   2.7145411e-01   1.0000000e+00   4.1924097e-03
   1.9136788e+05   1.9218594e+02   3.8269672e-14   1.9218594e+02   1.0000000e+00   4.1880885e-03
   1.2470626e+05   4.0116814e+02   3.1898546e-14   4.0116814e+02   1.0000000e+00   4.1849173e-03
   3.1100781e+06   6.6005386e-01   1.5712520e-13   6.6005386e-01   1.0000000e+00   4.1800701e-03
   5.0000000e+06   1.8042751e-01   2.1884779e-13   1.8042751e-01   1.0000000e+00   4.1122668e-03
