   8.2649802e-01   1.0000000e-01   1.0000000e-02   8.0165498e-13   1.1000000e-01   1.0000000e+00             Inf
   8.1746769e-02   1.0000000e+03   9.3393192e+01   2.5500210e-14   1.0933932e+03   1.0000000e+00             Inf
   3.1330568e-01   8.0861792e+01   8.0100906e+00   4.9104171e-14   8.8871883e+01   1.0000000e+00   1.6896837e-02
   2.2051292e+00   1.8255366e-01   1.7451820e-01   3.5064134e-13   3.5707186e-01   1.0000000e+00   1.6352404e-02
   2.1781805e+00   1.4662829e-01   1.1257857e-01   4.0721785e-13   2.5920687e-01   1.0000000e+00   1.5029265e-02
   2.3183655e-01   1.4629709e+02   1.5167699e+01   4.1724566e-14   1.6146479e+02   1.0000000e+00   1.4901923e-02
   1.4099385e-01   3.2706060e+02   2.0577425e+01   3.3944160e-14   3.4763802e+02   1.0000000e+00   1.4863673e-02
   1.1011380e-01   5.2556422e+02   2.4672987e+01   3.0121575e-14   5.5023720e+02   1.0000000e+00   1.4743629e-02
   1.0970220e-01   5.1447908e+02   2.4431007e+01   3.0289706e-14   5.3891009e+02   1.0000000e+00   1.4650421e-02
   7.0494861e-01   1.1539510e+01   3.0798426e+00   8.2834671e-14   1.4619353e+01   1.0000000e+00   1.4617572e-02
   1.8555456e-01   1.2968901e+02   8.8168492e+00   4.3654603e-14   1.3850586e+02   1.0000000e+00   1.3845057e-02
   1.0245442e-01   6.0460637e+02   2.5196695e+01   2.9089100e-14   6.2980307e+02   1.0000000e+00   1.3828313e-02
   1.6270672e+00   9.3686467e-01   7.1007934e-01   1.8021179e-13   1.6469440e+00   1.0000000e+00   1.3620262e-02
   2.1639185e+00   1.3582084e-01   1.1318772e-01   4.1482481e-13   2.4900856e-01   1.0000000e+00   1.3598410e-02
   8.9960858e-02   7.8197931e+02   2.8144857e+01   2.7268594e-14   8.1012417e+02   1.0000000e+00   1.3161192e-02
   1.0370027e-01   6.1903356e+02   2.3826657e+01   2.8932404e-14   6.4286022e+02   1.0000000e+00   1.2972404e-02
   1.5916302e+00   5.5932085e-01   3.2298023e-01   2.3426236e-13   8.8230108e-01   1.0000000e+00   1.2918578e-02
   9.4594032e-01   1.0000000e-01   1.2287232e-02   7.6200360e-13   1.1228723e-01   1.0000000e+00   1.2857324e-02
   8.3321589e-02   1.0000000e+03   6.7549273e+01   2.5526503e-14   1.0675493e+03   1.0000000e+00   1.2852911e-02
   1.6150254e+00   1.0742169e+00   7.7927011e-01   1.7168850e-13   1.8534870e+00   1.0000000e+00   1.2463773e-02
   1.4037246e-01   3.3516819e+02   2.0803953e+01   3.3733966e-14   3.5597214e+02   1.0000000e+00   1.2316619e-02
   1.8275783e+00   2.9258642e-01   2.1392896e-01   2.9914897e-13   5.0651538e-01   1.0000000e+00   1.2101474e-02
   8.4433252e-01   3.8175693e+00   2.1176924e+00   1.1409912e-13   5.9352617e+00   1.0000000e+00   1.1986822e-02
   1.7772933e+00   1.0000000e-01   4.4710081e-02   5.5588709e-13   1.4471008e-01   1.0000000e+00   1.1972045e-02
   9.1115958e-02   7.9660671e+02   3.0618547e+01   2.7120774e-14   8.2722525e+02   1.0000000e+00   1.1758544e-02
   2.0856285e+00   2.0198476e-01   1.7524646e-01   3.4168052e-13   3.7723122e-01   1.0000000e+00   1.1745892e-02
   2.1342605e+00   3.6214761e-01   2.8404207e-01   2.6724991e-13   6.4618967e-01   1.0000000e+00   1.1618829e-02
   9.0160138e-02   8.1024936e+02   2.7289029e+01   2.7033450e-14   8.3753839e+02   1.0000000e+00   1.1556444e-02
   2.5637830e-01   8.7036020e+01   8.4634311e+00   4.7959258e-14   9.5499452e+01   1.0000000e+00   1.1503966e-02
   1.6665992e-01   2.3216207e+02   1.4228443e+01   3.7149811e-14   2.4639051e+02   1.0000000e+00   1.1436535e-02
   1.2018651e+00   1.0000000e-01   2.4384206e-02   6.4427246e-13   1.2438421e-01   1.0000000e+00   1.1420429e-02
   2.1129968e+00   1.0039006e-01   8.6932427e-02   4.7604727e-13   1.8732248e-01   1.0000000e+00   1.1396429e-02
   2.3477863e-01   1.3667331e+02   9.7013655e+00   4.2795023e-14   1.4637468e+02   1.0000000e+00   1.1367810e-02
   1.9749189e+00   4.9671034e-01   3.2113978e-01   2.4143632e-13   8.1785013e-01   1.0000000e+00   1.1361532e-02
   8.1495362e-01   1.0000000e-01   1.2677711e-02   7.5918114e-13   1.1267771e-01   1.0000000e+00   1.1327629e-02
   2.2790048e+00   2.6509854e-01   2.1629765e-01   3.0526095e-13   4.8139619e-01   1.0000000e+00   1.1315369e-02
   8.3596704e-02   9.6951086e+02   2.5777418e+01   2.5874912e-14   9.9528827e+02   1.0000000e+00   1.1302972e-02
   1.8664518e+00   1.0000000e-01   5.6553298e-02   5.2558283e-13   1.5655330e-01   1.0000000e+00   1.1191661e-02
   2.1488935e+00   1.5500569e-01   1.2206688e-01   3.9444797e-13   2.7707258e-01   1.0000000e+00   1.1144239e-02
   1.0431636e+00   8.7172369e+00   3.1001309e+00   9.0728166e-14   1.1817368e+01   1.0000000e+00   1.0974591e-02
   2.1788147e+00   1.8271240e-01   1.5111137e-01   3.6117815e-13   3.3382377e-01   1.0000000e+00   1.0927905e-02
   2.5328236e-01   1.2134838e+02   1.1498200e+01   4.3936924e-14   1.3284658e+02   1.0000000e+00   1.0803888e-02
   1.0400659e-01   5.9398117e+02   2.4597277e+01   2.9222150e-14   6.1857844e+02   1.0000000e+00   1.0770461e-02
   1.2714226e-01   4.3710917e+02   2.2577992e+01   3.1563818e-14   4.5968716e+02   1.0000000e+00   1.0707974e-02
   1.9490549e+00   1.0000000e-01   5.4404684e-02   5.3045896e-13   1.5440468e-01   1.0000000e+00   1.0678676e-02
   2.2712599e-01   1.5291524e+02   1.4156681e+01   4.1321343e-14   1.6707192e+02   1.0000000e+00   1.0639297e-02
   2.0494034e-01   1.7228461e+02   1.2209049e+01   4.0157341e-14   1.8449366e+02   1.0000000e+00   1.0634239e-02
   9.5117946e-02   7.3279689e+02   3.3192146e+01   2.7669459e-14   7.6598904e+02   1.0000000e+00   1.0609030e-02
   1.5109125e+00   1.0000000e-01   3.3428346e-02   5.9607771e-13   1.3342835e-01   1.0000000e+00   1.0604451e-02
   2.1076879e+00   1.0000000e-01   7.7546851e-02   4.8832772e-13   1.7754685e-01   1.0000000e+00   1.0600727e-02
   1.5623370e+00   1.3324035e+00   9.8405505e-01   1.5767984e-13   2.3164585e+00   1.0000000e+00   1.0562498e-02
   2.3656028e-01   1.4243995e+02   9.8629812e+00   4.2402591e-14   1.5230293e+02   1.0000000e+00   1.0520314e-02
   3.9482341e-01   2.8797596e+01   5.7184925e+00   6.4233738e-14   3.4516089e+01   1.0000000e+00   1.0501112e-02
   1.1470320e-01   4.6690575e+02   2.3310557e+01   3.1043234e-14   4.9021631e+02   1.0000000e+00   1.0499585e-02
   2.1488619e+00   4.0745909e-01   2.9177888e-01   2.5861950e-13   6.9923796e-01   1.0000000e+00   1.0393590e-02
   3.1361628e-01   7.2402604e+01   7.9799273e+00   5.0341860e-14   8.0382532e+01   1.0000000e+00   1.0378154e-02
   1.0473686e-01   6.4415750e+02   2.5116407e+01   2.8641035e-14   6.6927390e+02   1.0000000e+00   1.0334503e-02
   2.1027133e+00   1.6659737e-01   1.4208671e-01   3.7510885e-13   3.0868407e-01   1.0000000e+00   1.0271954e-02
   1.5468389e+00   1.4465641e+00   1.0613921e+00   1.5301768e-13   2.5079562e+00   1.0000000e+00   1.0236763e-02
   3.0428798e-01   5.4325412e+01   6.2449881e+00   5.4510559e-14   6.0570400e+01   1.0000000e+00   1.0235821e-02
   2.3399191e+00   1.0232313e-01   9.3839725e-02   4.6437695e-13   1.9616285e-01   1.0000000e+00   1.0222600e-02
   8.9740706e-01   5.9327444e+00   1.9302465e+00   1.0115000e-13   7.8629909e+00   1.0000000e+00   1.0220201e-02
   9.1809492e-02   7.7028473e+02   2.9964226e+01   2.7352914e-14   8.0024896e+02   1.0000000e+00   1.0147688e-02
   9.6191320e-01   1.0000047e-01   1.2872786e-02   7.5321202e-13   1.1287325e-01   1.0000000e+00   1.0071020e-02
   8.7308955e-01   4.3607268e+00   2.1379287e+00   1.0910690e-13   6.4986555e+00   1.0000000e+00   1.0027110e-02
   8.0593960e-02   1.0000000e+03   3.4537611e+01   2.5616726e-14   1.0345376e+03   1.0000000e+00   1.0003143e-02
   9.6089833e-01   1.0000048e-01   1.1870269e-02   7.6915984e-13   1.1187075e-01   1.0000000e+00   9.9948495e-03
   1.2923345e+00   1.0021303e-01   2.5114237e-02   6.3865420e-13   1.2532727e-01   1.0000000e+00   9.9305157e-03
   3.7021654e-01   4.6172929e+01   6.5092660e+00   5.6597365e-14   5.2682195e+01   1.0000000e+00   9.9003492e-03
   8.7944430e-02   8.6092277e+02   3.2657580e+01   2.6591748e-14   8.9358036e+02   1.0000000e+00   9.8224018e-03
   2.3881652e-01   1.0316745e+02   8.3541843e+00   4.5977126e-14   1.1152163e+02   1.0000000e+00   9.8024561e-03
   1.3470984e-01   3.7716130e+02   1.8841843e+01   3.2803617e-14   3.9600314e+02   1.0000000e+00   9.7979961e-03
   9.8291521e-02   6.7037152e+02   2.5652960e+01   2.8347847e-14   6.9602448e+02   1.0000000e+00   9.7763621e-03
   1.1752058e+00   1.0000000e-01   2.3247636e-02   6.5181617e-13   1.2324764e-01   1.0000000e+00   9.7370318e-03
   8.4963197e-02   9.5479389e+02   3.3590114e+01   2.5916297e-14   9.8838401e+02   1.0000000e+00   9.6999929e-03
   1.5669056e-01   1.7929879e+02   1.2238438e+01   4.0058225e-14   1.9153723e+02   1.0000000e+00   9.6102668e-03
   1.3245357e-01   3.4964716e+02   1.9231453e+01   3.3422435e-14   3.6887861e+02   1.0000000e+00   9.5964101e-03
   4.4081506e-01   3.2794743e+01   6.5753124e+00   6.1618515e-14   3.9370056e+01   1.0000000e+00   9.5695543e-03
   1.0804080e+00   6.6166714e+00   2.6748449e+00   9.7096208e-14   9.2915163e+00   1.0000000e+00   9.5540435e-03
   1.8372387e+00   1.0000000e-01   4.9699477e-02   5.4189056e-13   1.4969948e-01   1.0000000e+00   9.5270870e-03
   9.5573047e-02   6.9470178e+02   2.5768879e+01   2.8100131e-14   7.2047066e+02   1.0000000e+00   9.4970875e-03
   1.6364188e+00   1.0000000e-01   4.0456931e-02   5.6922536e-13   1.4045693e-01   1.0000000e+00   9.4946765e-03
   9.3620647e-02   7.5199941e+02   3.0525037e+01   2.7510838e-14   7.8252444e+02   1.0000000e+00   9.4900039e-03
   1.4083576e+00   1.6434220e+00   9.6751647e-01   1.4994358e-13   2.6109384e+00   1.0000000e+00   9.4709655e-03
   9.3691736e-02   7.0137672e+02   2.6017296e+01   2.8037537e-14   7.2739402e+02   1.0000000e+00   9.3878930e-03
   2.1327502e+00   4.6654458e-01   3.0630318e-01   2.4827903e-13   7.7284776e-01   1.0000000e+00   9.3499057e-03
   3.5802909e-01   4.0749109e+01   6.4597135e+00   5.8457013e-14   4.7208822e+01   1.0000000e+00   9.3489675e-03
   1.0565247e+00   1.0000000e-01   1.4583793e-02   7.3086069e-13   1.1458379e-01   1.0000000e+00   9.2543179e-03
   2.1454243e+00   4.1725526e-01   3.1292340e-01   2.5347586e-13   7.3017865e-01   1.0000000e+00   9.2289650e-03
   1.0311607e-01   6.2679928e+02   2.3903705e+01   2.8842332e-14   6.5070299e+02   1.0000000e+00   9.2188485e-03
   1.4167930e-01   3.1978834e+02   2.0500703e+01   3.4136573e-14   3.4028905e+02   1.0000000e+00   9.1858418e-03
   7.6484605e-01   1.6432559e+01   2.5311865e+00   7.8893322e-14   1.8963746e+01   1.0000000e+00   9.1673811e-03
   1.1232983e-01   4.5884035e+02   2.1919858e+01   3.1220387e-14   4.8076021e+02   1.0000000e+00   9.1061800e-03
   1.5888393e+00   5.7524045e-01   3.3141739e-01   2.3147255e-13   9.0665785e-01   1.0000000e+00   9.0975541e-03
   8.3786253e-02   8.8122426e+02   2.6899149e+01   2.6489678e-14   9.0812341e+02   1.0000000e+00   9.0725535e-03
   4.3494911e-01   3.5619105e+01   6.8180747e+00   6.0324635e-14   4.2437180e+01   1.0000000e+00   9.0724306e-03
   2.0868782e+00   2.3485409e-01   1.7125453e-01   3.3016541e-13   4.0610861e-01   1.0000000e+00   9.0593442e-03
   4.9096374e-01   2.4590759e+01   5.0011522e+00   6.6872083e-14   2.9591911e+01   1.0000000e+00   9.0247017e-03
   1.8422313e+00   2.5113246e-01   1.7611864e-01   3.2349505e-13   4.2725110e-01   1.0000000e+00   9.0040600e-03
   2.1623735e+00   1.8424312e-01   1.6407651e-01   3.5435199e-13   3.4831963e-01   1.0000000e+00   8.9903885e-03
   2.4926248e-01   9.7096183e+01   8.5500752e+00   4.6643283e-14   1.0564626e+02   1.0000000e+00   8.9552267e-03
   1.0432323e-01   5.4584401e+02   2.4912205e+01   2.9856932e-14   5.7075622e+02   1.0000000e+00   8.9498525e-03
   1.2530525e-01   4.5448146e+02   2.1371400e+01   3.1282695e-14   4.7585286e+02   1.0000000e+00   8.9443994e-03
   2.1401143e+00   1.0000000e-01   8.1681587e-02   4.8260998e-13   1.8168159e-01   1.0000000e+00   8.9250726e-03
   9.6216709e-01   1.0000000e-01   1.4172485e-02   7.3547209e-13   1.1417249e-01   1.0000000e+00   8.8710773e-03
   1.7215654e+00   5.8758621e-01   4.6476136e-01   2.1700666e-13   1.0523476e+00   1.0000000e+00   8.8200424e-03
   1.2985308e-01   3.9859356e+02   1.9339424e+01   3.2343761e-14   4.1793298e+02   1.0000000e+00   8.8138014e-03
   1.9115492e+00   1.8210813e-01   1.6576038e-01   3.5761274e-13   3.4786851e-01   1.0000000e+00   8.8080961e-03
   1.4206012e+00   1.8312393e+00   9.7357131e-01   1.4587749e-13   2.8048106e+00   1.0000000e+00   8.7733599e-03
   9.0811874e-02   7.4231733e+02   2.8763900e+01   2.7624566e-14   7.7108123e+02   1.0000000e+00   8.7029638e-03
   2.0716548e+00   2.3809325e-01   2.2447869e-01   3.1181019e-13   4.6257194e-01   1.0000000e+00   8.6997674e-03
   1.4554202e+00   1.0000000e-01   3.2281791e-02   6.0113344e-13   1.3228179e-01   1.0000000e+00   8.6962756e-03
   1.6762209e+00   1.0000000e-01   4.3187255e-02   5.6037433e-13   1.4318725e-01   1.0000000e+00   8.6871955e-03
   1.1407884e+00   1.0000000e-01   1.7465326e-02   6.9888109e-13   1.1746533e-01   1.0000000e+00   8.6797090e-03
   1.5460839e+00   1.2938333e+00   8.8709458e-01   1.6098364e-13   2.1809279e+00   1.0000000e+00   8.6736212e-03
   8.3583216e-02   9.7508970e+02   2.5545492e+01   2.5840927e-14   1.0006352e+03   1.0000000e+00   8.6484028e-03
   7.8167498e-02   9.9565901e+02   4.6009772e+01   2.5613813e-14   1.0416688e+03   1.0000000e+00   8.6451834e-03
   1.4038158e+00   1.0000000e-01   2.2864026e-02   6.5627411e-13   1.2286403e-01   1.0000000e+00   8.6447675e-03
   2.0526830e+00   2.4324969e-01   1.7014073e-01   3.2774421e-13   4.1339042e-01   1.0000000e+00   8.6134514e-03
   8.3730206e-01   1.0000000e-01   1.1030095e-02   7.8266318e-13   1.1103009e-01   1.0000000e+00   8.5878803e-03
   1.0564079e+00   1.0000000e-01   1.4782307e-02   7.2828974e-13   1.1478231e-01   1.0000000e+00   8.5859257e-03
   1.7712373e+00   1.0000000e-01   3.5416618e-02   5.9075929e-13   1.3541662e-01   1.0000000e+00   8.5378749e-03
   1.8024785e+00   7.3141912e-01   5.2951320e-01   2.0036986e-13   1.2609323e+00   1.0000000e+00   8.5374227e-03
   1.0883606e+00   1.0000000e-01   1.6110915e-02   7.1279437e-13   1.1611092e-01   1.0000000e+00   8.5315863e-03
   1.8395969e+00   1.0000000e-01   4.2261813e-02   5.6456061e-13   1.4226181e-01   1.0000000e+00   8.5017593e-03
   9.6344577e-01   1.0000000e-01   1.1713639e-02   7.7194269e-13   1.1171364e-01   1.0000000e+00   8.4707407e-03
   1.3652455e+00   1.8599945e+00   1.0825137e+00   1.4336949e-13   2.9425082e+00   1.0000000e+00   8.4613247e-03
   2.1508707e+00   1.0000000e-01   8.2569857e-02   4.8140405e-13   1.8256986e-01   1.0000000e+00   8.4605637e-03
   2.2856615e+00   2.6043664e-01   2.1200371e-01   3.0790726e-13   4.7244034e-01   1.0000000e+00   8.4552718e-03
   8.2864254e-02   8.7322635e+02   2.7061830e+01   2.6556944e-14   9.0028818e+02   1.0000000e+00   8.4544939e-03
   8.3042750e-02   9.8060367e+02   3.1103898e+01   2.5759997e-14   1.0117076e+03   1.0000000e+00   8.3904291e-03
   1.9255966e-01   1.5714400e+02   1.4838828e+01   4.0933892e-14   1.7198282e+02   1.0000000e+00   8.3831352e-03
   1.0698739e-01   5.8237843e+02   2.8375868e+01   2.9324912e-14   6.1075430e+02   1.0000000e+00   8.3317838e-03
   1.4832282e-01   2.8044247e+02   1.7023324e+01   3.5356780e-14   2.9746579e+02   1.0000000e+00   8.3167917e-03
   1.8086053e+00   1.0000000e-01   5.2946082e-02   5.3386858e-13   1.5294608e-01   1.0000000e+00   8.3106247e-03
   1.4856518e+00   1.0000000e-01   2.8013882e-02   6.2319147e-13   1.2801388e-01   1.0000000e+00   8.3089122e-03
   2.1928051e+00   1.5391147e-01   1.1165621e-01   4.0317153e-13   2.6556768e-01   1.0000000e+00   8.3018604e-03
   1.6626153e-01   2.5769550e+02   1.6610112e+01   3.6131651e-14   2.7430561e+02   1.0000000e+00   8.2545255e-03
   9.0447613e-02   7.8615415e+02   2.8309281e+01   2.7229074e-14   8.1446343e+02   1.0000000e+00   8.2534649e-03
   1.9108525e+00   1.0000000e-01   7.7541711e-02   4.9083484e-13   1.7754171e-01   1.0000000e+00   8.2522036e-03
   1.4506874e-01   3.1329165e+02   2.0161831e+01   3.4316444e-14   3.3345348e+02   1.0000000e+00   8.2254761e-03
   9.0000065e-02   9.0480082e+02   2.9498451e+01   2.6302779e-14   9.3429927e+02   1.0000000e+00   8.1892980e-03
   2.3386631e+00   1.0000000e-01   9.1991035e-02   4.6920058e-13   1.9199104e-01   1.0000000e+00   8.1758960e-03
   2.1649137e+00   1.6917387e-01   1.4566345e-01   3.7134110e-13   3.1483733e-01   1.0000000e+00   8.1738520e-03
   2.1859302e+00   1.5308158e-01   1.1583488e-01   4.0029999e-13   2.6891646e-01   1.0000000e+00   8.1672305e-03
   1.5866951e+00   5.9266937e-01   4.1225391e-01   2.2162359e-13   1.0049233e+00   1.0000000e+00   8.1442384e-03
   1.7279923e-01   1.9962517e+02   1.7353394e+01   3.8474367e-14   2.1697857e+02   1.0000000e+00   8.1269821e-03
   1.5316435e+00   1.0000000e-01   3.9813586e-02   5.7192821e-13   1.3981359e-01   1.0000000e+00   8.0988595e-03
   8.3007093e-01   1.0000000e-01   1.0806177e-02   7.8662857e-13   1.1080618e-01   1.0000000e+00   8.0844510e-03
   3.2837830e-01   6.7578222e+01   6.1492420e+00   5.1698277e-14   7.3727464e+01   1.0000000e+00   8.0833481e-03
   1.2547281e-01   4.4518932e+02   2.1176796e+01   3.1441682e-14   4.6636611e+02   1.0000000e+00   8.0593604e-03
   8.2422167e-02   1.0000000e+03   7.9704439e+01   2.5511333e-14   1.0797044e+03   1.0000000e+00   8.0352290e-03
   1.7313772e-01   2.0588252e+02   1.7365654e+01   3.8168010e-14   2.2324817e+02   1.0000000e+00   7.9603424e-03
   9.0534311e-01   1.0000000e-01   1.5498876e-02   7.2216291e-13   1.1549888e-01   1.0000000e+00   7.9362514e-03
   1.1305986e-01   5.3294209e+02   2.5215763e+01   3.0009873e-14   5.5815785e+02   1.0000000e+00   7.9193228e-03
   1.0586353e-01   5.7757419e+02   2.6620241e+01   2.9403013e-14   6.0419443e+02   1.0000000e+00   7.9113574e-03
   1.1288906e+00   3.1685436e+00   1.4896802e+00   1.2116434e-13   4.6582238e+00   1.0000000e+00   7.8690755e-03
   8.4134504e-01   1.0000000e-01   1.0163851e-02   7.9845103e-13   1.1016385e-01   1.0000000e+00   7.8626286e-03
   8.8236842e-02   7.6792105e+02   3.1271129e+01   2.7383824e-14   7.9919218e+02   1.0000000e+00   7.8622146e-03
   2.2298848e+00   1.2179461e-01   9.8274503e-02   4.3987138e-13   2.2006911e-01   1.0000000e+00   7.8068082e-03
   1.6121971e+00   1.9520616e+00   1.2769344e+00   1.3961133e-13   3.2289960e+00   1.0000000e+00   7.8055124e-03
   1.3925745e+00   1.0000000e-01   2.9355403e-02   6.1515914e-13   1.2935540e-01   1.0000000e+00   7.7838475e-03
   8.6400006e-01   1.0000000e-01   1.1172116e-02   7.7996330e-13   1.1117212e-01   1.0000000e+00   7.7682618e-03
   9.6611584e-02   7.5873365e+02   2.8988158e+01   2.7467953e-14   7.8772180e+02   1.0000000e+00   7.7196925e-03
   1.5379200e-01   2.7894063e+02   1.6047728e+01   3.5428008e-14   2.9498836e+02   1.0000000e+00   7.6917737e-03
   9.2120099e-02   7.6182555e+02   2.9934062e+01   2.7428363e-14   7.9175961e+02   1.0000000e+00   7.6895351e-03
   1.4663244e+00   1.0000000e-01   3.5899018e-02   5.8627860e-13   1.3589902e-01   1.0000000e+00   7.6894104e-03
   1.4199492e+00   1.0000000e-01   2.6965128e-02   6.2845110e-13   1.2696513e-01   1.0000000e+00   7.6857136e-03
   9.4823354e-02   7.2853275e+02   3.1089530e+01   2.7723759e-14   7.5962228e+02   1.0000000e+00   7.6804962e-03
   1.9292213e+00   3.6565717e-01   2.5524172e-01   2.7219906e-13   6.2089889e-01   1.0000000e+00   7.6764601e-03
   8.5665772e-02   9.2307132e+02   2.8747527e+01   2.6164738e-14   9.5181885e+02   1.0000000e+00   7.6645011e-03
   2.1202727e+00   1.2271439e-01   1.0087072e-01   4.3694381e-13   2.2358510e-01   1.0000000e+00   7.6429996e-03
   1.7407522e-01   1.8703376e+02   1.7629550e+01   3.9122979e-14   2.0466331e+02   1.0000000e+00   7.6282491e-03
   1.4719146e-01   3.1343439e+02   1.5849022e+01   3.4427543e-14   3.2928341e+02   1.0000000e+00   7.6026084e-03
   1.2153094e-01   4.7629739e+02   2.0798116e+01   3.0927220e-14   4.9709550e+02   1.0000000e+00   7.5975339e-03
   2.1418440e+00   1.7086497e-01   1.5450704e-01   3.6607851e-13   3.2537201e-01   1.0000000e+00   7.5952110e-03
   1.1054662e-01   5.5523561e+02   2.3086368e+01   2.9733094e-14   5.7832197e+02   1.0000000e+00   7.5940414e-03
   8.3417576e-02   1.0000000e+03   6.0435370e+01   2.5537895e-14   1.0604354e+03   1.0000000e+00   7.5660903e-03
   1.2958438e-01   3.6810877e+02   1.9321093e+01   3.2994675e-14   3.8742987e+02   1.0000000e+00   7.5562870e-03
   2.1367998e+00   1.5605765e-01   1.2518137e-01   3.9165908e-13   2.8123903e-01   1.0000000e+00   7.5293641e-03
   1.3155069e-01   3.6228660e+02   1.8968268e+01   3.3129873e-14   3.8125487e+02   1.0000000e+00   7.5113558e-03
   9.5755992e-02   6.7990037e+02   2.6527529e+01   2.8246198e-14   7.0642790e+02   1.0000000e+00   7.4917855e-03
   8.1920976e-01   7.3668873e+00   2.2489045e+00   9.4638664e-14   9.6157918e+00   1.0000000e+00   7.4904498e-03
   1.9409467e-01   1.6047783e+02   1.4887922e+01   4.0702777e-14   1.7536575e+02   1.0000000e+00   7.4789078e-03
   1.1831433e-01   4.9896399e+02   2.0434253e+01   3.0577737e-14   5.1939824e+02   1.0000000e+00   7.4571198e-03
   9.1005928e-01   1.0000000e-01   1.3433399e-02   7.4564377e-13   1.1343340e-01   1.0000000e+00   7.4496532e-03
   2.3308434e+00   1.0000000e-01   6.8747810e-02   5.0313270e-13   1.6874781e-01   1.0000000e+00   7.4480316e-03
   4.9430015e-01   2.5009380e+01   3.9919013e+00   6.7323175e-14   2.9001282e+01   1.0000000e+00   7.4461196e-03
   1.8605108e+00   4.0420572e-01   2.6648085e-01   2.6321639e-13   6.7068657e-01   1.0000000e+00   7.4297564e-03
   1.8571501e+00   1.0000000e-01   4.6475153e-02   5.5108451e-13   1.4647515e-01   1.0000000e+00   7.4194880e-03
   9.0832120e-02   9.1053894e+02   2.9549914e+01   2.6269916e-14   9.4008885e+02   1.0000000e+00   7.4167345e-03
   1.4012803e+00   1.0000000e-01   2.5619635e-02   6.3656572e-13   1.2561963e-01   1.0000000e+00   7.4129236e-03
   1.6423723e+00   1.1002648e+00   7.7620117e-01   1.7070091e-13   1.8764660e+00   1.0000000e+00   7.4000514e-03
   1.2591134e+00   2.8848934e+00   1.0619299e+00   1.2928773e-13   3.9468233e+00   1.0000000e+00   7.3891818e-03
   1.1030006e-01   5.3008554e+02   2.4615624e+01   3.0056929e-14   5.5470116e+02   1.0000000e+00   7.3887430e-03
   1.0266623e-01   6.6493667e+02   2.5385826e+01   2.8412166e-14   6.9032249e+02   1.0000000e+00   7.3785115e-03
   1.4857925e-01   3.0967575e+02   1.5773400e+01   3.4534730e-14   3.2544915e+02   1.0000000e+00   7.3730268e-03
   8.9606913e-01   1.0000000e-01   1.3241486e-02   7.4846759e-13   1.1324149e-01   1.0000000e+00   7.3712502e-03
   1.8389688e-01   2.3482675e+02   1.7863215e+01   3.7006897e-14   2.5268997e+02   1.0000000e+00   7.3378460e-03
   2.6533105e-01   1.1631877e+02   1.1516327e+01   4.4464594e-14   1.2783510e+02   1.0000000e+00   7.3260101e-03
   1.8617783e+00   3.3723922e-01   2.3423839e-01   2.8280347e-13   5.7147761e-01   1.0000000e+00   7.3258043e-03
   1.7255212e+00   8.7498068e-01   5.2455522e-01   1.9199858e-13   1.3995359e+00   1.0000000e+00   7.2985837e-03
   1.6106356e-01   2.5138325e+02   1.7769221e+01   3.6302463e-14   2.6915247e+02   1.0000000e+00   7.2665389e-03
   1.1213535e+00   1.0000000e-01   2.0241320e-02   6.7393618e-13   1.2024132e-01   1.0000000e+00   7.2588699e-03
   8.3392454e-02   8.7568571e+02   2.7056062e+01   2.6533721e-14   9.0274178e+02   1.0000000e+00   7.2533620e-03
   2.1738508e+00   2.4409857e-01   2.0043668e-01   3.1630963e-13   4.4453525e-01   1.0000000e+00   7.2220749e-03
   2.1717438e+00   1.3586029e-01   1.0947967e-01   4.1776247e-13   2.4533996e-01   1.0000000e+00   7.2134020e-03
   1.2536511e-01   4.2825788e+02   2.0641179e+01   3.1748135e-14   4.4889906e+02   1.0000000e+00   7.1912205e-03
   8.1331798e-02   1.0000000e+03   4.7273431e+01   2.5566624e-14   1.0472734e+03   1.0000000e+00   7.1581037e-03
   9.0282119e-01   1.0000000e-01   1.6083079e-02   7.1662222e-13   1.1608308e-01   1.0000000e+00   7.1512055e-03
   1.3552871e-01   3.8386955e+02   1.8728000e+01   3.2670194e-14   4.0259755e+02   1.0000000e+00   7.1343253e-03
   2.1263575e+00   1.1686746e-01   1.0051989e-01   4.4299870e-13   2.1738735e-01   1.0000000e+00   7.1127488e-03
   1.0009946e+00   1.0000000e-01   1.5084027e-02   7.2419704e-13   1.1508403e-01   1.0000000e+00   7.0973991e-03
   1.6103236e+00   5.8294993e-01   3.6042426e-01   2.2724460e-13   9.4337418e-01   1.0000000e+00   7.0940254e-03
   1.2530416e-01   4.5094794e+02   2.0232350e+01   3.1361552e-14   4.7118029e+02   1.0000000e+00   7.0892197e-03
   9.9974015e-02   6.2933006e+02   2.6449173e+01   2.8790632e-14   6.5577923e+02   1.0000000e+00   7.0876703e-03
   1.1614425e-01   4.8743143e+02   2.3299694e+01   3.0703911e-14   5.1073113e+02   1.0000000e+00   7.0383341e-03
   5.1587122e-01   2.1952883e+01   3.6685300e+00   6.9832648e-14   2.5621413e+01   1.0000000e+00   6.9996518e-03
   1.8404795e+00   1.0000000e-01   4.7962997e-02   5.4664027e-13   1.4796300e-01   1.0000000e+00   6.9832310e-03
   8.1338395e-02   8.8562777e+02   2.6948834e+01   2.6474058e-14   9.1257660e+02   1.0000000e+00   6.9819867e-03
   1.7264778e+00   9.2423501e-01   5.1897952e-01   1.8990907e-13   1.4432145e+00   1.0000000e+00   6.9664169e-03
   1.1807233e+00   1.0000000e-01   2.0552697e-02   6.7111581e-13   1.2055270e-01   1.0000000e+00   6.9425846e-03
   4.8921666e-01   1.8649387e+01   3.5655586e+00   7.2980324e-14   2.2214945e+01   1.0000000e+00   6.9385352e-03
   1.0887217e+00   1.0000000e-01   1.9401594e-02   6.8112062e-13   1.1940159e-01   1.0000000e+00   6.9351748e-03
   9.6354950e-02   6.8720676e+02   2.5854452e+01   2.8173997e-14   7.1306121e+02   1.0000000e+00   6.9151043e-03
   1.3310695e-01   3.8920359e+02   1.9650856e+01   3.2532881e-14   4.0885445e+02   1.0000000e+00   6.8960994e-03
   2.0954665e+00   2.0893837e-01   1.7589908e-01   3.3830315e-13   3.8483745e-01   1.0000000e+00   6.8859587e-03
   1.0566502e-01   6.9018008e+02   2.7014397e+01   2.8167786e-14   7.1719448e+02   1.0000000e+00   6.8724137e-03
   1.1071448e-01   4.9873380e+02   2.4567330e+01   3.0525819e-14   5.2330113e+02   1.0000000e+00   6.8548956e-03
   1.5094529e+00   1.0000000e-01   3.4169160e-02   5.9290408e-13   1.3416916e-01   1.0000000e+00   6.8540901e-03
   1.1037001e-01   5.0975199e+02   2.4795618e+01   3.0354049e-14   5.3454761e+02   1.0000000e+00   6.8345795e-03
   8.7980090e-02   7.9600762e+02   2.8838418e+01   2.7149212e-14   8.2484604e+02   1.0000000e+00   6.8189182e-03
   1.9756571e+00   4.7889087e-01   3.1621779e-01   2.4426749e-13   7.9510866e-01   1.0000000e+00   6.7977002e-03
   1.3422628e+00   1.0000000e-01   2.6123460e-02   6.3290119e-13   1.2612346e-01   1.0000000e+00   6.7893678e-03
   1.2368553e-01   4.0230696e+02   1.9839375e+01   3.2266532e-14   4.2214633e+02   1.0000000e+00   6.7830283e-03
   1.4211411e+00   1.0043569e-01   2.7385976e-02   6.2533238e-13   1.2782166e-01   1.0000000e+00   6.7774801e-03
   1.4221843e-01   3.3983325e+02   2.0816717e+01   3.3622128e-14   3.6064996e+02   1.0000000e+00   6.7439739e-03
   2.1312315e+00   4.2822047e-01   3.1543968e-01   2.5148793e-13   7.4366015e-01   1.0000000e+00   6.7346464e-03
   9.9497453e-01   3.1887285e+00   1.0117447e+00   1.2641585e-13   4.2004731e+00   1.0000000e+00   6.6714065e-03
   3.8228426e-01   5.8511189e+01   6.1349708e+00   5.3896073e-14   6.4646160e+01   1.0000000e+00   6.6470089e-03
   9.6238173e-02   7.5102685e+02   2.6445105e+01   2.7556991e-14   7.7747196e+02   1.0000000e+00   6.6259412e-03
   1.9196247e+00   1.0022825e-01   5.8135497e-02   5.2177531e-13   1.5836375e-01   1.0000000e+00   6.6208300e-03
   1.3123408e-01   3.9356814e+02   1.9200140e+01   3.2449641e-14   4.1276828e+02   1.0000000e+00   6.6207517e-03
   8.1192445e-02   9.8059231e+02   3.5180085e+01   2.5738247e-14   1.0157724e+03   1.0000000e+00   6.6062770e-03
   7.7694819e-01   1.7470471e+01   3.1005651e+00   7.6912071e-14   2.0571036e+01   1.0000000e+00   6.5951036e-03
   1.7978197e-01   2.7204694e+02   1.6755406e+01   3.5825780e-14   2.8880234e+02   1.0000000e+00   6.5699180e-03
   1.1313248e+00   1.0000000e-01   1.7144823e-02   7.0208618e-13   1.1714482e-01   1.0000000e+00   6.5399144e-03
   3.2856945e-01   6.0618828e+01   5.4538486e+00   5.3257683e-14   6.6072676e+01   1.0000000e+00   6.5296183e-03
   1.2046973e-01   4.2446951e+02   2.0976168e+01   3.1819852e-14   4.4544568e+02   1.0000000e+00   6.5224033e-03
   1.5269914e+00   1.1566010e+00   8.7872056e-01   1.6607400e-13   2.0353215e+00   1.0000000e+00   6.5181297e-03
   8.3670357e-02   9.8067500e+02   2.6012362e+01   2.5800779e-14   1.0066874e+03   1.0000000e+00   6.5179889e-03
   5.1098415e-01   2.1404662e+01   3.5076694e+00   7.0429458e-14   2.4912332e+01   1.0000000e+00   6.4963347e-03
   1.5203750e-01   2.9241132e+02   1.5960212e+01   3.5021427e-14   3.0837154e+02   1.0000000e+00   6.4961553e-03
   1.0465785e-01   6.5104026e+02   2.5063238e+01   2.8568600e-14   6.7610350e+02   1.0000000e+00   6.4951382e-03
   2.1250236e+00   1.1304098e-01   1.0240747e-01   4.4538870e-13   2.1544845e-01   1.0000000e+00   6.4932244e-03
   1.9159405e+00   1.0000000e-01   7.4460179e-02   4.9473052e-13   1.7446018e-01   1.0000000e+00   6.4885128e-03
   1.5997104e-01   3.1748524e+02   2.0596206e+01   3.4289292e-14   3.3808144e+02   1.0000000e+00   6.4840766e-03
   1.6111870e+00   6.7742970e-01   4.5282885e-01   2.1021219e-13   1.1302586e+00   1.0000000e+00   6.4749616e-03
   1.7290237e+00   7.9028270e-01   5.4719230e-01   1.9549884e-13   1.3374750e+00   1.0000000e+00   6.4732997e-03
   8.2190662e-02   9.4455008e+02   3.4255628e+01   2.5984011e-14   9.7880571e+02   1.0000000e+00   6.4725809e-03
   1.5630091e+00   2.4098042e+00   1.3890542e+00   1.3186588e-13   3.7988584e+00   1.0000000e+00   6.4703107e-03
   8.8568965e-02   8.6159133e+02   2.5941338e+01   2.6638739e-14   8.8753267e+02   1.0000000e+00   6.4539774e-03
   2.5126232e-01   9.5072569e+01   8.0496191e+00   4.6964749e-14   1.0312219e+02   1.0000000e+00   6.4449005e-03
   1.6197582e+00   9.2296977e-01   6.7889023e-01   1.8208129e-13   1.6018600e+00   1.0000000e+00   6.4444348e-03
   9.5459908e-02   8.3809057e+02   2.8611588e+01   2.6828453e-14   8.6670216e+02   1.0000000e+00   6.4261211e-03
   1.8337538e+00   1.0000000e-01   5.1484800e-02   5.3731867e-13   1.5148480e-01   1.0000000e+00   6.4221772e-03
   1.0459928e+00   5.3607862e+00   1.5011483e+00   1.0697441e-13   6.8619346e+00   1.0000000e+00   6.3952896e-03
   8.2234663e-02   8.9856122e+02   2.9535874e+01   2.6346674e-14   9.2809709e+02   1.0000000e+00   6.3857175e-03
   1.7217510e+00   6.5234679e-01   5.0575586e-01   2.0816883e-13   1.1581027e+00   1.0000000e+00   6.3835314e-03
   1.3402459e-01   3.7331010e+02   1.8876139e+01   3.2883649e-14   3.9218624e+02   1.0000000e+00   6.3539567e-03
   1.8331661e+00   8.1102899e-01   5.0729789e-01   1.9696521e-13   1.3183269e+00   1.0000000e+00   6.3458531e-03
   8.4722468e-02   1.0000000e+03   7.4464312e+01   2.5521617e-14   1.0744643e+03   1.0000000e+00   6.3396222e-03
   1.6038195e-01   2.2521853e+02   1.5533466e+01   3.7408291e-14   2.4075199e+02   1.0000000e+00   6.3182051e-03
   1.0057881e-01   6.3711076e+02   2.7860077e+01   2.8686360e-14   6.6497083e+02   1.0000000e+00   6.3011850e-03
   1.1264158e+00   1.0000000e-01   1.8640720e-02   6.8739799e-13   1.1864072e-01   1.0000000e+00   6.2675735e-03
   9.4258663e-02   8.1921098e+02   3.0731217e+01   2.6945341e-14   8.4994220e+02   1.0000000e+00   6.2639299e-03
   9.5170375e-01   1.0000000e-01   1.3886185e-02   7.3919345e-13   1.1388619e-01   1.0000000e+00   6.2532974e-03
   1.3031732e-01   4.1435158e+02   1.9969252e+01   3.2029986e-14   4.3432084e+02   1.0000000e+00   6.2527187e-03
   1.6952637e+00   9.6512254e-01   5.3866245e-01   1.8666558e-13   1.5037850e+00   1.0000000e+00   6.2359242e-03
   3.4116600e-01   4.9176874e+01   6.7451042e+00   5.5647094e-14   5.5921978e+01   1.0000000e+00   6.2173171e-03
   1.2412695e+00   1.0000000e-01   2.0915999e-02   6.6854814e-13   1.2091600e-01   1.0000000e+00   6.2154670e-03
   8.7349749e-02   8.1039367e+02   2.9330627e+01   2.7024634e-14   8.3972430e+02   1.0000000e+00   6.2124416e-03
   8.5413515e-02   9.4421871e+02   2.9506921e+01   2.6014310e-14   9.7372563e+02   1.0000000e+00   6.2109358e-03
   1.6014350e-01   2.2443213e+02   1.5468753e+01   3.7446531e-14   2.3990088e+02   1.0000000e+00   6.2022173e-03
   1.4642240e-01   3.0603610e+02   1.5486146e+01   3.4640270e-14   3.2152225e+02   1.0000000e+00   6.1867038e-03
   1.6507018e+00   1.0000001e-01   3.8687515e-02   5.7551007e-13   1.3868752e-01   1.0000000e+00   6.1756791e-03
   1.2156706e-01   4.3442533e+02   2.0510768e+01   3.1638218e-14   4.5493610e+02   1.0000000e+00   6.1649993e-03
   9.5797826e-02   6.8316574e+02   2.6530157e+01   2.8211507e-14   7.0969589e+02   1.0000000e+00   6.1603535e-03
   1.1425805e-01   4.8379226e+02   2.0070478e+01   3.0815096e-14   5.0386274e+02   1.0000000e+00   6.1524285e-03
   1.6493133e+00   1.0000001e-01   3.8359697e-02   5.7672046e-13   1.3835970e-01   1.0000000e+00   6.1300389e-03
   1.8457060e+00   1.0000000e-01   4.8664780e-02   5.4471116e-13   1.4866478e-01   1.0000000e+00   6.1211315e-03
   2.1229781e+00   1.6548096e-01   1.2774550e-01   3.8415081e-13   2.9322645e-01   1.0000000e+00   6.1156950e-03
   9.9302455e-01   1.0000000e-01   1.3028507e-02   7.5136472e-13   1.1302851e-01   1.0000000e+00   6.1130808e-03
   2.2011557e-01   1.1626328e+02   9.3940872e+00   4.4519205e-14   1.2565737e+02   1.0000000e+00   6.0966897e-03
   1.0405122e+00   3.5348422e+00   1.5611319e+00   1.1741472e-13   5.0959741e+00   1.0000000e+00   6.0880386e-03
   8.2594337e-02   9.9734679e+02   5.4395827e+01   2.5565283e-14   1.0517426e+03   1.0000000e+00   6.0809415e-03
   2.0838194e+00   2.3148152e-01   1.6334212e-01   3.3476248e-13   3.9482364e-01   1.0000000e+00   6.0549021e-03
   8.4089070e-01   1.0000010e-01   1.1409716e-02   7.7633513e-13   1.1140981e-01   1.0000000e+00   6.0446746e-03
   1.0457076e-01   5.5637064e+02   2.5447583e+01   2.9701618e-14   5.8181823e+02   1.0000000e+00   6.0195338e-03
   2.1525712e+00   1.6507050e-01   1.3581136e-01   3.7930382e-13   3.0088186e-01   1.0000000e+00   6.0042423e-03
   8.2360895e-01   1.1253048e+01   2.2353844e+00   8.6351731e-14   1.3488433e+01   1.0000000e+00   6.0036410e-03
   1.4589971e+00   1.0000000e-01   3.7607125e-02   5.8026717e-13   1.3760713e-01   1.0000000e+00   5.9987234e-03
   1.6347506e+00   1.0000723e+00   5.3489869e-01   1.8513417e-13   1.5349710e+00   1.0000000e+00   5.9961095e-03
   1.5194485e-01   2.8692854e+02   1.6772329e+01   3.5158166e-14   3.0370087e+02   1.0000000e+00   5.9673604e-03
   1.8587764e+00   4.0849269e-01   2.7182284e-01   2.6150750e-13   6.8031553e-01   1.0000000e+00   5.9487613e-03
   8.8758986e-02   8.2947604e+02   2.6606197e+01   2.6883615e-14   8.5608224e+02   1.0000000e+00   5.9464299e-03
   9.6068590e-02   7.4898176e+02   2.6389330e+01   2.7575210e-14   7.7537109e+02   1.0000000e+00   5.9325142e-03
   9.4573865e-02   8.1809005e+02   2.6186081e+01   2.6994955e-14   8.4427613e+02   1.0000000e+00   5.9289798e-03
   1.2075195e-01   4.1620562e+02   2.1045279e+01   3.1978575e-14   4.3725090e+02   1.0000000e+00   5.9158314e-03
   8.3014686e-02   9.1898601e+02   2.9146709e+01   2.6194008e-14   9.4813272e+02   1.0000000e+00   5.9051371e-03
   1.2384922e-01   3.8498978e+02   1.8610234e+01   3.2659521e-14   4.0360001e+02   1.0000000e+00   5.8999505e-03
   1.2937533e-01   3.6051310e+02   1.8966068e+01   3.3180208e-14   3.7947917e+02   1.0000000e+00   5.8978092e-03
   2.1347807e+00   1.0000000e-01   6.5292867e-02   5.0813392e-13   1.6529287e-01   1.0000000e+00   5.8890734e-03
   9.8025561e-02   7.3277829e+02   2.4917992e+01   2.7743434e-14   7.5769628e+02   1.0000000e+00   5.8852899e-03
   2.2759969e+00   1.0000000e-01   8.9268600e-02   4.7256341e-13   1.8926860e-01   1.0000000e+00   5.8806933e-03
   2.1264651e+00   1.1303118e-01   9.9458339e-02   4.4803497e-13   2.1248952e-01   1.0000000e+00   5.8283915e-03
   1.1157350e-01   5.0662421e+02   2.0108900e+01   3.0464524e-14   5.2673311e+02   1.0000000e+00   5.8202591e-03
   9.8558675e-02   6.6001316e+02   2.5350980e+01   2.8461505e-14   6.8536414e+02   1.0000000e+00   5.8194405e-03
   2.2012325e+00   2.5072096e-01   1.9929150e-01   3.1464370e-13   4.5001246e-01   1.0000000e+00   5.8135890e-03
   9.0826629e-02   8.3136476e+02   2.9379733e+01   2.6846177e-14   8.6074449e+02   1.0000000e+00   5.8013796e-03
   2.3041987e+00   2.8104491e-01   2.4995675e-01   2.9200419e-13   5.3100166e-01   1.0000000e+00   5.7998106e-03
   1.2916793e-01   3.5519732e+02   1.8922067e+01   3.3310452e-14   3.7411939e+02   1.0000000e+00   5.7993985e-03
   1.5834996e-01   2.6483920e+02   1.7703026e+01   3.5837778e-14   2.8254223e+02   1.0000000e+00   5.7935593e-03
   1.9052972e+00   1.0000000e-01   7.1568082e-02   4.9892048e-13   1.7156808e-01   1.0000000e+00   5.7584420e-03
   2.1365798e+00   1.5649482e-01   1.2992309e-01   3.8830119e-13   2.8641790e-01   1.0000000e+00   5.7522932e-03
   1.3280815e+00   1.0000000e-01   2.6392648e-02   6.3129667e-13   1.2639265e-01   1.0000000e+00   5.7342724e-03
   9.0139327e-02   9.0202189e+02   2.9191590e+01   2.6325184e-14   9.3121348e+02   1.0000000e+00   5.7295359e-03
   1.8532092e+00   1.0000000e-01   4.6784136e-02   5.5012989e-13   1.4678414e-01   1.0000000e+00   5.7273249e-03
   1.2576267e+00   1.0000000e-01   2.3788925e-02   6.4751713e-13   1.2378893e-01   1.0000000e+00   5.7273110e-03
   9.9158798e-01   1.0000000e-01   1.6408986e-02   7.0999129e-13   1.1640899e-01   1.0000000e+00   5.7255454e-03
   8.5128075e-01   1.0000000e-01   1.0438090e-02   7.9319518e-13   1.1043809e-01   1.0000000e+00   5.7221572e-03
   1.4823691e-01   2.9733692e+02   1.6769382e+01   3.4847973e-14   3.1410630e+02   1.0000000e+00   5.7134078e-03
   1.6614998e-01   2.4162428e+02   1.7056053e+01   3.6683045e-14   2.5868034e+02   1.0000000e+00   5.6966928e-03
   1.4750220e+00   1.0000000e-01   2.8742123e-02   6.1888403e-13   1.2874212e-01   1.0000000e+00   5.6932174e-03
   2.1322483e+00   5.6745806e-01   4.1566968e-01   2.2327870e-13   9.8312774e-01   1.0000000e+00   5.6852790e-03
   1.0285361e-01   5.7162049e+02   2.5702770e+01   2.9502681e-14   5.9732326e+02   1.0000000e+00   5.6658574e-03
   1.2157553e-01   4.3259335e+02   2.0505941e+01   3.1671886e-14   4.5309929e+02   1.0000000e+00   5.6635600e-03
   9.9571181e-01   1.0000000e-01   1.6786838e-02   7.0618603e-13   1.1678684e-01   1.0000000e+00   5.6616815e-03
   2.0994319e+00   1.6535894e-01   1.2888134e-01   3.8356002e-13   2.9424027e-01   1.0000000e+00   5.6595896e-03
   1.5095861e+00   1.0000000e-01   3.7123413e-02   5.8137552e-13   1.3712341e-01   1.0000000e+00   5.6448810e-03
   9.4149543e-02   7.2807370e+02   2.4574874e+01   2.7786287e-14   7.5264858e+02   1.0000000e+00   5.6368174e-03
   1.1841068e+00   1.0000000e-01   1.9726910e-02   6.7800482e-13   1.1972691e-01   1.0000000e+00   5.6324090e-03
   1.7368476e-01   2.1706945e+02   1.7263833e+01   3.7665336e-14   2.3433328e+02   1.0000000e+00   5.6320914e-03
   9.4405246e-02   7.1357359e+02   2.4518040e+01   2.7927225e-14   7.3809163e+02   1.0000000e+00   5.6204487e-03
   8.8309388e-02   8.6351485e+02   2.6126415e+01   2.6622078e-14   8.8964126e+02   1.0000000e+00   5.5922190e-03
   1.3994854e+00   1.0000001e-01   2.9838221e-02   6.1273248e-13   1.2983823e-01   1.0000000e+00   5.5877390e-03
   8.7897717e-02   9.7217507e+02   3.2501744e+01   2.5827621e-14   1.0046768e+03   1.0000000e+00   5.5875057e-03
   1.8443811e-01   1.8567203e+02   1.2766528e+01   3.9345611e-14   1.9843856e+02   1.0000000e+00   5.5792878e-03
   1.1339458e-01   4.9457476e+02   2.0727220e+01   3.0634863e-14   5.1530198e+02   1.0000000e+00   5.5783632e-03
   1.1857604e-01   5.4477923e+02   2.3992681e+01   2.9899684e-14   5.6877191e+02   1.0000000e+00   5.5503516e-03
   2.1411369e+00   1.3410984e-01   1.0812270e-01   4.2041871e-13   2.4223255e-01   1.0000000e+00   5.5397914e-03
   1.2293277e+00   1.0000000e-01   2.3624822e-02   6.4871720e-13   1.2362482e-01   1.0000000e+00   5.5393954e-03
   2.2345965e-01   1.1079077e+02   7.0933792e+00   4.5398827e-14   1.1788415e+02   1.0000000e+00   5.5349504e-03
   8.8215491e-02   9.4998455e+02   3.3782495e+01   2.5962033e-14   9.8376704e+02   1.0000000e+00   5.5167820e-03
   2.1726643e+00   1.7110845e-01   1.4840884e-01   3.6877236e-13   3.1951729e-01   1.0000000e+00   5.5161339e-03
   9.7653344e-01   2.8787834e+00   7.8561389e-01   1.3410919e-13   3.6643973e+00   1.0000000e+00   5.4938788e-03
   2.0971579e+00   1.6444815e-01   1.3611308e-01   3.7976330e-13   3.0056123e-01   1.0000000e+00   5.4897753e-03
   8.1438916e-01   1.0000000e-01   1.0640615e-02   7.8982205e-13   1.1064062e-01   1.0000000e+00   5.4855436e-03
   7.7433044e-01   8.8934669e+00   3.3145943e+00   8.7961013e-14   1.2208061e+01   1.0000000e+00   5.4806069e-03
   9.0699196e-02   8.3429315e+02   2.8061121e+01   2.6833556e-14   8.6235428e+02   1.0000000e+00   5.4721660e-03
   1.5624345e-01   2.9339975e+02   1.7149864e+01   3.4971760e-14   3.1054961e+02   1.0000000e+00   5.4689280e-03
   1.5479219e+00   1.1616305e+00   9.4898142e-01   1.6426577e-13   2.1106119e+00   1.0000000e+00   5.4669087e-03
   1.3994430e-01   3.4297920e+02   2.0971087e+01   3.3539398e-14   3.6395029e+02   1.0000000e+00   5.4626382e-03
   9.4124505e-02   7.1695404e+02   2.4702072e+01   2.7892749e-14   7.4165611e+02   1.0000000e+00   5.4615720e-03
   1.4013171e+00   1.0000000e-01   3.1501358e-02   6.0488676e-13   1.3150136e-01   1.0000000e+00   5.4177883e-03
   1.8516367e+00   3.2552994e-01   2.2869629e-01   2.8682388e-13   5.5422623e-01   1.0000000e+00   5.4069776e-03
   1.1983448e-01   4.8539011e+02   2.0507350e+01   3.0785634e-14   5.0589746e+02   1.0000000e+00   5.4055684e-03
   1.7284464e+00   6.3778035e-01   4.5169332e-01   2.1314568e-13   1.0894737e+00   1.0000000e+00   5.3982766e-03
   8.1454788e-01   1.0000000e-01   1.0322641e-02   7.9555259e-13   1.1032264e-01   1.0000000e+00   5.3958811e-03
   1.8181831e+00   1.0000000e-01   4.2738142e-02   5.6262830e-13   1.4273814e-01   1.0000000e+00   5.3944616e-03
   9.3875085e-02   8.8764533e+02   2.8078739e+01   2.6466512e-14   9.1572407e+02   1.0000000e+00   5.3883976e-03
   8.9643288e-02   9.1606265e+02   2.9384788e+01   2.6224783e-14   9.4544744e+02   1.0000000e+00   5.3765352e-03
   9.0636960e-02   7.9258748e+02   2.7268909e+01   2.7181926e-14   8.1985638e+02   1.0000000e+00   5.3660891e-03
   1.9657146e+00   3.2206465e-01   1.9847220e-01   2.9589612e-13   5.2053685e-01   1.0000000e+00   5.3622559e-03
   1.0694072e+00   1.0000000e-01   1.7801572e-02   6.9534985e-13   1.1780157e-01   1.0000000e+00   5.3582512e-03
   1.8698629e-01   2.1597500e+02   1.4872774e+01   3.7852620e-14   2.3084777e+02   1.0000000e+00   5.3565762e-03
   1.5331190e-01   2.7372543e+02   1.5682452e+01   3.5606235e-14   2.8940789e+02   1.0000000e+00   5.3422076e-03
   1.7188783e+00   6.9154740e-01   5.0011044e-01   2.0530117e-13   1.1916578e+00   1.0000000e+00   5.3332620e-03
   9.3714928e-02   7.0472896e+02   2.5870749e+01   2.8004591e-14   7.3059970e+02   1.0000000e+00   5.3093551e-03
   9.1487908e-02   8.5111554e+02   3.1552660e+01   2.6680977e-14   8.8266820e+02   1.0000000e+00   5.2977323e-03
   1.0805664e+00   1.0000000e-01   1.6922234e-02   7.0395669e-13   1.1692223e-01   1.0000000e+00   5.2825818e-03
   8.5273050e-02   9.3992561e+02   2.8803456e+01   2.6048215e-14   9.6872907e+02   1.0000000e+00   5.2605715e-03
   9.1299735e-02   8.1857510e+02   2.7545737e+01   2.6963922e-14   8.4612083e+02   1.0000000e+00   5.2465399e-03
   1.1690916e+00   1.0000000e-01   1.9865607e-02   6.7674933e-13   1.1986561e-01   1.0000000e+00   5.2425238e-03
   1.0299604e-01   6.2180088e+02   2.4050348e+01   2.8897696e-14   6.4585123e+02   1.0000000e+00   5.2317531e-03
   8.3168759e-02   9.2662675e+02   2.9800955e+01   2.6134030e-14   9.5642771e+02   1.0000000e+00   5.2116942e-03
   4.0288094e-01   3.0532942e+01   5.5117344e+00   6.3213859e-14   3.6044676e+01   1.0000000e+00   5.2114350e-03
   2.0029892e-01   1.9558446e+02   1.2949445e+01   3.8929361e-14   2.0853391e+02   1.0000000e+00   5.2079437e-03
   1.0711565e-01   5.6697640e+02   2.5989871e+01   2.9544215e-14   5.9296628e+02   1.0000000e+00   5.2026001e-03
   1.9553519e+00   3.3237706e-01   2.2659160e-01   2.8552408e-13   5.5896867e-01   1.0000000e+00   5.1956834e-03
   1.0384874e-01   6.7611601e+02   2.4754821e+01   2.8312780e-14   7.0087083e+02   1.0000000e+00   5.1887897e-03
   8.3696174e-02   1.0000000e+03   4.3935575e+01   2.5578624e-14   1.0439356e+03   1.0000000e+00   5.1872376e-03
   1.2131494e-01   4.7760122e+02   2.0778973e+01   3.0906406e-14   4.9838019e+02   1.0000000e+00   5.1784585e-03
   9.9262187e-02   6.6930316e+02   3.2330548e+01   2.8302699e-14   7.0163370e+02   1.0000000e+00   5.1687015e-03
   1.1821237e+00   1.0000000e-01   1.9102645e-02   6.8353177e-13   1.1910264e-01   1.0000000e+00   5.1679936e-03
   9.4454998e-02   7.2219949e+02   2.4986362e+01   2.7837707e-14   7.4718586e+02   1.0000000e+00   5.1610133e-03
   1.0535121e-01   6.5487079e+02   2.4982813e+01   2.8533626e-14   6.7985361e+02   1.0000000e+00   5.1527695e-03
   1.9952321e+00   6.4271011e-01   3.3777988e-01   2.2601890e-13   9.8049000e-01   1.0000000e+00   5.1460393e-03
   1.4005679e+00   1.0000000e-01   3.1031695e-02   6.0703071e-13   1.3103170e-01   1.0000000e+00   5.1335655e-03
   1.0315770e-01   6.5471214e+02   2.7101145e+01   2.8502543e-14   6.8181329e+02   1.0000000e+00   5.1332696e-03
   9.4642239e-02   7.2207156e+02   2.5007909e+01   2.7838355e-14   7.4707947e+02   1.0000000e+00   5.1288382e-03
   2.1554671e+00   1.3591220e-01   1.0451725e-01   4.2205872e-13   2.4042946e-01   1.0000000e+00   5.1166617e-03
   2.2864399e+00   1.0000000e-01   1.0341727e-01   4.5802536e-13   2.0341727e-01   1.0000000e+00   5.1162398e-03
   2.2881671e+00   1.0000000e-01   9.9896498e-02   4.6127188e-13   1.9989650e-01   1.0000000e+00   5.1150629e-03
   1.1121789e-01   5.6233277e+02   2.3007469e+01   2.9644332e-14   5.8534024e+02   1.0000000e+00   5.1121807e-03
   1.0069125e+00   4.8104865e+00   2.7358122e+00   1.0378968e-13   7.5462987e+00   1.0000000e+00   5.1043241e-03
   1.8506469e+00   2.5589227e-01   1.8053827e-01   3.2023950e-13   4.3643054e-01   1.0000000e+00   5.0731277e-03
   1.9274934e+00   1.0000000e-01   7.3489807e-02   4.9586805e-13   1.7348981e-01   1.0000000e+00   5.0721727e-03
   1.3307353e-01   3.5637945e+02   1.8627233e+01   3.3271707e-14   3.7500668e+02   1.0000000e+00   5.0702652e-03
   1.1020940e-01   5.4307821e+02   2.1692267e+01   2.9915404e-14   5.6477047e+02   1.0000000e+00   5.0576279e-03
   2.1637655e+00   1.2315439e-01   1.0341562e-01   4.3394385e-13   2.2657001e-01   1.0000000e+00   5.0521371e-03
   8.1577373e-02   9.8892337e+02   3.7048773e+01   2.5674027e-14   1.0259721e+03   1.0000000e+00   5.0441837e-03
   1.8588588e+00   3.4774417e-01   2.3725215e-01   2.7985660e-13   5.8499631e-01   1.0000000e+00   5.0405472e-03
   1.7389811e-01   2.5021558e+02   1.6567750e+01   3.6431314e-14   2.6678333e+02   1.0000000e+00   5.0297794e-03
   1.9942311e-01   1.9699614e+02   1.2985134e+01   3.8856186e-14   2.0998127e+02   1.0000000e+00   5.0281696e-03
   1.8202655e+00   2.9563017e-01   2.2778901e-01   2.9499903e-13   5.2341918e-01   1.0000000e+00   5.0239472e-03
   8.4169472e-01   2.6397321e+00   8.5766965e-01   1.3770514e-13   3.4974018e+00   1.0000000e+00   5.0066289e-03
   8.9925932e-02   7.8942314e+02   2.9616451e+01   2.7191954e-14   8.1903959e+02   1.0000000e+00   4.9935520e-03
   1.9544127e-01   1.6440492e+02   1.5062055e+01   4.0442331e-14   1.7946698e+02   1.0000000e+00   4.9878680e-03
   1.1251310e+00   1.0000000e-01   1.8531215e-02   6.8839597e-13   1.1853121e-01   1.0000000e+00   4.9798903e-03
   1.9848552e-01   1.6501952e+02   1.5359373e+01   4.0390399e-14   1.8037889e+02   1.0000000e+00   4.9649619e-03
   8.7010541e-02   9.1628798e+02   2.6029247e+01   2.6238434e-14   9.4231722e+02   1.0000000e+00   4.9595206e-03
   3.5048976e-01   6.3111098e+01   6.7150757e+00   5.2505526e-14   6.9826173e+01   1.0000000e+00   4.9486036e-03
   2.3257263e+00   1.1328835e-01   9.6356005e-02   4.4990831e-13   2.0964435e-01   1.0000000e+00   4.9447859e-03
   9.0287449e-01   1.0000000e-01   1.6083747e-02   7.1661289e-13   1.1608375e-01   1.0000000e+00   4.9318440e-03
   8.3797824e-02   1.0000000e+03   8.4645005e+01   2.5508163e-14   1.0846450e+03   1.0000000e+00   4.9243503e-03
   1.1437783e+00   1.0000000e-01   1.6592912e-02   7.0835080e-13   1.1659291e-01   1.0000000e+00   4.9030492e-03
   1.6953637e-01   1.9829025e+02   1.5316713e+01   3.8628234e-14   2.1360696e+02   1.0000000e+00   4.8945866e-03
   8.2163539e-02   1.0000000e+03   8.8616237e+01   2.5503410e-14   1.0886162e+03   1.0000000e+00   4.8895016e-03
   1.2186834e-01   4.0591100e+02   1.9786669e+01   3.2202426e-14   4.2569767e+02   1.0000000e+00   4.8517105e-03
   3.2745456e-01   7.2131752e+01   5.3609172e+00   5.1250270e-14   7.7492669e+01   1.0000000e+00   4.8396127e-03
   1.4042563e+00   1.0000000e-01   3.1959761e-02   6.0282633e-13   1.3195976e-01   1.0000000e+00   4.8365023e-03
   2.1378827e+00   1.3349376e-01   1.0139147e-01   4.2689969e-13   2.3488523e-01   1.0000000e+00   4.8299066e-03
   3.8416944e-01   3.9114858e+01   6.4724647e+00   5.8990731e-14   4.5587323e+01   1.0000000e+00   4.8241286e-03
   1.2772792e-01   4.6398477e+02   2.1627062e+01   3.1143076e-14   4.8561183e+02   1.0000000e+00   4.8196363e-03
   1.0274938e-01   6.3845664e+02   2.4025564e+01   2.8710098e-14   6.6248220e+02   1.0000000e+00   4.8171563e-03
   1.8379008e+00   6.7095682e-01   5.5047971e-01   2.0352279e-13   1.2214365e+00   1.0000000e+00   4.8090080e-03
   8.1241752e-02   1.0000000e+03   7.4468734e+01   2.5518309e-14   1.0744687e+03   1.0000000e+00   4.8062691e-03
   1.4852165e+00   1.0000000e-01   2.8786346e-02   6.1877321e-13   1.2878635e-01   1.0000000e+00   4.7997222e-03
   9.2658424e-01   1.0000000e-01   1.4030380e-02   7.3774563e-13   1.1403038e-01   1.0000000e+00   4.7948708e-03
   1.0760525e-01   5.4013538e+02   2.3061293e+01   2.9941525e-14   5.6319667e+02   1.0000000e+00   4.7927647e-03
   1.0678036e+00   1.0000000e-01   1.8250689e-02   6.9126287e-13   1.1825069e-01   1.0000000e+00   4.7887281e-03
   1.0687465e-01   5.7341917e+02   2.6422690e+01   2.9456755e-14   5.9984186e+02   1.0000000e+00   4.7861882e-03
   9.7149456e-01   2.7639456e+00   7.7008309e-01   1.3594197e-13   3.5340287e+00   1.0000000e+00   4.7857793e-03
   2.3246630e+00   2.8848035e-01   2.5223528e-01   2.8970778e-13   5.4071563e-01   1.0000000e+00   4.7612569e-03
   8.9211957e-02   8.9171551e+02   2.6666573e+01   2.6413312e-14   9.1838208e+02   1.0000000e+00   4.7346298e-03
   9.9757299e-01   4.7218881e+00   2.5774845e+00   1.0471161e-13   7.2993726e+00   1.0000000e+00   4.7291775e-03
   1.1029473e-01   5.1166028e+02   1.9926739e+01   3.0395528e-14   5.3158702e+02   1.0000000e+00   4.6879352e-03
   2.4511026e-01   1.0695934e+02   7.9695942e+00   4.5625109e-14   1.1492893e+02   1.0000000e+00   4.6771892e-03
   8.4105457e-01   1.0000000e-01   1.1390893e-02   7.7663407e-13   1.1139089e-01   1.0000000e+00   4.6747605e-03
   9.4783898e-02   7.2864383e+02   2.4622619e+01   2.7779462e-14   7.5326645e+02   1.0000000e+00   4.6722275e-03
   2.3354888e-01   1.3959116e+02   9.8136356e+00   4.2568909e-14   1.4940480e+02   1.0000000e+00   4.6614332e-03
   8.0899590e-02   9.8350865e+02   3.5363655e+01   2.5718965e-14   1.0188723e+03   1.0000000e+00   4.6438638e-03
   8.8336378e-02   9.3095364e+02   2.9393720e+01   2.6116481e-14   9.6034736e+02   1.0000000e+00   4.6167374e-03
   3.3163401e-01   6.3755848e+01   6.4131907e+00   5.2324933e-14   7.0169039e+01   1.0000000e+00   4.6084799e-03
   1.2913093e-01   4.1101251e+02   1.9300141e+01   3.2102109e-14   4.3031266e+02   1.0000000e+00   4.6031612e-03
   1.0114285e-01   6.6404769e+02   2.4029597e+01   2.8432760e-14   6.8807729e+02   1.0000000e+00   4.5988580e-03
   2.4781954e-01   1.1028250e+02   1.1488196e+01   4.4891267e-14   1.2177070e+02   1.0000000e+00   4.5958720e-03
   2.0818139e+00   2.1725015e-01   1.7603811e-01   3.3485585e-13   3.9328826e-01   1.0000000e+00   4.5709424e-03
   1.7903347e-01   2.5936450e+02   1.8567639e+01   3.6128627e-14   2.7793214e+02   1.0000000e+00   4.5459024e-03
   2.4989611e-01   9.1190448e+01   7.9734461e+00   4.7481924e-14   9.9163894e+01   1.0000000e+00   4.5316468e-03
   1.3031685e-01   4.2178925e+02   2.0179243e+01   3.1890315e-14   4.4196849e+02   1.0000000e+00   4.5305304e-03
   1.1635875e-01   5.0504570e+02   2.4471954e+01   3.0421698e-14   5.2951766e+02   1.0000000e+00   4.5286426e-03
   1.3819354e+00   1.0037208e-01   3.0537566e-02   6.0887078e-13   1.3090964e-01   1.0000000e+00   4.5231213e-03
   8.2890455e-02   9.9943657e+02   8.3806763e+01   2.5511084e-14   1.0832433e+03   1.0000000e+00   4.5231011e-03
   1.2754870e-01   4.4537618e+02   2.2919775e+01   3.1420148e-14   4.6829595e+02   1.0000000e+00   4.5066516e-03
   1.4726144e-01   2.4021559e+02   1.5419814e+01   3.6897766e-14   2.5563540e+02   1.0000000e+00   4.5047437e-03
   9.4858628e-01   1.0000000e-01   1.3627093e-02   7.4259887e-13   1.1362709e-01   1.0000000e+00   4.4997632e-03
   1.2957591e-01   3.6994076e+02   1.9325920e+01   3.2952848e-14   3.8926668e+02   1.0000000e+00   4.4935856e-03
   9.0245479e-02   8.9685086e+02   2.7453059e+01   2.6376182e-14   9.2430392e+02   1.0000000e+00   4.4591104e-03
   1.0957981e+00   1.0000000e-01   1.8131804e-02   6.9211248e-13   1.1813180e-01   1.0000000e+00   4.4578026e-03
   1.5186890e-01   2.8694660e+02   1.6762966e+01   3.5157828e-14   3.0370957e+02   1.0000000e+00   4.4483216e-03
   1.8015457e+00   1.0000000e-01   5.1676203e-02   5.3690736e-13   1.5167620e-01   1.0000000e+00   4.4464445e-03
   9.4938211e-01   3.3244905e+00   1.1113099e+00   1.2390422e-13   4.4358003e+00   1.0000000e+00   4.4454985e-03
   7.6922402e-02   9.9998818e+02   3.0755979e+01   2.5660457e-14   1.0307442e+03   1.0000000e+00   4.4317762e-03
   1.3282639e-01   4.2062226e+02   2.0025223e+01   3.1929859e-14   4.4064748e+02   1.0000000e+00   4.4287832e-03
   2.1419988e+00   1.0000000e-01   6.6833485e-02   5.0529540e-13   1.6683348e-01   1.0000000e+00   4.4283331e-03
   1.4989214e-01   3.0335032e+02   1.5592620e+01   3.4717611e-14   3.1894294e+02   1.0000000e+00   4.4155385e-03
   1.2490471e+00   1.0000000e-01   2.1567409e-02   6.6342925e-13   1.2156741e-01   1.0000000e+00   4.4041041e-03
   1.3795147e+00   1.0000000e-01   3.6809992e-02   5.8464790e-13   1.3680999e-01   1.0000000e+00   4.4022219e-03
   8.2701177e-02   1.0000000e+03   8.9982235e+01   2.5502214e-14   1.0899822e+03   1.0000000e+00   4.3734887e-03
   1.1589584e+00   1.0000000e-01   2.1188192e-02   6.6629210e-13   1.2118819e-01   1.0000000e+00   4.3413949e-03
   1.1517042e-01   4.6225722e+02   2.3626173e+01   3.1116706e-14   4.8588339e+02   1.0000000e+00   4.3402459e-03
   2.1385474e+00   1.5633212e-01   1.2958573e-01   3.8861029e-13   2.8591785e-01   1.0000000e+00   4.3310504e-03
   8.3624293e-02   1.0000000e+03   5.6639067e+01   2.5545503e-14   1.0566391e+03   1.0000000e+00   4.3244080e-03
   1.0275272e-01   5.9817258e+02   2.4151271e+01   2.9178941e-14   6.2232385e+02   1.0000000e+00   4.3239434e-03
   2.1447774e+00   1.0118712e-01   6.1215683e-02   5.1499448e-13   1.6240280e-01   1.0000000e+00   4.3179615e-03
   2.4686966e-01   9.2532837e+01   7.2029795e+00   4.7449522e-14   9.9735816e+01   1.0000000e+00   4.2868863e-03
   8.8205267e-02   9.5088535e+02   3.3911503e+01   2.5955431e-14   9.8479685e+02   1.0000000e+00   4.2819521e-03
   1.1616982e-01   5.7942588e+02   2.8989390e+01   2.9402837e-14   6.0841527e+02   1.0000000e+00   4.2747583e-03
   1.1735993e-01   4.8957560e+02   2.3845210e+01   3.0663853e-14   5.1342081e+02   1.0000000e+00   4.2698147e-03
   2.4947671e-01   1.1341322e+02   7.9268921e+00   4.5021358e-14   1.2134011e+02   1.0000000e+00   4.2088721e-03
   1.8771049e+00   2.5898297e-01   1.7560941e-01   3.2077071e-13   4.3459238e-01   1.0000000e+00   4.2003956e-03
   1.8470020e-01   1.8235285e+02   1.2495045e+01   3.9539427e-14   1.9484790e+02   1.0000000e+00   4.1906408e-03
   2.1643983e+00   1.0000000e-01   1.0258185e-01   4.6041142e-13   2.0258185e-01   1.0000000e+00   4.1860356e-03
   1.0038300e+00   3.5351984e+00   1.4698993e+00   1.1820076e-13   5.0050977e+00   1.0000000e+00   4.1828786e-03
   8.9867630e-02   8.4388702e+02   2.9615954e+01   2.6744821e-14   8.7350298e+02   1.0000000e+00   4.1794553e-03
   2.1242375e+00   2.0431693e-01   1.7585550e-01   3.4019111e-13   3.8017243e-01   1.0000000e+00   4.1760653e-03
   1.1443499e+00   1.0000000e-01   1.7881131e-02   6.9472256e-13   1.1788113e-01   1.0000000e+00   4.1713432e-03
   2.1437332e+00   1.0000000e-01   6.1491491e-02   5.1580518e-13   1.6149149e-01   1.0000000e+00   4.1296636e-03
