   7.8831975e+05   1.0000000e-01   1.0000000e-02   1.0000000e-02   8.2083018e-13   1.2000000e-01   1.0000000e+00             Inf
   8.2654122e+04   1.0000000e+03   1.0000000e+02   8.4186867e+01   2.5502678e-14   1.1841869e+03   1.0000000e+00             Inf
   4.3964954e+05   2.4357316e+01   5.8375446e+00   1.2039345e+00   6.7878671e-14   3.1398795e+01   1.0000000e+00   1.8691949e-02
   2.0601708e+05   1.6714056e+02   1.3412835e+01   2.9995102e+00   4.0705810e-14   1.8355290e+02   1.0000000e+00   1.5952015e-02
   7.1007032e+05   5.3545261e+00   1.2282484e+00   2.9910812e-01   1.1339578e-13   6.8818826e+00   1.0000000e+00   1.4333775e-02
   7.5543928e+05   9.8194306e-01   2.4023121e-01   1.1564266e-01   2.3088319e-13   1.3378169e+00   1.0000000e+00   1.3505966e-02
   1.7371789e+05   1.8047623e+02   1.1946917e+01   3.9610173e+00   3.9947520e-14   1.9638417e+02   1.0000000e+00   1.3110279e-02
   7.9353298e+05   9.0739694e-01   2.1275815e-01   9.4352578e-02   2.3981339e-13   1.2145077e+00   1.0000000e+00   1.3100927e-02
   1.0747606e+05   5.9192174e+02   2.2666865e+01   8.4228634e+00   2.9357644e-14   6.2301147e+02   1.0000000e+00   1.2894883e-02
   8.6000626e+04   8.3670191e+02   2.6088199e+01   7.8823087e+00   2.6918508e-14   8.7067241e+02   1.0000000e+00   1.2892901e-02
   8.0175774e+05   4.2797683e-01   1.2101387e-01   5.4763023e-02   3.3400805e-13   6.0375372e-01   1.0000000e+00   1.2753468e-02
   8.4432196e+04   9.0755752e+02   2.8770146e+01   8.7949702e+00   2.6347119e-14   9.4512264e+02   1.0000000e+00   1.2721313e-02
   1.4072077e+05   3.3546842e+02   1.9005314e+01   8.1038787e+00   3.3863856e-14   3.6257761e+02   1.0000000e+00   1.2686191e-02
   7.6368114e+05   3.1609960e+00   9.6589552e-01   2.4458165e-01   1.3484307e-13   4.3714731e+00   1.0000000e+00   1.2646561e-02
   8.5589738e+04   8.9557812e+02   3.0808492e+01   8.6173003e+00   2.6420103e-14   9.3500391e+02   1.0000000e+00   1.2619282e-02
   8.2073745e+05   2.7859413e-01   1.0639277e-01   3.3616922e-02   3.9785803e-13   4.1860383e-01   1.0000000e+00   1.2592623e-02
   8.0175775e+05   3.7636660e-01   9.7714561e-02   2.5940712e-02   3.6677084e-13   5.0002187e-01   1.0000000e+00   1.2571020e-02
   4.3231968e+05   1.8535452e+01   5.5007170e+00   1.4616570e+00   7.3473532e-14   2.5497825e+01   1.0000000e+00   1.2527637e-02
   5.0535170e+05   1.6342087e+01   2.6450313e+00   3.7957509e-01   8.0091112e-14   1.9366694e+01   1.0000000e+00   1.2448486e-02
   8.0829199e+05   1.0789663e+00   2.8943666e-01   1.1249072e-01   2.1693173e-13   1.4808937e+00   1.0000000e+00   1.2297438e-02
   8.2118877e+04   9.9348575e+02   4.2365781e+01   1.8977615e+01   2.5656165e-14   1.0548291e+03   1.0000000e+00   1.2247980e-02
   8.9887471e+04   7.5872087e+02   2.7924391e+01   1.0152075e+01   2.7545262e-14   7.9679733e+02   1.0000000e+00   1.2138808e-02
   8.2224042e+05   2.7883949e-01   8.5968072e-02   3.0394857e-02   4.0759330e-13   3.9520242e-01   1.0000000e+00   1.2095897e-02
   1.0797477e+05   5.1438873e+02   2.1416571e+01   6.0868507e+00   3.0455600e-14   5.4189216e+02   1.0000000e+00   1.2089165e-02
   1.1907640e+05   4.4072039e+02   1.9016513e+01   5.3303870e+00   3.1696020e-14   4.6506729e+02   1.0000000e+00   1.1875078e-02
   7.6417792e+04   9.8595902e+02   3.9276185e+01   9.0289894e+00   2.5785277e-14   1.0342642e+03   1.0000000e+00   1.1807612e-02
   7.1163422e+05   4.5210841e-01   1.1482374e-01   3.4613909e-02   3.4205540e-13   6.0154606e-01   1.0000000e+00   1.1657112e-02
   8.0336808e+05   3.7608182e-01   1.0703169e-01   3.4970281e-02   3.5869543e-13   5.1808380e-01   1.0000000e+00   1.1627048e-02
   1.4303419e+05   3.2959893e+02   1.8089827e+01   5.8548909e+00   3.4075258e-14   3.5354365e+02   1.0000000e+00   1.1488804e-02
   8.2060471e+05   1.0000000e-01   1.6751247e-02   1.0000000e-02   7.3946219e-13   1.2675125e-01   1.0000000e+00   1.1366902e-02
   8.1892163e+05   2.6582625e-01   9.0958386e-02   2.8840528e-02   4.1307159e-13   3.8562516e-01   1.0000000e+00   1.1194168e-02
   8.0812685e+05   1.0065576e+00   2.8213577e-01   1.1267737e-01   2.2253984e-13   1.4013707e+00   1.0000000e+00   1.1035083e-02
   8.4622997e+05   1.6487283e-01   7.1530967e-02   1.7575141e-02   5.0743517e-13   2.5397893e-01   1.0000000e+00   1.0901435e-02
   1.5156043e+05   2.9117955e+02   1.6578036e+01   3.3412827e+00   3.5288315e-14   3.1109887e+02   1.0000000e+00   1.0899393e-02
   1.0026205e+05   6.7551278e+02   2.8501477e+01   8.5573498e+00   2.8348358e-14   7.1257161e+02   1.0000000e+00   1.0897744e-02
   8.6385642e+04   9.0848137e+02   3.1612578e+01   9.8141737e+00   2.6313522e-14   9.4990812e+02   1.0000000e+00   1.0891317e-02
   7.6370886e+05   5.2344800e-01   1.2441916e-01   5.6012946e-02   3.1337936e-13   7.0388010e-01   1.0000000e+00   1.0875393e-02
   5.0274465e+05   1.9143265e+01   2.8136951e+00   4.8834852e-01   7.6055962e-14   2.2445308e+01   1.0000000e+00   1.0864212e-02
   1.7583132e+05   2.1841051e+02   1.3291746e+01   4.4641363e+00   3.7970034e-14   2.3616639e+02   1.0000000e+00   1.0839999e-02
   8.1661866e+05   1.0000000e-01   1.1623690e-02   1.0000000e-02   7.9385310e-13   1.2162369e-01   1.0000000e+00   1.0823138e-02
   8.9355764e+04   8.1929098e+02   2.7998350e+01   8.3612682e+00   2.7031520e-14   8.5565060e+02   1.0000000e+00   1.0805565e-02
   8.2015544e+05   3.2961623e-01   1.0501977e-01   2.8259779e-02   3.7755777e-13   4.6289578e-01   1.0000000e+00   1.0777914e-02
   8.0776463e+05   1.2184867e+00   3.5425141e-01   8.8579503e-02   2.0582321e-13   1.6613176e+00   1.0000000e+00   1.0758837e-02
   7.2016614e+05   4.0375523e+00   7.5460615e-01   2.8427788e-01   1.2866670e-13   5.0764364e+00   1.0000000e+00   1.0752377e-02
   8.1896157e+05   2.5950636e-01   8.0916966e-02   2.2024829e-02   4.2577696e-13   3.6244815e-01   1.0000000e+00   1.0694359e-02
   7.9459277e+05   8.3980449e-01   2.1712951e-01   9.3414346e-02   2.4534028e-13   1.1503483e+00   1.0000000e+00   1.0584782e-02
   8.0785181e+05   1.1511013e+00   2.9406265e-01   1.1286326e-01   2.1208953e-13   1.5580273e+00   1.0000000e+00   1.0371644e-02
   8.3225077e+05   1.6929794e-01   5.2322586e-02   1.1673690e-02   5.2935406e-13   2.3329421e-01   1.0000000e+00   1.0251073e-02
   7.6771600e+05   2.9250925e+00   9.5451641e-01   2.4716425e-01   1.3808697e-13   4.1267731e+00   1.0000000e+00   1.0147587e-02
   8.3354335e+05   1.0000000e-01   1.5858253e-02   1.0000000e-02   7.4572448e-13   1.2585825e-01   1.0000000e+00   1.0115429e-02
   8.4509423e+05   1.0000000e-01   3.5395591e-02   1.0000000e-02   6.6457260e-13   1.4539559e-01   1.0000000e+00   1.0077833e-02
   9.5895620e+04   6.8827962e+02   2.8664815e+01   6.6873326e+00   2.8238897e-14   7.2363177e+02   1.0000000e+00   1.0045965e-02
   8.0101369e+05   1.4618796e-01   4.9821405e-02   1.2376084e-02   5.6257326e-13   2.0838545e-01   1.0000000e+00   1.0019247e-02
   8.2171951e+04   9.9915751e+02   8.1645023e+01   3.2220463e+01   2.5534558e-14   1.1130230e+03   1.0000000e+00   1.0012707e-02
   9.8175432e+04   6.5699902e+02   2.6538569e+01   7.4852685e+00   2.8573844e-14   6.9102286e+02   1.0000000e+00   9.9819450e-03
   2.2914152e+05   1.1651268e+02   1.5458084e+01   4.5229183e+00   4.4271056e-14   1.3649368e+02   1.0000000e+00   9.9491423e-03
   1.5142718e+05   2.1112264e+02   1.3110495e+01   4.9002186e+00   3.8433786e-14   2.2913335e+02   1.0000000e+00   9.9283960e-03
   8.8232819e+04   9.4714439e+02   3.1548227e+01   9.7557015e+00   2.6062829e-14   9.8844832e+02   1.0000000e+00   9.9062521e-03
   8.1570819e+04   1.0000000e+03   6.7182556e+01   2.6950984e+01   2.5550215e-14   1.0941335e+03   1.0000000e+00   9.8732099e-03
   6.9364491e+05   6.9471555e+00   1.4089082e+00   4.6232651e-01   1.0322873e-13   8.8183902e+00   1.0000000e+00   9.8185759e-03
   8.9852792e+04   8.0838345e+02   3.1642516e+01   7.2315763e+00   2.7106652e-14   8.4725754e+02   1.0000000e+00   9.8163078e-03
   8.2216774e+05   3.2111922e-01   1.0065087e-01   3.2512866e-02   3.8059245e-13   4.5428295e-01   1.0000000e+00   9.7978650e-03
   8.0025686e+04   9.9965711e+02   4.2757363e+01   2.1328794e+01   2.5615197e-14   1.0637433e+03   1.0000000e+00   9.7841544e-03
   6.9318527e+05   5.7419045e+00   1.3951442e+00   5.0977962e-01   1.0852307e-13   7.6468283e+00   1.0000000e+00   9.7308599e-03
   1.1911478e+05   4.4927314e+02   1.8742748e+01   5.0977714e+00   3.1555842e-14   4.7311366e+02   1.0000000e+00   9.7215420e-03
   8.2302505e+05   1.0953306e-01   3.3606653e-02   1.4150658e-02   6.4355729e-13   1.5729037e-01   1.0000000e+00   9.7106853e-03
   7.9955705e+04   9.1789889e+02   3.1469662e+01   8.5480541e+00   2.6278554e-14   9.5791661e+02   1.0000000e+00   9.6698804e-03
   7.7553249e+05   1.0000000e-01   1.0268958e-02   1.0006386e-02   8.1608970e-13   1.2027534e-01   1.0000000e+00   9.6698482e-03
   8.5086210e+04   8.7826465e+02   2.9516807e+01   8.3784742e+00   2.6561130e-14   9.1615993e+02   1.0000000e+00   9.6597287e-03
   9.0873962e+04   9.4084341e+02   3.1769932e+01   9.8014058e+00   2.6126713e-14   9.8241474e+02   1.0000000e+00   9.6269171e-03
   8.4678500e+05   1.0484935e-01   2.7378726e-02   1.1465914e-02   6.7054534e-13   1.4369399e-01   1.0000000e+00   9.6251852e-03
   8.6944646e+04   9.8830298e+02   2.8922882e+01   8.7014730e+00   2.5822573e-14   1.0259273e+03   1.0000000e+00   9.5829814e-03
   8.3399474e+05   2.0765025e-01   6.3738406e-02   1.7073334e-02   4.7498492e-13   2.8846199e-01   1.0000000e+00   9.4421309e-03
   1.1148744e+05   5.0310476e+02   2.3441254e+01   7.5714998e+00   3.0562525e-14   5.3411751e+02   1.0000000e+00   9.4359230e-03
   8.6053685e+04   9.7646847e+02   3.6931661e+01   9.5867240e+00   2.5831996e-14   1.0229869e+03   1.0000000e+00   9.4261903e-03
   8.6487440e+04   8.8461338e+02   2.9419579e+01   8.6234323e+00   2.6510403e-14   9.2265639e+02   1.0000000e+00   9.4231082e-03
   7.1263447e+05   4.4824025e+00   1.3019280e+00   2.8421724e-01   1.1886300e-13   6.0685477e+00   1.0000000e+00   9.3391897e-03
   1.2417491e+05   4.0151950e+02   1.8334595e+01   5.4940557e+00   3.2448320e-14   4.2534815e+02   1.0000000e+00   9.3265816e-03
   8.2368568e+04   1.0000000e+03   9.9946457e+01   7.3274956e+01   2.5503853e-14   1.1732214e+03   1.0000000e+00   9.3132370e-03
   8.0179877e+05   1.8544348e-01   5.4384134e-02   1.2358045e-02   5.1312178e-13   2.5218566e-01   1.0000000e+00   9.2933172e-03
   9.1816610e+04   7.8090868e+02   2.6503383e+01   1.0019960e+01   2.7354290e-14   8.1743202e+02   1.0000000e+00   9.2239229e-03
   8.2726146e+04   1.0000000e+03   6.9853291e+01   2.9878529e+01   2.5544069e-14   1.0997318e+03   1.0000000e+00   9.2179053e-03
   1.3175393e+05   3.7427301e+02   1.7417553e+01   4.9122666e+00   3.3055252e-14   3.9660283e+02   1.0000000e+00   9.2159849e-03
   7.8853112e+04   9.9113450e+02   3.9237439e+01   9.3925973e+00   2.5725982e-14   1.0397645e+03   1.0000000e+00   9.1732541e-03
   2.1530491e+05   1.1672615e+02   9.2232852e+00   4.2981034e+00   4.4738677e-14   1.3024754e+02   1.0000000e+00   9.1602306e-03
   8.1910748e+05   1.0769788e-01   3.1453432e-02   1.0000000e-02   6.6010208e-13   1.4915132e-01   1.0000000e+00   9.1362369e-03
   8.0766683e+04   8.4252355e+02   2.6090384e+01   8.6566877e+00   2.6911634e-14   8.7727062e+02   1.0000000e+00   9.0773802e-03
   1.2661023e+05   4.0678267e+02   1.8361603e+01   5.9930953e+00   3.2329053e-14   4.3113737e+02   1.0000000e+00   9.0389355e-03
   8.2133231e+05   3.1129833e-01   9.8359835e-02   3.3645574e-02   3.8533712e-13   4.4330373e-01   1.0000000e+00   9.0086190e-03
   6.6787819e+05   4.1004558e+00   1.6112888e+00   1.6605877e-01   1.2413839e-13   5.8778034e+00   1.0000000e+00   8.9952052e-03
   9.1388015e+04   7.7230610e+02   2.6577992e+01   8.3395936e+00   2.7442453e-14   8.0722369e+02   1.0000000e+00   8.9602003e-03
   1.4405376e+05   3.5001612e+02   1.7051711e+01   5.0457639e+00   3.3647997e-14   3.7211359e+02   1.0000000e+00   8.9306648e-03
   8.1814531e+04   1.0000000e+03   8.6837900e+01   3.2698751e+01   2.5524562e-14   1.1195367e+03   1.0000000e+00   8.9271325e-03
   1.0566540e+05   5.8246043e+02   2.2776627e+01   8.7258733e+00   2.9466755e-14   6.1396293e+02   1.0000000e+00   8.9031683e-03
   1.4643305e+05   2.4224236e+02   1.8044250e+01   4.5926593e+00   3.6919296e-14   2.6487927e+02   1.0000000e+00   8.8966173e-03
   4.1347286e+05   3.0871728e+01   3.5752633e+00   1.0843975e+00   6.5346769e-14   3.5531389e+01   1.0000000e+00   8.8679126e-03
   8.1627917e+05   1.0000000e-01   2.1050521e-02   1.0052526e-02   7.1330911e-13   1.3110305e-01   1.0000000e+00   8.8590805e-03
   6.4422234e+05   1.3406543e+01   3.0184938e+00   6.2264634e-01   8.2331047e-14   1.7047683e+01   1.0000000e+00   8.8555015e-03
   1.4763460e+05   2.7403347e+02   1.9285711e+01   4.8552684e+00   3.5681191e-14   2.9817445e+02   1.0000000e+00   8.8529520e-03
   1.2884106e+05   3.8870792e+02   1.8367198e+01   5.6751433e+00   3.2702246e-14   4.1275027e+02   1.0000000e+00   8.8315999e-03
   7.6668477e+05   6.0109983e-01   1.4263964e-01   5.1140245e-02   2.9496507e-13   7.9487971e-01   1.0000000e+00   8.8258961e-03
   8.3251775e+04   9.7395168e+02   3.1326584e+01   9.5558953e+00   2.5868289e-14   1.0148342e+03   1.0000000e+00   8.8250812e-03
   1.1461682e+05   4.7155391e+02   2.3344652e+01   4.7109255e+00   3.1117877e-14   4.9960948e+02   1.0000000e+00   8.8091303e-03
   1.2308659e+05   4.7900079e+02   2.0543867e+01   6.2351447e+00   3.1022989e-14   5.0577981e+02   1.0000000e+00   8.7965648e-03
   8.2001260e+05   2.0106105e-01   5.9459331e-02   2.3571083e-02   4.8018704e-13   2.8409146e-01   1.0000000e+00   8.7825024e-03
   1.5294042e+05   3.1479967e+02   1.6325461e+01   4.7486860e+00   3.4586170e-14   3.3587381e+02   1.0000000e+00   8.7025652e-03
   8.4619229e+05   1.3570380e-01   5.3244880e-02   1.0608853e-02   5.7113879e-13   1.9955754e-01   1.0000000e+00   8.6854625e-03
   4.1722399e+05   3.8920054e+01   5.1984854e+00   1.0440097e+00   6.0913106e-14   4.5162550e+01   1.0000000e+00   8.6730589e-03
   1.2147055e+05   4.2368341e+02   2.1169500e+01   4.8765787e+00   3.1980521e-14   4.4972949e+02   1.0000000e+00   8.6528718e-03
   8.1941879e+05   1.5404055e-01   4.6456813e-02   1.2767980e-02   5.5316055e-13   2.1326534e-01   1.0000000e+00   8.6505526e-03
   1.1188826e+05   5.4111585e+02   2.2743301e+01   8.0739797e+00   3.0018590e-14   5.7193313e+02   1.0000000e+00   8.5917744e-03
   8.2331429e+05   1.0811396e-01   3.4040307e-02   1.0000000e-02   6.5274111e-13   1.5215427e-01   1.0000000e+00   8.5910774e-03
   8.2781877e+05   2.2169662e-01   6.6536361e-02   1.5449605e-02   4.6508379e-13   3.0368259e-01   1.0000000e+00   8.5792940e-03
   3.3030452e+05   6.4083704e+01   7.6828910e+00   2.9093065e+00   5.2360214e-14   7.4675901e+01   1.0000000e+00   8.5684427e-03
   8.1741975e+05   1.6263999e-01   5.0375961e-02   1.2999340e-02   5.3797337e-13   2.2601529e-01   1.0000000e+00   8.5407220e-03
   8.8781626e+04   8.2823319e+02   2.5971850e+01   7.9037754e+00   2.6981658e-14   8.6210882e+02   1.0000000e+00   8.5220753e-03
   7.7870048e+05   1.3421106e+00   5.2588541e-01   1.2541624e-01   1.9099687e-13   1.9934122e+00   1.0000000e+00   8.5124742e-03
   3.9588073e+05   3.1922666e+01   3.8579528e+00   1.1173975e+00   6.4519555e-14   3.6898016e+01   1.0000000e+00   8.4811447e-03
   7.9628659e+05   2.2056945e+00   5.3495250e-01   2.7924722e-01   1.5813509e-13   3.0198942e+00   1.0000000e+00   8.4034401e-03
   8.4773098e+05   1.2401633e-01   3.2590347e-02   1.4083315e-02   6.1560794e-13   1.7068999e-01   1.0000000e+00   8.3908965e-03
   7.9223213e+05   9.3238537e-01   2.4900661e-01   7.6355263e-02   2.3499289e-13   1.2577472e+00   1.0000000e+00   8.3706413e-03
   8.4844363e+05   1.2534158e-01   4.3152797e-02   1.5427169e-02   5.9128396e-13   1.8392155e-01   1.0000000e+00   8.3288782e-03
   8.2791387e+05   1.0000000e-01   2.8950950e-02   1.0000000e-02   6.8238556e-13   1.3895095e-01   1.0000000e+00   8.3259147e-03
   1.9566829e+05   1.6176822e+02   1.4148714e+01   3.0732210e+00   4.0951190e-14   1.7899016e+02   1.0000000e+00   8.3250112e-03
   1.4144579e+05   3.4610016e+02   1.6933051e+01   5.0115836e+00   3.3725876e-14   3.6804480e+02   1.0000000e+00   8.3249880e-03
   1.0970714e+05   4.6616873e+02   2.1524671e+01   5.2053774e+00   3.1253822e-14   4.9289878e+02   1.0000000e+00   8.3032671e-03
   8.2119195e+05   2.9463107e-01   9.8475933e-02   3.3418142e-02   3.9292385e-13   4.2652515e-01   1.0000000e+00   8.2969342e-03
   7.5212890e+05   2.5946523e+00   5.8266472e-01   1.6667966e-01   1.5233724e-13   3.3439967e+00   1.0000000e+00   8.2706729e-03
   1.0813941e+05   6.0959839e+02   2.4552981e+01   8.5450425e+00   2.9128752e-14   6.4269641e+02   1.0000000e+00   8.2377351e-03
   8.2253725e+05   1.0000000e-01   1.9714171e-02   1.0122212e-02   7.1953978e-13   1.2983638e-01   1.0000000e+00   8.2363367e-03
   7.8864972e+05   1.8080867e+00   6.3210114e-01   2.0777840e-01   1.6706760e-13   2.6479662e+00   1.0000000e+00   8.2324205e-03
   8.1900864e+05   2.1735568e-01   7.3410326e-02   2.3882355e-02   4.5645707e-13   3.1464837e-01   1.0000000e+00   8.2193276e-03
   7.7556658e+05   1.0000000e-01   1.1071229e-02   1.0001332e-02   8.0306609e-13   1.2107256e-01   1.0000000e+00   8.2119218e-03
   7.8469787e+05   4.7758024e-01   1.3544674e-01   3.7543158e-02   3.2277419e-13   6.5057014e-01   1.0000000e+00   8.1937233e-03
   1.1617781e+05   5.4649303e+02   2.2894303e+01   8.6566472e+00   2.9961766e-14   5.7804398e+02   1.0000000e+00   8.1824472e-03
   1.1432154e+05   4.9750191e+02   2.1535756e+01   6.1570342e+00   3.0693607e-14   5.2519470e+02   1.0000000e+00   8.1817186e-03
   1.1020100e+05   5.1518296e+02   2.4539573e+01   8.4084634e+00   3.0360414e-14   5.4813099e+02   1.0000000e+00   8.1424270e-03
   1.1404494e+05   5.6263051e+02   2.3126691e+01   8.7581852e+00   2.9738877e-14   5.9451539e+02   1.0000000e+00   8.1011261e-03
   1.0745273e+05   5.2950363e+02   2.2758951e+01   7.9265449e+00   3.0187146e-14   5.6018912e+02   1.0000000e+00   8.0682667e-03
   8.0114493e+05   1.0000000e-01   1.2993101e-02   1.0000000e-02   7.7633649e-13   1.2299310e-01   1.0000000e+00   8.0655786e-03
   1.1130843e+05   4.8807736e+02   1.9742663e+01   6.1005065e+00   3.0879744e-14   5.1392053e+02   1.0000000e+00   8.0510577e-03
   1.2426420e+05   3.8309727e+02   1.8593856e+01   5.5717420e+00   3.2832170e-14   4.0726287e+02   1.0000000e+00   8.0499605e-03
   8.4763121e+05   1.0134616e-01   2.8157288e-02   1.1400476e-02   6.7576690e-13   1.4090392e-01   1.0000000e+00   8.0354430e-03
   8.9446556e+04   8.4574794e+02   3.2939700e+01   8.9808485e+00   2.6780658e-14   8.8766849e+02   1.0000000e+00   8.0299985e-03
   2.4416379e+05   1.0998241e+02   8.5496101e+00   3.8840986e+00   4.5495910e-14   1.2241612e+02   1.0000000e+00   7.9734844e-03
   8.0813332e+05   1.2110109e+00   2.9970137e-01   1.0459988e-01   2.0877316e-13   1.6153121e+00   1.0000000e+00   7.9661510e-03
   4.0793340e+05   4.1929340e+01   5.0741382e+00   1.1658827e+00   5.9777443e-14   4.8169361e+01   1.0000000e+00   7.9335719e-03
   8.0456473e+05   1.2648589e+00   4.2915142e-01   8.2887165e-02   2.0032490e-13   1.7768974e+00   1.0000000e+00   7.9262755e-03
   8.2805429e+04   1.0000000e+03   9.5085888e+01   4.1970401e+01   2.5513685e-14   1.1370563e+03   1.0000000e+00   7.9028285e-03
   8.1690728e+05   1.2650031e-01   4.2127451e-02   1.0368717e-02   6.0406346e-13   1.7899647e-01   1.0000000e+00   7.8889140e-03
   1.6517652e+05   3.0147307e+02   1.7249502e+01   4.8857630e+00   3.5019646e-14   3.2360833e+02   1.0000000e+00   7.8869085e-03
   8.7935128e+04   8.5830169e+02   2.9068501e+01   8.9412557e+00   2.6709022e-14   8.9631145e+02   1.0000000e+00   7.8843384e-03
   8.0286594e+05   1.0000000e-01   1.0772147e-02   1.0000000e-02   8.0727113e-13   1.2077215e-01   1.0000000e+00   7.8496722e-03
   8.2254565e+05   1.0000000e-01   2.0282542e-02   1.0128552e-02   7.1638624e-13   1.3041109e-01   1.0000000e+00   7.8351589e-03
   2.7250150e+05   7.3440166e+01   1.0980200e+01   2.4201879e+00   5.0211053e-14   8.6840554e+01   1.0000000e+00   7.8170314e-03
   7.7454628e+05   1.9914415e+00   6.3976962e-01   2.2916261e-01   1.6170964e-13   2.8603737e+00   1.0000000e+00   7.8146909e-03
   2.9417155e+05   9.7317412e+01   9.0010908e+00   2.3618479e+00   4.7334891e-14   1.0868035e+02   1.0000000e+00   7.7817826e-03
   7.8805194e+05   1.6890466e+00   5.0360024e-01   2.3056395e-01   1.7410436e-13   2.4232108e+00   1.0000000e+00   7.7780499e-03
   8.4517092e+05   1.0000000e-01   2.7146305e-02   1.0000000e-02   6.8528119e-13   1.3714631e-01   1.0000000e+00   7.7780191e-03
   7.6284680e+05   5.0828750e-01   1.2426609e-01   5.5396100e-02   3.1672415e-13   6.8794968e-01   1.0000000e+00   7.7597110e-03
   8.1868625e+05   1.0000000e-01   2.5365757e-02   1.0067706e-02   6.9486822e-13   1.3543346e-01   1.0000000e+00   7.7336536e-03
   8.1633603e+05   1.0000000e-01   1.7599688e-02   1.0000000e-02   7.3367404e-13   1.2759969e-01   1.0000000e+00   7.7160169e-03
   8.2345364e+05   1.3081827e-01   3.9658464e-02   1.0000000e-02   6.0094465e-13   1.8047673e-01   1.0000000e+00   7.7101680e-03
   8.2288562e+05   3.3865293e-01   1.0096953e-01   3.6627521e-02   3.7203523e-13   4.7624998e-01   1.0000000e+00   7.7011014e-03
   1.1173741e+05   4.9992680e+02   2.3524207e+01   7.4992838e+00   3.0610693e-14   5.3095029e+02   1.0000000e+00   7.7005525e-03
   8.1615152e+05   1.3990020e+00   5.1214487e-01   1.1375281e-01   1.8783211e-13   2.0248997e+00   1.0000000e+00   7.6958987e-03
   9.1345284e+04   7.7293811e+02   2.7733571e+01   9.9668283e+00   2.7413815e-14   8.1063851e+02   1.0000000e+00   7.6935109e-03
   8.4786079e+05   1.3299144e-01   3.4835109e-02   1.4019635e-02   5.9630302e-13   1.8184619e-01   1.0000000e+00   7.6598402e-03
   8.1966419e+05   1.1564554e-01   3.2812120e-02   1.1010236e-02   6.3868457e-13   1.5946789e-01   1.0000000e+00   7.6475266e-03
   6.8038432e+05   6.1483180e+00   2.0445326e+00   2.3106903e-01   1.0669234e-13   8.4239196e+00   1.0000000e+00   7.6462429e-03
   1.0988273e+05   5.2265721e+02   2.4411832e+01   8.3837161e+00   3.0252696e-14   5.5545276e+02   1.0000000e+00   7.6432053e-03
   8.4893526e+05   1.2730440e-01   3.2536440e-02   1.4088004e-02   6.1028506e-13   1.7392884e-01   1.0000000e+00   7.6409176e-03
   7.6607471e+05   5.0028712e-01   1.2128914e-01   5.2754849e-02   3.1953103e-13   6.7433111e-01   1.0000000e+00   7.6385498e-03
   1.8558795e+05   1.4342156e+02   1.1107299e+01   4.0096108e+00   4.2441299e-14   1.5853847e+02   1.0000000e+00   7.5993629e-03
   2.9194304e+05   5.6594118e+01   1.1075129e+01   2.5545417e+00   5.3688419e-14   7.0223789e+01   1.0000000e+00   7.5902894e-03
   7.2827122e+05   1.8314037e+00   3.9668385e-01   1.4064579e-01   1.7823678e-13   2.3687333e+00   1.0000000e+00   7.5845189e-03
   1.6141718e+05   2.3717019e+02   1.8650147e+01   4.8111403e+00   3.6992472e-14   2.6063148e+02   1.0000000e+00   7.5757225e-03
   8.2552547e+04   1.0000000e+03   9.8026105e+01   3.2283449e+01   2.5516135e-14   1.1303096e+03   1.0000000e+00   7.5738662e-03
   2.2396625e+05   1.1409036e+02   8.2385272e+00   4.5215076e+00   4.5079122e-14   1.2685039e+02   1.0000000e+00   7.5661073e-03
   7.1791470e+05   2.5049632e+00   5.1531895e-01   2.2589627e-01   1.5528529e-13   3.2461784e+00   1.0000000e+00   7.5636011e-03
   2.5583145e+05   1.0611360e+02   8.6574591e+00   3.8949347e+00   4.5923266e-14   1.1866600e+02   1.0000000e+00   7.5420755e-03
   1.0695621e+05   6.2180057e+02   2.9955497e+01   7.8931788e+00   2.8939363e-14   6.5964925e+02   1.0000000e+00   7.5225481e-03
   8.1944748e+05   1.4603552e-01   4.2280474e-02   1.3769124e-02   5.6781705e-13   2.0208511e-01   1.0000000e+00   7.5113210e-03
   8.3375734e+05   1.0000000e-01   3.4564268e-02   1.0006700e-02   6.6811418e-13   1.4457097e-01   1.0000000e+00   7.5112264e-03
   8.2246019e+05   1.0000000e-01   2.1542884e-02   1.0432583e-02   7.0934142e-13   1.3197547e-01   1.0000000e+00   7.5082608e-03
   8.4608236e+05   1.5515357e-01   4.1385429e-02   1.2354034e-02   5.5720252e-13   2.0889303e-01   1.0000000e+00   7.4839561e-03
   8.2152028e+05   3.0994419e-01   9.3353081e-02   3.4767831e-02   3.8774636e-13   4.3806510e-01   1.0000000e+00   7.4670148e-03
   1.0939847e+05   6.0177067e+02   2.6962228e+01   8.2243740e+00   2.9202049e-14   6.3695727e+02   1.0000000e+00   7.4629396e-03
   8.0849370e+05   1.1322278e-01   3.3207160e-02   1.0000389e-02   6.4640570e-13   1.5643033e-01   1.0000000e+00   7.4227204e-03
   1.1021082e+05   5.7439040e+02   2.2086965e+01   9.0717758e+00   2.9583407e-14   6.0554914e+02   1.0000000e+00   7.4102573e-03
   1.4264030e+05   3.1986099e+02   1.6754594e+01   5.0193679e+00   3.4384063e-14   3.4163495e+02   1.0000000e+00   7.4007235e-03
   8.0527873e+04   1.0000000e+03   3.9930544e+01   9.3751318e+00   2.5658747e-14   1.0493057e+03   1.0000000e+00   7.3740516e-03
   9.2207741e+04   7.9387066e+02   2.6507193e+01   9.9573035e+00   2.7244668e-14   8.3033515e+02   1.0000000e+00   7.3515033e-03
   8.2114716e+05   2.6212043e-01   8.2480295e-02   3.2693789e-02   4.1764984e-13   3.7729451e-01   1.0000000e+00   7.3472134e-03
   8.1277585e+05   1.0000000e-01   1.8361272e-02   1.0000000e-02   7.2896375e-13   1.2836127e-01   1.0000000e+00   7.3347258e-03
   7.8626575e+05   4.7167204e-01   1.2929013e-01   3.6494648e-02   3.2602295e-13   6.3745682e-01   1.0000000e+00   7.3327373e-03
   8.0750237e+05   1.6514153e-01   5.6776148e-02   1.0895623e-02   5.3420658e-13   2.3281330e-01   1.0000000e+00   7.3308709e-03
   8.2460663e+05   1.0000000e-01   1.1946079e-02   1.0005464e-02   7.8907431e-13   1.2195154e-01   1.0000000e+00   7.3232073e-03
   1.5815386e+05   3.0614287e+02   1.6527955e+01   5.1174156e+00   3.4834008e-14   3.2778824e+02   1.0000000e+00   7.3209014e-03
   8.1477267e+05   2.6217083e-01   6.6329680e-02   1.5559132e-02   4.4139350e-13   3.4405964e-01   1.0000000e+00   7.3030110e-03
   6.3315331e+05   3.1201523e+00   7.0671756e-01   2.3461017e-01   1.4270551e-13   4.0614800e+00   1.0000000e+00   7.3028428e-03
   1.7670586e+05   2.0385077e+02   1.4668877e+01   3.2940347e+00   3.8622537e-14   2.2181369e+02   1.0000000e+00   7.2812196e-03
   1.0131862e+05   6.1325027e+02   2.5213217e+01   8.0561004e+00   2.9073274e-14   6.4651958e+02   1.0000000e+00   7.2533114e-03
   8.2497118e+05   2.1282347e-01   6.4252975e-02   1.6130942e-02   4.7268358e-13   2.9320739e-01   1.0000000e+00   7.2523099e-03
   8.1593744e+05   1.0000000e-01   1.4011374e-02   1.0000001e-02   7.6426718e-13   1.2401138e-01   1.0000000e+00   7.2178875e-03
   8.1280027e+05   1.4007706e-01   3.8054418e-02   1.3252121e-02   5.8483746e-13   1.9138360e-01   1.0000000e+00   7.1755307e-03
   7.2723201e+05   1.1000544e+01   2.0722779e+00   5.4502165e-01   8.9371585e-14   1.3617844e+01   1.0000000e+00   7.1438679e-03
   1.5633312e+05   3.0964922e+02   1.7175853e+01   4.9923021e+00   3.4711074e-14   3.3181738e+02   1.0000000e+00   7.1402651e-03
   1.2613085e+05   4.1637525e+02   2.1185105e+01   4.7921385e+00   3.2120439e-14   4.4235249e+02   1.0000000e+00   7.1368119e-03
   7.9974726e+05   1.7760409e-01   5.0617954e-02   1.2980259e-02   5.2387948e-13   2.4120231e-01   1.0000000e+00   7.1226916e-03
   8.4619212e+05   1.8374577e-01   5.5652205e-02   1.0000000e-02   5.1482333e-13   2.4939798e-01   1.0000000e+00   7.0875543e-03
   8.2066099e+05   2.6930203e-01   1.0643982e-01   3.3390916e-02   4.0292743e-13   4.0913277e-01   1.0000000e+00   7.0606227e-03
   2.1073967e+05   1.4920033e+02   9.6428313e+00   4.5562085e+00   4.2010758e-14   1.6339937e+02   1.0000000e+00   7.0601922e-03
   1.1131643e+05   4.8376876e+02   1.9862086e+01   6.1401698e+00   3.0947139e-14   5.0977101e+02   1.0000000e+00   7.0553344e-03
   8.2295393e+05   1.3519315e-01   4.8702381e-02   1.0989810e-02   5.7925040e-13   1.9488534e-01   1.0000000e+00   7.0363256e-03
   8.3453796e+05   1.4069264e-01   4.1953993e-02   1.0000000e-02   5.8130961e-13   1.9264663e-01   1.0000000e+00   7.0278220e-03
   7.6317445e+05   6.2577290e-01   2.3262880e-01   5.0469059e-02   2.7740134e-13   9.0887076e-01   1.0000000e+00   7.0236805e-03
   8.0180020e+05   1.7851029e-01   5.4225638e-02   1.3024961e-02   5.1875439e-13   2.4576088e-01   1.0000000e+00   7.0116512e-03
   1.1209651e+05   5.5825702e+02   2.2599264e+01   1.0114448e+01   2.9778301e-14   5.9097073e+02   1.0000000e+00   6.9971078e-03
   1.0852224e+05   6.5050228e+02   2.5914122e+01   7.4173269e+00   2.8692337e-14   6.8383373e+02   1.0000000e+00   6.9621339e-03
   7.5535233e+05   5.0848175e-01   1.6969178e-01   5.0174974e-02   3.0810179e-13   7.2834851e-01   1.0000000e+00   6.9493600e-03
   1.3018880e+05   3.9602297e+02   1.8700625e+01   5.6948881e+00   3.2546953e-14   4.2041848e+02   1.0000000e+00   6.9248993e-03
   8.3116416e+05   2.4572539e-01   6.8821391e-02   2.9749393e-02   4.3631440e-13   3.4429617e-01   1.0000000e+00   6.9208799e-03
   7.7461182e+05   1.9152582e+00   6.2821583e-01   2.2298143e-01   1.6418009e-13   2.7664555e+00   1.0000000e+00   6.9161926e-03
   8.1602607e+05   1.0000000e-01   2.4016542e-02   1.0000000e-02   7.0040130e-13   1.3401654e-01   1.0000000e+00   6.9099459e-03
   8.1493958e+04   1.0000000e+03   4.6556714e+01   2.2117456e+01   2.5596854e-14   1.0686742e+03   1.0000000e+00   6.9030868e-03
   8.2332818e+05   1.2028766e-01   3.8247888e-02   1.0088754e-02   6.2079085e-13   1.6862430e-01   1.0000000e+00   6.8903516e-03
   8.3307330e+05   1.6995137e-01   5.4022761e-02   1.1992506e-02   5.2605574e-13   2.3596663e-01   1.0000000e+00   6.8901135e-03
   8.4536906e+05   1.0000000e-01   2.9344578e-02   1.0000000e-02   6.7866084e-13   1.3934458e-01   1.0000000e+00   6.8557834e-03
   8.2027038e+05   2.1554029e-01   6.9211630e-02   2.5114257e-02   4.5981682e-13   3.0986617e-01   1.0000000e+00   6.8412331e-03
   1.5093331e+05   2.8292453e+02   1.7610786e+01   4.9987731e+00   3.5423472e-14   3.0553409e+02   1.0000000e+00   6.8261750e-03
   4.2883611e+05   3.5043596e+01   4.8222604e+00   1.3058563e+00   6.2390038e-14   4.1171713e+01   1.0000000e+00   6.8085858e-03
   7.1162934e+05   4.3209638e+00   1.3000456e+00   2.8574200e-01   1.2016851e-13   5.9067514e+00   1.0000000e+00   6.7940665e-03
   1.5417547e+05   2.9540278e+02   1.7568018e+01   4.9388756e+00   3.5067454e-14   3.1790967e+02   1.0000000e+00   6.7792652e-03
   1.1233775e+05   5.3270776e+02   2.4751670e+01   7.3450184e+00   3.0117228e-14   5.6480444e+02   1.0000000e+00   6.7708736e-03
   7.7303200e+05   1.0000000e-01   1.1423728e-02   1.0000001e-02   7.9796368e-13   1.2142373e-01   1.0000000e+00   6.7700815e-03
   8.0127288e+05   4.3723420e-01   1.0072772e-01   3.0269658e-02   3.4591296e-13   5.6823158e-01   1.0000000e+00   6.7664918e-03
   8.3348895e+04   1.0000000e+03   7.8954893e+01   2.8741846e+01   2.5535177e-14   1.1076967e+03   1.0000000e+00   6.7548143e-03
   8.2693284e+04   1.0000000e+03   7.8201558e+01   2.6826504e+01   2.5536719e-14   1.1050281e+03   1.0000000e+00   6.7379280e-03
   8.1632771e+05   1.0000000e-01   1.5327768e-02   1.0294435e-02   7.5092117e-13   1.2562220e-01   1.0000000e+00   6.7325360e-03
   8.0020386e+05   1.0000000e-01   1.0559904e-02   1.0000000e-02   8.1085093e-13   1.2055990e-01   1.0000000e+00   6.7300073e-03
   9.6962724e+04   7.4226220e+02   2.6554101e+01   7.7096586e+00   2.7725824e-14   7.7652596e+02   1.0000000e+00   6.7174718e-03
   8.1871283e+05   2.4522488e-01   8.5766531e-02   2.3238625e-02   4.3083851e-13   3.5423003e-01   1.0000000e+00   6.6994941e-03
   8.4773156e+05   1.2495956e-01   3.2570079e-02   1.4076616e-02   6.1411934e-13   1.7160625e-01   1.0000000e+00   6.6954224e-03
   1.2386290e+05   3.9342281e+02   1.8347497e+01   5.6255318e+00   3.2614383e-14   4.1739584e+02   1.0000000e+00   6.6714237e-03
   8.3541789e+04   8.9254722e+02   2.9523387e+01   8.2770742e+00   2.6459370e-14   9.3034768e+02   1.0000000e+00   6.6688361e-03
   8.3085465e+05   2.2684960e-01   6.5617348e-02   1.5521227e-02   4.6189362e-13   3.0798817e-01   1.0000000e+00   6.6276155e-03
   8.0806529e+05   1.0216987e+00   2.7994889e-01   1.1049649e-01   2.2177204e-13   1.4121440e+00   1.0000000e+00   6.6275297e-03
   4.1376900e+05   4.3140246e+01   7.2279721e+00   1.0523114e+00   5.8806749e-14   5.1420529e+01   1.0000000e+00   6.6261501e-03
   8.5908851e+04   9.5409095e+02   3.0880829e+01   9.0035869e+00   2.6013166e-14   9.9397536e+02   1.0000000e+00   6.6203865e-03
   7.6844768e+05   5.3022874e-01   1.6035047e-01   5.5174481e-02   3.0314290e-13   7.4575370e-01   1.0000000e+00   6.6172563e-03
   8.4611078e+05   1.4629823e-01   4.6549339e-02   1.0237499e-02   5.6516720e-13   2.0308506e-01   1.0000000e+00   6.5985727e-03
   2.9091068e+05   7.9374615e+01   8.4015707e+00   2.5660378e+00   4.9532287e-14   9.0342223e+01   1.0000000e+00   6.5838810e-03
   7.9257754e+05   7.4797761e-01   2.0327579e-01   6.3037851e-02   2.6013033e-13   1.0142912e+00   1.0000000e+00   6.5833334e-03
   8.0456091e+05   1.5386466e-01   5.3807291e-02   1.6526236e-02   5.4197107e-13   2.2419819e-01   1.0000000e+00   6.5744789e-03
   9.1079198e+04   8.8978782e+02   3.0098550e+01   7.3426248e+00   2.6501669e-14   9.2722900e+02   1.0000000e+00   6.5598229e-03
   8.6498358e+04   9.2380191e+02   3.1785988e+01   9.8090033e+00   2.6206087e-14   9.6539690e+02   1.0000000e+00   6.5466181e-03
   1.4160110e+05   2.8071116e+02   1.7761519e+01   4.9014493e+00   3.5528718e-14   3.0337413e+02   1.0000000e+00   6.5396086e-03
   1.1197126e+05   4.9204848e+02   2.0536240e+01   6.4891759e+00   3.0792579e-14   5.1907390e+02   1.0000000e+00   6.5390006e-03
   2.9487867e+05   5.4995665e+01   6.9635433e+00   1.5221567e+00   5.4923662e-14   6.3481365e+01   1.0000000e+00   6.5276153e-03
   1.3375738e+05   3.5872814e+02   1.7075845e+01   5.1301947e+00   3.3406676e-14   3.8093418e+02   1.0000000e+00   6.5256956e-03
   8.2137528e+05   2.2982909e-01   8.3355972e-02   2.0505505e-02   4.4392602e-13   3.3369057e-01   1.0000000e+00   6.5204333e-03
   8.2107709e+05   2.9571698e-01   1.0181005e-01   3.2907638e-02   3.9126720e-13   4.3043468e-01   1.0000000e+00   6.5196343e-03
   8.1449679e+05   1.5579363e-01   5.1939086e-02   1.2484955e-02   5.4564374e-13   2.2021767e-01   1.0000000e+00   6.5140904e-03
   9.2939145e+04   7.5730131e+02   2.8663332e+01   7.0779157e+00   2.7571436e-14   7.9304256e+02   1.0000000e+00   6.4920543e-03
   8.4669694e+05   1.8111633e-01   4.2465953e-02   1.8370839e-02   5.2039489e-13   2.4195312e-01   1.0000000e+00   6.4478451e-03
   1.0391182e+05   6.6256978e+02   2.6712924e+01   7.4937434e+00   2.8523463e-14   6.9677645e+02   1.0000000e+00   6.4386772e-03
   1.6588055e+05   2.0857089e+02   1.1691284e+01   4.9136888e+00   3.8484116e-14   2.2517586e+02   1.0000000e+00   6.4191281e-03
   8.7059674e+04   9.1932099e+02   3.2276514e+01   9.6462431e+00   2.6236843e-14   9.6124375e+02   1.0000000e+00   6.4085767e-03
   7.9258260e+05   7.3350018e-01   2.1671614e-01   7.7998792e-02   2.5824111e-13   1.0282151e+00   1.0000000e+00   6.3855451e-03
   1.5638544e+05   2.2861814e+02   1.3129552e+01   4.8740876e+00   3.7553649e-14   2.4662178e+02   1.0000000e+00   6.3737605e-03
   7.8860122e+05   3.9566004e+00   9.3753985e-01   2.3464332e-01   1.2680009e-13   5.1287835e+00   1.0000000e+00   6.3704324e-03
   8.2801866e+04   9.9996807e+02   9.6734173e+01   4.7519585e+01   2.5510957e-14   1.1442218e+03   1.0000000e+00   6.3470650e-03
   7.6123049e+05   6.5270783e-01   2.1265208e-01   5.4459465e-02   2.7477403e-13   9.1981937e-01   1.0000000e+00   6.3360305e-03
   1.0222923e+05   6.7137485e+02   2.8196938e+01   8.4816730e+00   2.8400302e-14   7.0805346e+02   1.0000000e+00   6.3321325e-03
   3.9655718e+05   4.7324321e+01   7.0656919e+00   1.2083930e+00   5.7359305e-14   5.5598406e+01   1.0000000e+00   6.3155559e-03
   7.6519265e+05   5.6446727e-01   2.1269106e-01   4.3125592e-02   2.9165183e-13   8.2028392e-01   1.0000000e+00   6.3039861e-03
   7.5212882e+05   2.6943754e+00   6.3938284e-01   1.7635911e-01   1.4888468e-13   3.5101174e+00   1.0000000e+00   6.2799028e-03
   1.0571295e+05   5.6962495e+02   2.2991606e+01   7.7380995e+00   2.9638349e-14   6.0035465e+02   1.0000000e+00   6.2731283e-03
   8.7689902e+04   8.7421049e+02   2.7228130e+01   7.9269284e+00   2.6613005e-14   9.0936555e+02   1.0000000e+00   6.2310421e-03
   8.4541434e+05   1.0000000e-01   2.4502377e-02   1.1353247e-02   6.9183390e-13   1.3585562e-01   1.0000000e+00   6.2013262e-03
   7.7688634e+05   1.0000000e-01   1.2808621e-02   1.0000000e-02   7.7984199e-13   1.2280862e-01   1.0000000e+00   6.1980412e-03
   1.9662111e+05   1.4869484e+02   1.4360953e+01   2.9469541e+00   4.1839824e-14   1.6600275e+02   1.0000000e+00   6.1924948e-03
   8.0400067e+05   1.9446771e-01   5.2570476e-02   2.6126957e-02   4.9349012e-13   2.7316515e-01   1.0000000e+00   6.1905348e-03
   7.9638659e+05   7.6405966e-01   2.3876953e-01   7.9443788e-02   2.5174493e-13   1.0822730e+00   1.0000000e+00   6.1845678e-03
   7.9748509e+05   1.3417790e+00   4.4406117e-01   8.0188543e-02   1.9650742e-13   1.8660287e+00   1.0000000e+00   6.1754804e-03
   1.1104075e+05   5.3568697e+02   2.4948462e+01   7.3985759e+00   3.0071423e-14   5.6803400e+02   1.0000000e+00   6.1445335e-03
   7.6684215e+05   5.4412990e-01   1.6587577e-01   6.0988320e-02   2.9863820e-13   7.7099398e-01   1.0000000e+00   6.1414268e-03
   1.7103408e+05   2.3826305e+02   1.3547587e+01   4.4548668e+00   3.7158685e-14   2.5626551e+02   1.0000000e+00   6.1317758e-03
   1.1136575e+05   5.7888471e+02   2.3384295e+01   8.1310472e+00   2.9525696e-14   6.1040005e+02   1.0000000e+00   6.1284538e-03
   9.1335010e+04   7.4469737e+02   2.8656092e+01   6.9310412e+00   2.7693445e-14   7.8028450e+02   1.0000000e+00   6.1224312e-03
   1.2692230e+05   4.4903931e+02   2.1778702e+01   5.4944330e+00   3.1517484e-14   4.7631245e+02   1.0000000e+00   6.1216113e-03
   8.0307009e+05   1.8765772e-01   5.6116305e-02   1.5295567e-02   5.0445619e-13   2.5906960e-01   1.0000000e+00   6.1169662e-03
   7.9968524e+05   1.7196402e+00   3.7582778e-01   1.3745078e-01   1.8114423e-13   2.2329187e+00   1.0000000e+00   6.1103546e-03
   8.1430199e+05   1.3408816e-01   4.4814307e-02   1.1003910e-02   5.8701466e-13   1.8990638e-01   1.0000000e+00   6.0953221e-03
   8.1789153e+05   1.0014506e-01   1.9203102e-02   1.0000000e-02   7.2293611e-13   1.2934816e-01   1.0000000e+00   6.0313706e-03
   1.2832957e+05   3.7718352e+02   1.8913364e+01   5.6202979e+00   3.2939091e-14   4.0171719e+02   1.0000000e+00   6.0311578e-03
   1.1873560e+05   4.5903772e+02   2.1533168e+01   5.4018024e+00   3.1328684e-14   4.8597270e+02   1.0000000e+00   6.0292460e-03
   8.2089378e+05   2.2246123e-01   8.0322976e-02   2.3863621e-02   4.4837115e-13   3.2664783e-01   1.0000000e+00   6.0181533e-03
   8.1440149e+05   1.5437357e-01   5.2603944e-02   1.1371644e-02   5.4896429e-13   2.1834916e-01   1.0000000e+00   6.0177055e-03
   6.6746657e+05   9.7713310e+00   1.4742638e+00   4.9194962e-01   9.4396187e-14   1.1737544e+01   1.0000000e+00   6.0026613e-03
   7.8825869e+05   1.0000000e-01   1.0125010e-02   1.0000000e-02   8.1854133e-13   1.2012501e-01   1.0000000e+00   5.9606397e-03
   7.6807591e+05   5.1534838e-01   1.6300096e-01   5.9903125e-02   3.0507437e-13   7.3825247e-01   1.0000000e+00   5.9567623e-03
   8.6484103e+04   9.7061226e+02   3.2424575e+01   9.5961256e+00   2.5896203e-14   1.0126330e+03   1.0000000e+00   5.9559722e-03
   8.0304235e+05   6.8062995e-01   2.8121177e-01   4.5596794e-02   2.6346306e-13   1.0074385e+00   1.0000000e+00   5.9518855e-03
   2.9652441e+05   8.9049993e+01   8.9727464e+00   2.4027706e+00   4.8255437e-14   1.0042551e+02   1.0000000e+00   5.9491018e-03
   9.7605288e+04   6.9323785e+02   2.8548008e+01   6.7358853e+00   2.8186746e-14   7.2852174e+02   1.0000000e+00   5.9425429e-03
   8.2174501e+05   1.0000000e-01   1.7410284e-02   1.0581108e-02   7.3332626e-13   1.2799139e-01   1.0000000e+00   5.9230957e-03
   9.2552174e+04   7.8962704e+02   2.6488125e+01   9.9415722e+00   2.7281275e-14   8.2605674e+02   1.0000000e+00   5.9201639e-03
   8.1892175e+05   2.6247215e-01   8.3148212e-02   2.2782563e-02   4.2232177e-13   3.6840293e-01   1.0000000e+00   5.9078150e-03
   8.2068845e+05   2.6890952e-01   1.0594168e-01   3.2965600e-02   4.0346629e-13   4.0781681e-01   1.0000000e+00   5.8783623e-03
   2.9693760e+05   5.2989898e+01   6.8384767e+00   1.3924768e+00   5.5555175e-14   6.1220852e+01   1.0000000e+00   5.8772048e-03
   1.7152279e+05   1.8558366e+02   1.1556354e+01   3.8072735e+00   3.9702119e-14   2.0094729e+02   1.0000000e+00   5.8757964e-03
   8.2336989e+05   1.0000000e-01   2.7095809e-02   1.0000000e-02   6.8857039e-13   1.3709581e-01   1.0000000e+00   5.8543143e-03
   8.4533197e+05   1.0000000e-01   1.2492910e-02   1.0000000e-02   7.8126563e-13   1.2249291e-01   1.0000000e+00   5.8485890e-03
   1.1761100e+05   4.6810804e+02   2.1516530e+01   5.9361886e+00   3.1165087e-14   4.9556076e+02   1.0000000e+00   5.8384299e-03
   3.2259022e+05   7.2885959e+01   7.1922244e+00   3.0497259e+00   5.0903595e-14   8.3127909e+01   1.0000000e+00   5.8379143e-03
   1.0794636e+05   5.9775230e+02   2.2737141e+01   8.4767694e+00   2.9288676e-14   6.2896621e+02   1.0000000e+00   5.8285813e-03
   8.2190576e+05   1.0000000e-01   2.2740469e-02   1.0441220e-02   7.0391093e-13   1.3318169e-01   1.0000000e+00   5.8272525e-03
   2.2408238e+05   1.0216240e+02   8.2569867e+00   4.4201704e+00   4.6405221e-14   1.1483956e+02   1.0000000e+00   5.8235350e-03
   8.1497965e+04   9.3588780e+02   3.1504408e+01   9.7530579e+00   2.6127214e-14   9.7714526e+02   1.0000000e+00   5.8221448e-03
   9.8901013e+04   6.6654251e+02   2.9565596e+01   6.8118783e+00   2.8452633e-14   7.0291998e+02   1.0000000e+00   5.8085017e-03
   8.3597458e+04   8.6999753e+02   3.2322435e+01   9.0441841e+00   2.6608154e-14   9.1136415e+02   1.0000000e+00   5.8033967e-03
   1.5216927e+05   2.4778892e+02   1.8278018e+01   4.5981197e+00   3.6634198e-14   2.7066505e+02   1.0000000e+00   5.7973785e-03
   1.5283784e+05   2.5322744e+02   1.9064860e+01   4.8503274e+00   3.6396332e-14   2.7714263e+02   1.0000000e+00   5.7973001e-03
   8.4771634e+05   1.1695653e-01   3.0272952e-02   1.3902982e-02   6.3417461e-13   1.6113246e-01   1.0000000e+00   5.7951737e-03
   7.9376449e+04   1.0000000e+03   5.9018284e+01   2.3514204e+01   2.5573613e-14   1.0825325e+03   1.0000000e+00   5.7873511e-03
   8.2577952e+05   2.0346309e-01   5.9554801e-02   1.5056120e-02   4.8539844e-13   2.7807401e-01   1.0000000e+00   5.7754326e-03
   8.1899316e+05   2.6210379e-01   9.3676187e-02   2.4168837e-02   4.1648608e-13   3.7994881e-01   1.0000000e+00   5.7634706e-03
   8.1899389e+05   2.2279918e-01   7.3250176e-02   2.4044489e-02   4.5245986e-13   3.2009384e-01   1.0000000e+00   5.7628272e-03
   7.6427783e+05   4.4505931e-01   1.2606110e-01   5.0050404e-02   3.3192540e-13   6.2117082e-01   1.0000000e+00   5.7488035e-03
   8.2272454e+05   1.0000000e-01   3.8188758e-02   1.3643219e-02   6.5710930e-13   1.5183198e-01   1.0000000e+00   5.7457238e-03
   7.6439785e+05   6.1488624e-01   2.3030450e-01   4.5875847e-02   2.8034085e-13   8.9106659e-01   1.0000000e+00   5.7101346e-03
   9.2713879e+04   7.5228540e+02   3.0035855e+01   6.8843680e+00   2.7609283e-14   7.8920562e+02   1.0000000e+00   5.7010206e-03
   8.2262927e+04   1.0000000e+03   9.3381049e+01   4.1489343e+01   2.5515015e-14   1.1348704e+03   1.0000000e+00   5.7010137e-03
   8.3279204e+04   1.0000000e+03   9.3903686e+01   3.2005875e+01   2.5519806e-14   1.1259096e+03   1.0000000e+00   5.6953397e-03
   7.6853352e+05   5.4040498e-01   1.6457159e-01   5.8379420e-02   2.9982834e-13   7.6335599e-01   1.0000000e+00   5.6852646e-03
   8.1602613e+05   1.0000000e-01   1.3609704e-02   1.0000000e-02   7.6858542e-13   1.2360970e-01   1.0000000e+00   5.6821841e-03
   8.1957765e+05   1.1628504e-01   3.2834427e-02   1.0992293e-02   6.3747689e-13   1.6011176e-01   1.0000000e+00   5.6719716e-03
   9.7710662e+04   7.3716796e+02   2.7097388e+01   8.1713403e+00   2.7764727e-14   7.7243669e+02   1.0000000e+00   5.6562638e-03
   8.2296350e+05   1.2467411e-01   3.1419773e-02   1.1969779e-02   6.2378466e-13   1.6806366e-01   1.0000000e+00   5.6451705e-03
   7.6519269e+05   5.7790331e-01   2.1165009e-01   6.1824188e-02   2.8571380e-13   8.5137759e-01   1.0000000e+00   5.6285665e-03
   8.2701879e+04   9.9988697e+02   9.6539217e+01   5.3513584e+01   2.5510045e-14   1.1499398e+03   1.0000000e+00   5.6279691e-03
   1.0451595e+05   6.3499840e+02   2.3152159e+01   7.9210745e+00   2.8853060e-14   6.6607163e+02   1.0000000e+00   5.6234278e-03
   2.2700566e+05   1.2681408e+02   1.5208105e+01   4.5513062e+00   4.3355471e-14   1.4657349e+02   1.0000000e+00   5.5648331e-03
   1.1875187e+05   4.3204584e+02   2.2170888e+01   5.2076347e+00   3.1805441e-14   4.5942437e+02   1.0000000e+00   5.5634543e-03
   8.0305245e+05   3.8983001e-01   1.0688429e-01   3.4619097e-02   3.5456162e-13   5.3133339e-01   1.0000000e+00   5.5375443e-03
   8.6746280e+04   9.2752723e+02   3.1561980e+01   9.8259022e+00   2.6182924e-14   9.6891511e+02   1.0000000e+00   5.5189266e-03
   1.2567907e+05   4.1012637e+02   2.0917950e+01   4.7072181e+00   3.2247274e-14   4.3575154e+02   1.0000000e+00   5.4479318e-03
   8.1375327e+04   9.8519083e+02   4.1475279e+01   1.8354750e+01   2.5714696e-14   1.0450209e+03   1.0000000e+00   5.4365019e-03
   1.3413031e+05   3.5614254e+02   1.7039606e+01   5.0560248e+00   3.3469875e-14   3.7823817e+02   1.0000000e+00   5.4317070e-03
   8.2492762e+04   1.0000000e+03   9.9816833e+01   7.8180069e+01   2.5503367e-14   1.1779969e+03   1.0000000e+00   5.4075426e-03
   8.0923756e+04   9.9999749e+02   6.2432382e+01   2.5634685e+01   2.5559706e-14   1.0880646e+03   1.0000000e+00   5.4038430e-03
   9.7507738e+04   6.3978229e+02   2.7093388e+01   7.7066874e+00   2.8762455e-14   6.7458237e+02   1.0000000e+00   5.4023131e-03
   7.9325348e+05   8.0342644e-01   2.3292617e-01   8.0722670e-02   2.4816632e-13   1.1170753e+00   1.0000000e+00   5.4014856e-03
   8.3138790e+04   9.9999894e+02   9.1285799e+01   3.2288986e+01   2.5521399e-14   1.1235737e+03   1.0000000e+00   5.3882013e-03
   7.6630764e+05   5.6649632e-01   2.1643780e-01   5.9172629e-02   2.8755471e-13   8.4210675e-01   1.0000000e+00   5.3757569e-03
   8.1436213e+05   1.3264663e-01   4.4480752e-02   1.1009374e-02   5.8968306e-13   1.8813676e-01   1.0000000e+00   5.3730214e-03
   1.4119688e+05   3.6479058e+02   1.9516690e+01   6.8861294e+00   3.3200079e-14   3.9119340e+02   1.0000000e+00   5.3613731e-03
   8.1606535e+05   1.0000000e-01   1.4438190e-02   1.0000000e-02   7.5990546e-13   1.2443819e-01   1.0000000e+00   5.3545337e-03
   4.1383063e+05   4.5616953e+01   6.9576472e+00   1.0618417e+00   5.8179674e-14   5.3636442e+01   1.0000000e+00   5.3483479e-03
   8.7480102e+04   8.6038446e+02   2.9384881e+01   8.7691440e+00   2.6691972e-14   8.9853848e+02   1.0000000e+00   5.3447588e-03
   2.4616711e+05   8.6392146e+01   9.6353668e+00   1.8128086e+00   4.8514641e-14   9.7840321e+01   1.0000000e+00   5.3427482e-03
   8.0421733e+05   1.9696840e-01   5.4393258e-02   2.6026919e-02   4.8930883e-13   2.7738858e-01   1.0000000e+00   5.3292865e-03
   8.2838377e+04   1.0000000e+03   9.9300836e+01   6.7671086e+01   2.5505056e-14   1.1669719e+03   1.0000000e+00   5.3283600e-03
   7.7025390e+05   7.4851822e+00   1.6073295e+00   5.6532891e-01   9.9712166e-14   9.6578406e+00   1.0000000e+00   5.3129425e-03
   9.7600287e+04   7.0175564e+02   2.6408926e+01   8.2425577e+00   2.8103058e-14   7.3640713e+02   1.0000000e+00   5.3015797e-03
   8.2820810e+04   9.9798764e+02   5.9062543e+01   2.1847631e+01   2.5581348e-14   1.0788978e+03   1.0000000e+00   5.2941226e-03
   1.1377326e+05   4.9406368e+02   2.1238985e+01   6.1691949e+00   3.0751255e-14   5.2147186e+02   1.0000000e+00   5.2937431e-03
   7.7726513e+05   1.0000000e-01   1.0974808e-02   1.0000027e-02   8.0449455e-13   1.2097484e-01   1.0000000e+00   5.2874302e-03
   8.2613233e+04   1.0000000e+03   9.7043137e+01   5.4185145e+01   2.5508816e-14   1.1512283e+03   1.0000000e+00   5.2749225e-03
   1.7408329e+05   1.3641272e+02   1.1879949e+01   3.9285168e+00   4.3229261e-14   1.5222119e+02   1.0000000e+00   5.2746800e-03
   1.0150137e+05   6.3469065e+02   2.5998183e+01   8.1638771e+00   2.8814748e-14   6.6885271e+02   1.0000000e+00   5.2642686e-03
   8.0424629e+05   1.9494681e-01   5.5755157e-02   2.6070189e-02   4.8963609e-13   2.7677215e-01   1.0000000e+00   5.2608890e-03
   1.7193187e+05   2.0102705e+02   1.2065297e+01   3.9982800e+00   3.8844285e-14   2.1709062e+02   1.0000000e+00   5.2571726e-03
   8.2649552e+05   1.9342201e-01   5.7294350e-02   1.5533025e-02   4.9516615e-13   2.6624938e-01   1.0000000e+00   5.2513691e-03
   1.5216945e+05   2.4781312e+02   1.8218606e+01   4.6011342e+00   3.6634589e-14   2.7063286e+02   1.0000000e+00   5.2448295e-03
   7.9178745e+05   9.6342874e-01   2.4181583e-01   7.7421602e-02   2.3320177e-13   1.2826662e+00   1.0000000e+00   5.2349376e-03
   8.2882198e+04   1.0000000e+03   1.0000000e+02   7.9623350e+01   2.5503211e-14   1.1796234e+03   1.0000000e+00   5.2285817e-03
   4.0651032e+05   3.5353443e+01   4.9814390e+00   1.1588913e+00   6.2191430e-14   4.1493773e+01   1.0000000e+00   5.2274596e-03
   8.2263743e+04   9.6717986e+02   3.1991847e+01   8.6794220e+00   2.5914799e-14   1.0078511e+03   1.0000000e+00   5.2223173e-03
   8.2496795e+05   2.1812400e-01   6.4377689e-02   1.6109845e-02   4.6871067e-13   2.9861153e-01   1.0000000e+00   5.2096733e-03
   8.0308880e+05   3.7772400e-01   1.0862606e-01   3.5125348e-02   3.5753794e-13   5.2147540e-01   1.0000000e+00   5.2088098e-03
   1.7912375e+05   1.9389593e+02   1.2000047e+01   3.8772843e+00   3.9200175e-14   2.0977327e+02   1.0000000e+00   5.2047112e-03
   8.1297154e+05   1.4667192e-01   3.9555793e-02   1.2269721e-02   5.7472243e-13   1.9849743e-01   1.0000000e+00   5.2008419e-03
   7.6519254e+05   5.7370412e-01   1.8076631e-01   6.7032920e-02   2.8996922e-13   8.2150335e-01   1.0000000e+00   5.1699225e-03
   7.7324785e+05   1.0000000e-01   1.1442827e-02   1.0000000e-02   7.9768191e-13   1.2144283e-01   1.0000000e+00   5.1685888e-03
   8.1620473e+05   1.0000000e-01   1.4573415e-02   1.0213638e-02   7.5813156e-13   1.2478705e-01   1.0000000e+00   5.1683130e-03
   1.1027722e+05   5.5058705e+02   2.4163183e+01   6.6778705e+00   2.9888553e-14   5.8142810e+02   1.0000000e+00   5.1477933e-03
   8.1871108e+05   2.2404571e-01   7.7197801e-02   2.4798739e-02   4.4870729e-13   3.2604225e-01   1.0000000e+00   5.1464406e-03
   9.5943713e+04   7.8664547e+02   2.6199173e+01   8.5979412e+00   2.7334779e-14   8.2144258e+02   1.0000000e+00   5.1149696e-03
   9.5558321e+04   6.9759431e+02   2.6052843e+01   7.5696717e+00   2.8156090e-14   7.3121682e+02   1.0000000e+00   5.1047248e-03
   2.9507990e+05   5.3700169e+01   1.1131703e+01   2.4809344e+00   5.4455497e-14   6.7312807e+01   1.0000000e+00   5.0871573e-03
   8.0462318e+04   1.0000000e+03   4.9851070e+01   2.4634032e+01   2.5587079e-14   1.0744851e+03   1.0000000e+00   5.0749554e-03
   1.7422702e+05   2.2340188e+02   1.3222128e+01   4.5261977e+00   3.7759742e-14   2.4115020e+02   1.0000000e+00   5.0364330e-03
   8.2454648e+05   1.0000000e-01   1.2279633e-02   1.0000000e-02   7.8449318e-13   1.2227963e-01   1.0000000e+00   5.0337886e-03
   8.1957586e+05   2.2192400e-01   7.3469657e-02   2.3394066e-02   4.5328575e-13   3.1878772e-01   1.0000000e+00   5.0304699e-03
   1.7470388e+05   1.9806044e+02   1.1981552e+01   3.5903121e+00   3.9014734e-14   2.1363231e+02   1.0000000e+00   5.0304639e-03
   1.6371440e+05   2.6887096e+02   1.5220663e+01   5.4717832e+00   3.5968979e-14   2.8956340e+02   1.0000000e+00   5.0140745e-03
   8.4900320e+05   1.2816159e-01   3.3165229e-02   1.4197756e-02   6.0721559e-13   1.7552457e-01   1.0000000e+00   5.0090276e-03
   7.6288850e+05   6.5104134e-01   1.9889428e-01   9.5814837e-02   2.7238689e-13   9.4575046e-01   1.0000000e+00   5.0087775e-03
   8.4980713e+05   1.4603823e-01   3.5452618e-02   1.4822405e-02   5.7571589e-13   1.9631326e-01   1.0000000e+00   5.0021768e-03
   8.4652888e+05   2.1188796e-01   6.8016448e-02   1.5472840e-02   4.6922160e-13   2.9537725e-01   1.0000000e+00   4.9998802e-03
   8.9317313e+04   7.1594946e+02   2.6225349e+01   9.2364526e+00   2.7990507e-14   7.5141126e+02   1.0000000e+00   4.9998665e-03
   6.4382396e+05   3.1122095e+00   5.6861652e-01   2.3762183e-01   1.4537094e-13   3.9184479e+00   1.0000000e+00   4.9958359e-03
   1.3355301e+05   3.2272766e+02   1.6792714e+01   4.7469944e+00   3.4338052e-14   3.4426737e+02   1.0000000e+00   4.9827327e-03
   8.1961513e+04   9.6006921e+02   3.2687992e+01   8.7535037e+00   2.5958112e-14   1.0015107e+03   1.0000000e+00   4.9715042e-03
   8.2665131e+04   1.0000000e+03   1.0000000e+02   6.1572490e+01   2.5505469e-14   1.1615725e+03   1.0000000e+00   4.9453723e-03
   6.5304401e+05   1.2920201e+01   1.5364009e+00   6.6103165e-01   8.7653437e-14   1.5117634e+01   1.0000000e+00   4.9293301e-03
   1.0075388e+05   6.5832941e+02   2.8665226e+01   8.4143184e+00   2.8528401e-14   6.9540896e+02   1.0000000e+00   4.9225186e-03
   9.7469908e+04   6.3804152e+02   2.6696702e+01   7.5773685e+00   2.8787952e-14   6.7231559e+02   1.0000000e+00   4.9047111e-03
   8.1578015e+05   1.0000000e-01   1.3485824e-02   1.0011691e-02   7.6995300e-13   1.2349752e-01   1.0000000e+00   4.9040819e-03
   7.0332077e+05   1.8860477e+00   6.3539914e-01   1.2634961e-01   1.7064786e-13   2.6477964e+00   1.0000000e+00   4.8983511e-03
   7.9282758e+05   1.6423324e+00   3.3497913e-01   1.8961597e-01   1.8482412e-13   2.1669275e+00   1.0000000e+00   4.8945342e-03
   7.1141757e+05   4.4960772e-01   1.1300096e-01   3.4713946e-02   3.4327496e-13   5.9732263e-01   1.0000000e+00   4.8784115e-03
   7.4817164e+05   1.2807069e+00   4.1372807e-01   1.2458220e-01   1.9962515e-13   1.8190172e+00   1.0000000e+00   4.8751647e-03
   1.3706046e+05   2.9595024e+02   1.7758202e+01   5.0881591e+00   3.5067076e-14   3.1879660e+02   1.0000000e+00   4.8729011e-03
   8.2330847e+05   1.0906320e-01   3.4666043e-02   1.0000000e-02   6.4945839e-13   1.5372924e-01   1.0000000e+00   4.8709051e-03
   9.7821490e+04   7.0634092e+02   2.8711675e+01   6.8969948e+00   2.8054131e-14   7.4194959e+02   1.0000000e+00   4.8560391e-03
   2.9683314e+05   8.3479320e+01   9.1732493e+00   2.4273798e+00   4.8914104e-14   9.5079949e+01   1.0000000e+00   4.8389109e-03
   2.1423039e+05   1.5303182e+02   1.4044775e+01   2.9968550e+00   4.1568618e-14   1.7007345e+02   1.0000000e+00   4.8329550e-03
   8.2542394e+04   1.0000000e+03   9.7749131e+01   4.6817294e+01   2.5510184e-14   1.1445664e+03   1.0000000e+00   4.8302178e-03
   7.3109790e+05   1.3826813e+00   4.1463290e-01   1.4135364e-01   1.9454440e-13   1.9386678e+00   1.0000000e+00   4.8205185e-03
   1.2772807e+05   3.7886997e+02   1.8731363e+01   5.9126500e+00   3.2900668e-14   4.0351398e+02   1.0000000e+00   4.8180265e-03
   8.6519882e+04   8.5012209e+02   2.3454892e+01   9.0442739e+00   2.6825781e-14   8.8262126e+02   1.0000000e+00   4.8093816e-03
   7.6432159e+05   5.9889982e-01   2.2770981e-01   4.6611276e-02   2.8309905e-13   8.7322091e-01   1.0000000e+00   4.7900419e-03
   9.1937881e+04   7.9708345e+02   3.0421981e+01   7.1517262e+00   2.7211245e-14   8.3465715e+02   1.0000000e+00   4.7899921e-03
   2.9982854e+05   8.1734807e+01   8.8554113e+00   2.5352376e+00   4.9196226e-14   9.3125456e+01   1.0000000e+00   4.7785002e-03
   9.9820206e+04   6.2620621e+02   2.2898053e+01   8.2048544e+00   2.8950243e-14   6.5730912e+02   1.0000000e+00   4.7656585e-03
   7.5089629e+05   2.8771747e+00   6.6756574e-01   1.2770027e-01   1.4756328e-13   3.6724407e+00   1.0000000e+00   4.7628387e-03
   8.0042538e+05   1.0000000e-01   1.8816863e-02   1.0000000e-02   7.2749331e-13   1.2881686e-01   1.0000000e+00   4.7591814e-03
   1.1261188e+05   5.5548188e+02   2.2824228e+01   8.0622366e+00   2.9831573e-14   5.8636835e+02   1.0000000e+00   4.7522763e-03
   3.3979983e+05   7.0859096e+01   7.7365822e+00   2.9424473e+00   5.1292512e-14   8.1538126e+01   1.0000000e+00   4.7453289e-03
   7.9642978e+05   1.0233377e+01   3.1171530e+00   2.5306570e-01   9.2318185e-14   1.3603596e+01   1.0000000e+00   4.7443318e-03
   9.7334895e+04   7.0572181e+02   2.6483407e+01   8.4512988e+00   2.8061147e-14   7.4065651e+02   1.0000000e+00   4.7423888e-03
   8.0720500e+05   1.6428494e-01   5.6803974e-02   1.0898323e-02   5.3518363e-13   2.3198723e-01   1.0000000e+00   4.7418872e-03
   7.9257776e+05   7.3871389e-01   2.3787372e-01   7.8946624e-02   2.5507943e-13   1.0555342e+00   1.0000000e+00   4.7378617e-03
   8.1808362e+05   2.4136978e-01   8.4000090e-02   2.3351661e-02   4.3416729e-13   3.4872153e-01   1.0000000e+00   4.7142567e-03
   7.8035802e+05   1.3743134e+01   2.6723304e+00   4.3400869e-01   8.5443341e-14   1.6849473e+01   1.0000000e+00   4.6949549e-03
   8.0924646e+04   1.0000000e+03   6.2031481e+01   2.5718495e+01   2.5560255e-14   1.0877500e+03   1.0000000e+00   4.6895787e-03
   2.4453756e+05   9.2533177e+01   9.9513609e+00   1.8412880e+00   4.7617838e-14   1.0432583e+02   1.0000000e+00   4.6891638e-03
   8.3665386e+04   8.6902984e+02   2.5977652e+01   8.2731053e+00   2.6668479e-14   9.0328059e+02   1.0000000e+00   4.6369711e-03
   9.0072470e+04   8.0695749e+02   2.6843014e+01   1.0370521e+01   2.7127971e-14   8.4417103e+02   1.0000000e+00   4.6294309e-03
   2.4202694e+05   1.2506681e+02   1.4656385e+01   4.5450407e+00   4.3586209e-14   1.4426824e+02   1.0000000e+00   4.6283620e-03
   8.9754051e+04   8.4917285e+02   2.3291580e+01   8.8378172e+00   2.6838985e-14   8.8130225e+02   1.0000000e+00   4.6268108e-03
   8.1510140e+05   1.5836265e-01   5.3221026e-02   1.1450532e-02   5.4320023e-13   2.2303421e-01   1.0000000e+00   4.6211726e-03
   8.2242018e+05   1.0000000e-01   2.1966561e-02   1.0434630e-02   7.0733846e-13   1.3240119e-01   1.0000000e+00   4.6135358e-03
   1.4138879e+05   3.5961256e+02   1.9153231e+01   7.1203087e+00   3.3316827e-14   3.8588610e+02   1.0000000e+00   4.6134648e-03
   8.4029354e+04   8.6954136e+02   2.6194879e+01   8.3271005e+00   2.6659982e-14   9.0406334e+02   1.0000000e+00   4.6062871e-03
   9.5983102e+04   7.1006788e+02   2.9426019e+01   6.8384201e+00   2.8011396e-14   7.4633232e+02   1.0000000e+00   4.5977174e-03
   7.8907315e+05   1.0000000e-01   1.3305130e-02   1.0000000e-02   7.7342755e-13   1.2330513e-01   1.0000000e+00   4.5898644e-03
   8.2838389e+04   1.0000000e+03   9.9257203e+01   6.7656912e+01   2.5505087e-14   1.1669141e+03   1.0000000e+00   4.5605920e-03
   7.6548064e+05   6.8827573e-01   2.2089365e-01   4.6172626e-02   2.7025826e-13   9.5534200e-01   1.0000000e+00   4.5503446e-03
   8.0293368e+05   1.8901706e-01   5.7913370e-02   1.7736905e-02   4.9872802e-13   2.6466733e-01   1.0000000e+00   4.5450789e-03
   8.4736123e+04   9.5772429e+02   3.1361086e+01   9.1022656e+00   2.5980805e-14   9.9818764e+02   1.0000000e+00   4.5430738e-03
   7.9054210e+05   7.9653404e-01   2.3531736e-01   7.2756551e-02   2.4960551e-13   1.1046079e+00   1.0000000e+00   4.5289380e-03
   7.9162104e+05   1.0000000e-01   1.0561309e-02   1.0083200e-02   8.1073739e-13   1.2064451e-01   1.0000000e+00   4.5012123e-03
   1.1688359e+05   4.5412288e+02   2.0343128e+01   5.7064959e+00   3.1428524e-14   4.8017250e+02   1.0000000e+00   4.4978629e-03
   8.4876303e+05   1.3230737e-01   3.4575060e-02   1.3931692e-02   5.9793257e-13   1.8081412e-01   1.0000000e+00   4.4898764e-03
   1.7400526e+05   2.2333648e+02   1.3116708e+01   4.5228858e+00   3.7767089e-14   2.4097607e+02   1.0000000e+00   4.4734721e-03
   7.6635251e+05   7.0700956e-01   2.2380982e-01   4.6907026e-02   2.6721029e-13   9.7772641e-01   1.0000000e+00   4.4725204e-03
   8.1602401e+05   1.0002794e-01   2.4608480e-02   1.0044469e-02   6.9798390e-13   1.3468089e-01   1.0000000e+00   4.4617500e-03
   1.0571944e+05   5.7106593e+02   2.2960069e+01   7.7401708e+00   2.9619976e-14   6.0176617e+02   1.0000000e+00   4.4560662e-03
   9.5704162e+04   7.0082278e+02   2.6123590e+01   7.5249710e+00   2.8123114e-14   7.3447134e+02   1.0000000e+00   4.4501345e-03
   8.1683241e+05   1.0000000e-01   1.5221189e-02   1.0134380e-02   7.5216410e-13   1.2535557e-01   1.0000000e+00   4.4496605e-03
   1.0761474e+05   6.1856214e+02   2.3897783e+01   8.6808379e+00   2.9031989e-14   6.5114076e+02   1.0000000e+00   4.4217086e-03
   1.0191465e+05   6.6679126e+02   2.8371768e+01   8.3748343e+00   2.8445386e-14   7.0353786e+02   1.0000000e+00   4.4012669e-03
   2.9741520e+05   1.0324533e+02   7.6771175e+00   1.9463849e+00   4.7167034e-14   1.1286883e+02   1.0000000e+00   4.3847082e-03
   7.8724046e+05   1.0000000e-01   1.3382659e-02   1.0000000e-02   7.7268631e-13   1.2338266e-01   1.0000000e+00   4.3688628e-03
   8.3587792e+04   1.0000000e+03   1.0000000e+02   5.6181835e+01   2.5507495e-14   1.1561818e+03   1.0000000e+00   4.3641322e-03
   8.1940163e+05   1.5232853e-01   4.6101150e-02   1.2725440e-02   5.5583948e-13   2.1115512e-01   1.0000000e+00   4.3551729e-03
   8.1891716e+05   2.6246507e-01   8.3119549e-02   2.2781412e-02   4.2234249e-13   3.6836603e-01   1.0000000e+00   4.3494009e-03
   1.0849314e+05   6.4470237e+02   2.6572397e+01   7.3727280e+00   2.8744433e-14   6.7864750e+02   1.0000000e+00   4.3492292e-03
   9.7011346e+04   7.1028031e+02   3.5586194e+01   7.3119895e+00   2.7963268e-14   7.5317850e+02   1.0000000e+00   4.3271541e-03
   8.2498964e+04   1.0000000e+03   9.9567414e+01   6.1492023e+01   2.5505740e-14   1.1610594e+03   1.0000000e+00   4.3250556e-03
   7.6327281e+05   4.5554025e-01   1.2787799e-01   5.1201263e-02   3.2859540e-13   6.3461950e-01   1.0000000e+00   4.3196760e-03
   8.2253858e+05   1.1549440e-01   3.9491260e-02   1.0000727e-02   6.2794566e-13   1.6498639e-01   1.0000000e+00   4.3196236e-03
   8.4351778e+04   8.5234602e+02   2.6262583e+01   8.3217643e+00   2.6794310e-14   8.8693037e+02   1.0000000e+00   4.3193558e-03
   9.7865387e+04   7.1165474e+02   2.8730945e+01   6.9309921e+00   2.8002465e-14   7.4731668e+02   1.0000000e+00   4.3156712e-03
   8.8825936e+04   8.2601070e+02   2.5986082e+01   7.8958327e+00   2.6999561e-14   8.5989261e+02   1.0000000e+00   4.3066476e-03
   1.5236623e+05   2.7319534e+02   1.6768063e+01   3.3850593e+00   3.5835560e-14   2.9334846e+02   1.0000000e+00   4.3052919e-03
   8.0306696e+05   1.8727343e-01   5.9108117e-02   1.4900429e-02   5.0257509e-13   2.6128197e-01   1.0000000e+00   4.3017817e-03
   1.5829626e+05   2.3485752e+02   1.2477796e+01   4.4959210e+00   3.7328602e-14   2.5183123e+02   1.0000000e+00   4.2989314e-03
   2.0012136e+05   1.5705064e+02   1.4489892e+01   2.9639443e+00   4.1249170e-14   1.7450447e+02   1.0000000e+00   4.2983645e-03
   8.1612613e+05   1.0000000e-01   1.6374832e-02   1.0017492e-02   7.4271364e-13   1.2639232e-01   1.0000000e+00   4.2934011e-03
   8.1569593e+05   1.1159095e-01   4.2748713e-02   1.3491828e-02   6.2557587e-13   1.6783149e-01   1.0000000e+00   4.2925621e-03
   2.7414359e+05   6.4548068e+01   1.0808750e+01   2.4760153e+00   5.1984631e-14   7.7832834e+01   1.0000000e+00   4.2242594e-03
   4.1154950e+05   1.7926163e+01   5.0830251e+00   1.4655574e+00   7.4881540e-14   2.4474745e+01   1.0000000e+00   4.2199337e-03
   7.9222272e+05   7.4343801e-01   2.3429915e-01   8.3640521e-02   2.5449523e-13   1.0613777e+00   1.0000000e+00   4.2151975e-03
   2.2892596e+05   1.2053196e+02   1.5496109e+01   4.7275322e+00   4.3884026e-14   1.4075560e+02   1.0000000e+00   4.2051806e-03
   1.8050780e+05   1.9087410e+02   1.3581255e+01   3.4338946e+00   3.9296626e-14   2.0788925e+02   1.0000000e+00   4.2019424e-03
   7.6322838e+05   4.5175833e-01   1.2942567e-01   4.9487654e-02   3.2945395e-13   6.3067165e-01   1.0000000e+00   4.1983012e-03
   9.8220181e+04   6.8940661e+02   2.6537605e+01   8.3377835e+00   2.8224294e-14   7.2428200e+02   1.0000000e+00   4.1953823e-03
   8.3117021e+05   2.5256334e-01   7.0258206e-02   2.9905597e-02   4.3109873e-13   3.5272715e-01   1.0000000e+00   4.1900655e-03
   7.1792726e+05   1.0427834e+01   1.6427743e+00   5.0384345e-01   9.2444045e-14   1.2574452e+01   1.0000000e+00   4.1887300e-03
   8.1736341e+04   1.0000000e+03   4.4016647e+01   2.2320303e+01   2.5604251e-14   1.0663370e+03   1.0000000e+00   4.1874432e-03
   8.1460477e+05   1.5452511e-01   5.2737961e-02   1.1477416e-02   5.4837818e-13   2.1874049e-01   1.0000000e+00   4.1766490e-03
   1.9976065e+05   1.3796928e+02   1.4448807e+01   2.9320146e+00   4.2648118e-14   1.5535010e+02   1.0000000e+00   4.1718013e-03
   7.8864976e+05   1.6579394e+00   6.0841583e-01   2.3180887e-01   1.7213762e-13   2.4981641e+00   1.0000000e+00   4.1390819e-03
   8.2330905e+05   1.0861006e-01   3.4729503e-02   1.0000000e-02   6.5027759e-13   1.5333956e-01   1.0000000e+00   4.1288384e-03
