   2.5049692e+06   1.0000000e-01   1.0000000e-02   4.5893355e-13   1.1000000e-01   1.0000000e+00             Inf
   8.2690479e+04   1.0000000e+03   3.1024845e+01   2.5449397e-14   1.0310248e+03   1.0000000e+00             Inf
   2.6137654e+06   1.0366081e+00   3.0159246e-01   1.5184372e-13   1.3382005e+00   1.0000000e+00   2.1549245e-02
   2.5705643e+06   8.6573967e-01   3.5622846e-01   1.5632252e-13   1.2219681e+00   1.0000000e+00   1.7517685e-02
   2.8374964e+06   1.0000000e-01   1.4677085e-02   4.2128053e-13   1.1467708e-01   1.0000000e+00   1.6960727e-02
   1.5410861e+05   3.1758739e+02   6.7124560e+00   3.3929659e-14   3.2429984e+02   1.0000000e+00   1.6548277e-02
   8.4664345e+04   9.6345102e+02   9.5086084e+00   2.5731874e-14   9.7295963e+02   1.0000000e+00   1.6507543e-02
   8.4178984e+04   9.4806058e+02   9.5838862e+00   2.5833988e-14   9.5764447e+02   1.0000000e+00   1.6142465e-02
   4.5049001e+06   1.9875000e-01   1.1121449e-01   2.4872182e-13   3.0996450e-01   1.0000000e+00   1.6065681e-02
   1.5934602e+05   2.7297730e+02   6.8348224e+00   3.5203421e-14   2.7981212e+02   1.0000000e+00   1.5007906e-02
   1.7708080e+05   2.6297144e+02   6.7951730e+00   3.5613521e-14   2.6976661e+02   1.0000000e+00   1.3506678e-02
   1.9036037e+06   1.1741512e+00   2.8750427e-01   1.4708204e-13   1.4616554e+00   1.0000000e+00   1.3461908e-02
   9.4244323e+05   5.1373003e+00   4.2270589e-01   9.9724172e-14   5.5600062e+00   1.0000000e+00   1.3415577e-02
   4.4537890e+06   1.0000000e-01   3.6854728e-02   3.4905357e-13   1.3685473e-01   1.0000000e+00   1.3232947e-02
   1.4538108e+05   3.2989226e+02   6.2625491e+00   3.3598911e-14   3.3615481e+02   1.0000000e+00   1.3147776e-02
   1.0311314e+06   5.7080015e+00   5.2950063e-01   9.5956189e-14   6.2375021e+00   1.0000000e+00   1.3097996e-02
   1.5103231e+06   3.0766709e+00   8.2941416e-01   1.1037633e-13   3.9060850e+00   1.0000000e+00   1.2841688e-02
   2.7028134e+06   9.0869282e-01   2.3971236e-01   1.5935755e-13   1.1484052e+00   1.0000000e+00   1.2554574e-02
   1.5074569e+06   2.5059092e+00   4.0578561e-01   1.1918516e-13   2.9116948e+00   1.0000000e+00   1.2450603e-02
   1.0993190e+05   5.9143345e+02   9.6415903e+00   2.9034762e-14   6.0107504e+02   1.0000000e+00   1.2366652e-02
   6.6312851e+05   7.9089967e+00   6.2895111e-01   8.9477798e-14   8.5379478e+00   1.0000000e+00   1.2260868e-02
   7.6150490e+05   1.1091071e+01   1.3716456e+00   7.9243100e-14   1.2462717e+01   1.0000000e+00   1.2159116e-02
   9.6544228e+04   7.2179084e+02   1.1194815e+01   2.7625058e-14   7.3298565e+02   1.0000000e+00   1.2086749e-02
   3.0479161e+06   1.0000000e-01   1.4018280e-02   4.2555370e-13   1.1401828e-01   1.0000000e+00   1.1920666e-02
   2.8680796e+06   5.3399047e-01   2.3173576e-01   1.8130584e-13   7.6572623e-01   1.0000000e+00   1.1891385e-02
   4.2540220e+06   1.0000000e-01   4.7370632e-02   3.3456462e-13   1.4737063e-01   1.0000000e+00   1.1702843e-02
   3.0202924e+06   6.0639112e-01   2.0110280e-01   1.7794853e-13   8.0749392e-01   1.0000000e+00   1.1356016e-02
   4.4703741e+06   1.8957433e-01   1.1058629e-01   2.5167522e-13   3.0016062e-01   1.0000000e+00   1.1280334e-02
   4.4826669e+06   1.1534121e-01   6.4068882e-02   3.0708891e-13   1.7941009e-01   1.0000000e+00   1.1277491e-02
   9.1938073e+04   7.5518707e+02   1.0407836e+01   2.7329574e-14   7.6559490e+02   1.0000000e+00   1.1164250e-02
   1.4597607e+06   2.7426600e+00   5.8445295e-01   1.1472153e-13   3.3271129e+00   1.0000000e+00   1.1153574e-02
   4.1689784e+06   1.8493438e-01   9.9754121e-02   2.5651374e-13   2.8468850e-01   1.0000000e+00   1.1132830e-02
   4.4430008e+06   1.3260087e-01   7.7331564e-02   2.8846072e-13   2.0993243e-01   1.0000000e+00   1.1120796e-02
   4.6709142e+06   1.3488310e-01   6.9298770e-02   2.9155195e-13   2.0418187e-01   1.0000000e+00   1.1091936e-02
   4.5335191e+06   1.7920838e-01   8.8233826e-02   2.6287750e-13   2.6744220e-01   1.0000000e+00   1.1090915e-02
   4.4689516e+06   1.2065233e-01   7.4089730e-02   2.9746152e-13   1.9474206e-01   1.0000000e+00   1.0996730e-02
   4.4063380e+06   1.0000000e-01   3.3298557e-02   3.5596878e-13   1.3329856e-01   1.0000000e+00   1.0989984e-02
   1.1779929e+05   4.4706229e+02   9.7769622e+00   3.1131385e-14   4.5683925e+02   1.0000000e+00   1.0946341e-02
   9.9661557e+04   7.0402355e+02   9.9490833e+00   2.7804294e-14   7.1397263e+02   1.0000000e+00   1.0812917e-02
   4.9003544e+06   1.0000000e-01   4.2357373e-02   3.4078184e-13   1.4235737e-01   1.0000000e+00   1.0798761e-02
   3.5127239e+06   3.3953095e-01   1.4565420e-01   2.1128993e-13   4.8518515e-01   1.0000000e+00   1.0780345e-02
   4.4936064e+06   1.0000000e-01   3.9943435e-02   3.4387857e-13   1.3994343e-01   1.0000000e+00   1.0762854e-02
   9.1305055e+04   7.3808494e+02   1.0624142e+01   2.7494235e-14   7.4870908e+02   1.0000000e+00   1.0739959e-02
   8.6486868e+05   8.5788403e+00   7.2491735e-01   8.5753939e-14   9.3037577e+00   1.0000000e+00   1.0638325e-02
   8.4024518e+04   9.2017263e+02   9.7213885e+00   2.6027719e-14   9.2989402e+02   1.0000000e+00   1.0558042e-02
   1.0518533e+05   6.2549448e+02   9.1900601e+00   2.8635312e-14   6.3468454e+02   1.0000000e+00   1.0512987e-02
   1.0557925e+05   6.6687277e+02   8.5911418e+00   2.8203080e-14   6.7546391e+02   1.0000000e+00   1.0482744e-02
   1.0891914e+05   5.9933264e+02   9.5778079e+00   2.8939241e-14   6.0891045e+02   1.0000000e+00   1.0275089e-02
   3.4270350e+06   3.2537469e-01   1.2842383e-01   2.1641106e-13   4.5379852e-01   1.0000000e+00   1.0103650e-02
   3.2962864e+06   1.0000000e-01   1.8945595e-02   3.9846427e-13   1.1894560e-01   1.0000000e+00   1.0086989e-02
   1.3168447e+05   4.3068292e+02   8.2206595e+00   3.1434503e-14   4.3890358e+02   1.0000000e+00   1.0083040e-02
   2.6826074e+05   7.7940952e+01   1.9372970e+00   4.8583901e-14   7.9878249e+01   1.0000000e+00   1.0080518e-02
   2.8989745e+06   1.0000000e-01   1.2308412e-02   4.3813882e-13   1.1230841e-01   1.0000000e+00   1.0038077e-02
   1.0830895e+05   5.7770568e+02   9.3742962e+00   2.9202440e-14   5.8707997e+02   1.0000000e+00   9.9559215e-03
   3.4283642e+05   7.2711236e+01   3.2659268e+00   4.9288894e-14   7.5977163e+01   1.0000000e+00   9.9432116e-03
   4.5000474e+06   1.6994004e-01   8.7418085e-02   2.6647732e-13   2.5735813e-01   1.0000000e+00   9.9314007e-03
   4.1767393e+06   1.0000000e-01   3.5315111e-02   3.5176728e-13   1.3531511e-01   1.0000000e+00   9.9111504e-03
   3.9499615e+06   1.0025336e-01   2.6947190e-02   3.7046289e-13   1.2720055e-01   1.0000000e+00   9.9075263e-03
   1.6357774e+06   2.2002611e+00   5.1791054e-01   1.2175745e-13   2.7181716e+00   1.0000000e+00   9.8399225e-03
   4.7252456e+06   1.3759168e-01   1.0095659e-01   2.7569192e-13   2.3854826e-01   1.0000000e+00   9.8295125e-03
   8.6602691e+04   9.1490822e+02   9.6798689e+00   2.6061204e-14   9.2458809e+02   1.0000000e+00   9.8252660e-03
   3.4806462e+05   4.9444178e+01   2.6127905e+00   5.4192744e-14   5.2056968e+01   1.0000000e+00   9.7929296e-03
   9.4089697e+04   7.0806431e+02   9.9038330e+00   2.7776639e-14   7.1796814e+02   1.0000000e+00   9.7897093e-03
   9.1432282e+04   7.4769416e+02   1.0395366e+01   2.7402652e-14   7.5808953e+02   1.0000000e+00   9.7471385e-03
   4.2460484e+06   2.1837925e-01   1.0497838e-01   2.4472076e-13   3.2335762e-01   1.0000000e+00   9.7328317e-03
   1.4534646e+06   3.6600727e+00   6.1436309e-01   1.0704540e-13   4.2744358e+00   1.0000000e+00   9.7289553e-03
   4.1766024e+06   1.0000000e-01   3.4470000e-02   3.5334889e-13   1.3447000e-01   1.0000000e+00   9.6943673e-03
   3.9209271e+05   4.3989189e+01   2.1945319e+00   5.5856556e-14   4.6183720e+01   1.0000000e+00   9.6906517e-03
   4.6427371e+06   1.2936383e-01   6.9093196e-02   2.9467954e-13   1.9845703e-01   1.0000000e+00   9.6866501e-03
   8.7187821e+04   8.8495351e+02   1.0147854e+01   2.6273588e-14   8.9510136e+02   1.0000000e+00   9.6667543e-03
   4.2796888e+06   1.4702946e-01   8.4872008e-02   2.7768690e-13   2.3190146e-01   1.0000000e+00   9.6648058e-03
   1.2727725e+05   4.5625160e+02   8.2429929e+00   3.0984636e-14   4.6449459e+02   1.0000000e+00   9.6608416e-03
   3.9592916e+06   1.4617738e-01   7.5003985e-02   2.8366038e-13   2.2118137e-01   1.0000000e+00   9.6246031e-03
   1.7448220e+06   1.3886208e+00   3.3131139e-01   1.3999601e-13   1.7199322e+00   1.0000000e+00   9.6077448e-03
   4.2100299e+05   5.8553512e+01   1.8309396e+00   5.2817818e-14   6.0384452e+01   1.0000000e+00   9.5359431e-03
   4.0610646e+06   2.3345002e-01   1.2019853e-01   2.3670376e-13   3.5364855e-01   1.0000000e+00   9.5012010e-03
   1.0639371e+05   6.7572452e+02   8.8289285e+00   2.8118926e-14   6.8455345e+02   1.0000000e+00   9.4351329e-03
   2.8262101e+06   8.6390822e-01   2.3823106e-01   1.6171434e-13   1.1021393e+00   1.0000000e+00   9.4220992e-03
   8.9975928e+04   8.1954960e+02   9.8051457e+00   2.6780209e-14   8.2935474e+02   1.0000000e+00   9.4195472e-03
   1.0979306e+05   5.8424401e+02   8.1249591e+00   2.9135042e-14   5.9236896e+02   1.0000000e+00   9.4163510e-03
   9.8390881e+04   7.8714999e+02   9.0316693e+00   2.7073957e-14   7.9618166e+02   1.0000000e+00   9.2294166e-03
   1.5724061e+05   2.5731647e+02   6.8138856e+00   3.5732961e-14   2.6413036e+02   1.0000000e+00   9.1579183e-03
   8.5813988e+04   8.9116915e+02   9.4264395e+00   2.6235169e-14   9.0059559e+02   1.0000000e+00   9.1510507e-03
   9.8248647e+04   7.1354270e+02   1.1387331e+01   2.7702363e-14   7.2493003e+02   1.0000000e+00   9.0666305e-03
   2.8870508e+06   1.0000000e-01   1.2985937e-02   4.3268559e-13   1.1298594e-01   1.0000000e+00   9.0565622e-03
   4.7627439e+06   1.0000000e-01   4.9381328e-02   3.3131909e-13   1.4938133e-01   1.0000000e+00   8.9651715e-03
   9.5547370e+04   7.9275451e+02   9.7273888e+00   2.7006285e-14   8.0248190e+02   1.0000000e+00   8.9494658e-03
   4.1682974e+06   1.8916071e-01   8.7599419e-02   2.5937735e-13   2.7676013e-01   1.0000000e+00   8.9224182e-03
   2.3705599e+05   1.1103151e+02   4.4705303e+00   4.4123866e-14   1.1550204e+02   1.0000000e+00   8.9179077e-03
   4.4809440e+06   1.0000000e-01   3.1498265e-02   3.6029911e-13   1.3149827e-01   1.0000000e+00   8.8466706e-03
   2.3813432e+05   1.1714484e+02   3.6626746e+00   4.3575795e-14   1.2080752e+02   1.0000000e+00   8.8224067e-03
   4.7786573e+06   1.4056663e-01   1.0299334e-01   2.7343087e-13   2.4355998e-01   1.0000000e+00   8.8006741e-03
   1.9151190e+05   1.8635951e+02   3.9571769e+00   3.8806005e-14   1.9031669e+02   1.0000000e+00   8.7974270e-03
   1.1200826e+05   5.7343231e+02   8.9812891e+00   2.9264696e-14   5.8241360e+02   1.0000000e+00   8.7836885e-03
   2.6148386e+06   7.5719155e-01   2.3202074e-01   1.6620177e-13   9.8921229e-01   1.0000000e+00   8.7461061e-03
   2.2939900e+05   1.4638533e+02   4.7885755e+00   4.1205254e-14   1.5117390e+02   1.0000000e+00   8.7349261e-03
   4.4562329e+06   1.4613043e-01   7.7407169e-02   2.8125891e-13   2.2353760e-01   1.0000000e+00   8.7344030e-03
   2.1464139e+05   1.3186491e+02   4.4220185e+00   4.2291506e-14   1.3628693e+02   1.0000000e+00   8.6891378e-03
   9.6329915e+04   7.3428938e+02   6.9924407e+00   2.7544515e-14   7.4128182e+02   1.0000000e+00   8.6786342e-03
   1.0607372e+05   5.8700025e+02   9.5148868e+00   2.9087945e-14   5.9651514e+02   1.0000000e+00   8.6763322e-03
   9.1889891e+04   8.6808966e+02   1.0129191e+01   2.6406945e-14   8.7821885e+02   1.0000000e+00   8.6079758e-03
   1.0194679e+05   6.4238782e+02   8.7117064e+00   2.8451680e-14   6.5109953e+02   1.0000000e+00   8.6041144e-03
   1.5927805e+05   2.5125034e+02   6.0226559e+00   3.5961365e-14   2.5727300e+02   1.0000000e+00   8.5741590e-03
   3.2556961e+06   1.0000000e-01   1.7906981e-02   4.0327711e-13   1.1790698e-01   1.0000000e+00   8.5456125e-03
   1.4877008e+05   2.9273244e+02   6.7541303e+00   3.4603731e-14   2.9948657e+02   1.0000000e+00   8.5365417e-03
   1.1379403e+05   5.1313086e+02   8.7117548e+00   3.0079657e-14   5.2184261e+02   1.0000000e+00   8.5269772e-03
   8.5007858e+04   9.2577299e+02   9.5228898e+00   2.5986926e-14   9.3529588e+02   1.0000000e+00   8.5249301e-03
   1.0405701e+05   6.3593563e+02   8.5699694e+00   2.8523641e-14   6.4450560e+02   1.0000000e+00   8.5041022e-03
   4.8601285e+06   1.0000000e-01   5.1846493e-02   3.2861400e-13   1.5184649e-01   1.0000000e+00   8.4868981e-03
   5.3558745e+05   1.3285689e+01   9.5831141e-01   7.7470237e-14   1.4244000e+01   1.0000000e+00   8.4861055e-03
   2.9110992e+06   1.0000000e-01   1.0778835e-02   4.5268425e-13   1.1077883e-01   1.0000000e+00   8.4818274e-03
   1.7321266e+05   2.0809041e+02   3.8343472e+00   3.7776701e-14   2.1192476e+02   1.0000000e+00   8.4778218e-03
   2.7513169e+05   1.0366285e+02   1.9307365e+00   4.5278388e-14   1.0559359e+02   1.0000000e+00   8.4634211e-03
   1.1314853e+05   5.6066774e+02   8.5644048e+00   2.9431929e-14   5.6923214e+02   1.0000000e+00   8.4575601e-03
   4.6863596e+06   1.0000000e-01   4.3157823e-02   3.3919883e-13   1.4315782e-01   1.0000000e+00   8.4573385e-03
   4.9393160e+06   1.0000000e-01   5.5263439e-02   3.2517219e-13   1.5526344e-01   1.0000000e+00   8.4465198e-03
   4.0554509e+06   2.2890727e-01   1.1426643e-01   2.3926223e-13   3.4317370e-01   1.0000000e+00   8.4463352e-03
   3.4671782e+06   3.7010671e-01   1.5147912e-01   2.0605545e-13   5.2158583e-01   1.0000000e+00   8.4411286e-03
   2.9837050e+05   6.9964545e+01   2.3828026e+00   4.9727495e-14   7.2347347e+01   1.0000000e+00   8.3911291e-03
   9.4222074e+04   8.1457871e+02   9.4260754e+00   2.6827690e-14   8.2400479e+02   1.0000000e+00   8.3706327e-03
   4.3585867e+06   1.0000000e-01   3.8589034e-02   3.4603238e-13   1.3858903e-01   1.0000000e+00   8.3244401e-03
   4.4359572e+06   1.5362266e-01   1.1225759e-01   2.6518129e-13   2.6588025e-01   1.0000000e+00   8.3141534e-03
   2.9790968e+06   4.8610117e-01   1.7103286e-01   1.9029211e-13   6.5713403e-01   1.0000000e+00   8.2617188e-03
   4.4388476e+06   1.4948671e-01   7.7003922e-02   2.7987639e-13   2.2649063e-01   1.0000000e+00   8.2483482e-03
   3.0199173e+06   5.1762744e-01   2.2421191e-01   1.8307565e-13   7.4183935e-01   1.0000000e+00   8.1798050e-03
   1.9586954e+05   1.9716148e+02   4.1065774e+00   3.8289310e-14   2.0126806e+02   1.0000000e+00   8.1688725e-03
   1.7479398e+05   1.9198292e+02   4.4199135e+00   3.8541528e-14   1.9640283e+02   1.0000000e+00   8.1496634e-03
   1.0877622e+05   6.1494576e+02   8.5622882e+00   2.8769100e-14   6.2350805e+02   1.0000000e+00   8.1396674e-03
   1.2746948e+05   4.2176917e+02   8.9655920e+00   3.1573519e-14   4.3073476e+02   1.0000000e+00   8.1312255e-03
   1.7271421e+05   2.1931666e+02   3.7997699e+00   3.7277952e-14   2.2311643e+02   1.0000000e+00   8.1294865e-03
   3.0113717e+06   1.0000000e-01   1.1439959e-02   4.4680791e-13   1.1143996e-01   1.0000000e+00   8.0983493e-03
   3.3962654e+06   1.0000000e-01   1.9682627e-02   3.9526447e-13   1.1968263e-01   1.0000000e+00   8.0975401e-03
   4.4628847e+06   1.8215184e-01   9.1639398e-02   2.6037688e-13   2.7379124e-01   1.0000000e+00   8.0835037e-03
   1.8511199e+06   1.3219929e+00   3.3353171e-01   1.4143274e-13   1.6555246e+00   1.0000000e+00   8.0727630e-03
   4.4576896e+06   1.5929474e-01   9.0463408e-02   2.6947962e-13   2.4975814e-01   1.0000000e+00   8.0636507e-03
   2.5449193e+06   1.0000000e-01   1.0407669e-02   4.5476449e-13   1.1040767e-01   1.0000000e+00   8.0355014e-03
   2.9079764e+06   1.0000000e-01   1.1858956e-02   4.4208961e-13   1.1185896e-01   1.0000000e+00   8.0334321e-03
   8.9652945e+04   8.8065009e+02   1.0150952e+01   2.6307092e-14   8.9080104e+02   1.0000000e+00   8.0282830e-03
   1.7761321e+05   2.1519465e+02   4.0644400e+00   3.7436790e-14   2.1925909e+02   1.0000000e+00   7.9907925e-03
   2.8633457e+06   1.0000000e-01   1.1148798e-02   4.4851407e-13   1.1114880e-01   1.0000000e+00   7.9879902e-03
   3.2919831e+06   2.8470577e-01   1.0481645e-01   2.2932017e-13   3.8952223e-01   1.0000000e+00   7.9818192e-03
   1.1302145e+06   4.7617565e+00   4.3003009e-01   1.0133192e-13   5.1917866e+00   1.0000000e+00   7.9750685e-03
   2.6871948e+06   1.0000000e-01   1.2607832e-02   4.3560949e-13   1.1260783e-01   1.0000000e+00   7.9749233e-03
   1.7334818e+05   2.2282555e+02   4.0488339e+00   3.7114899e-14   2.2687438e+02   1.0000000e+00   7.9689546e-03
   1.0510413e+05   6.5954383e+02   8.6758001e+00   2.8274085e-14   6.6821963e+02   1.0000000e+00   7.9541974e-03
   2.8300069e+06   1.0000000e-01   1.3606327e-02   4.2818015e-13   1.1360633e-01   1.0000000e+00   7.9494188e-03
   1.2890442e+05   4.3808399e+02   8.0072515e+00   3.1296785e-14   4.4609124e+02   1.0000000e+00   7.9265932e-03
   2.2874090e+05   1.5099834e+02   4.5886146e+00   4.0916911e-14   1.5558695e+02   1.0000000e+00   7.9070220e-03
   1.9091955e+05   2.1069977e+02   5.0117004e+00   3.7628160e-14   2.1571147e+02   1.0000000e+00   7.8985332e-03
   8.8313400e+04   8.7291683e+02   1.0088656e+01   2.6362720e-14   8.8300548e+02   1.0000000e+00   7.8904082e-03
   3.4082259e+06   3.9864291e-01   2.0025280e-01   1.9711014e-13   5.9889571e-01   1.0000000e+00   7.8898803e-03
   1.4998307e+06   4.2959076e+00   4.9201180e-01   1.0505071e-13   4.7879194e+00   1.0000000e+00   7.8772572e-03
   3.0000294e+06   4.6551423e-01   2.1029066e-01   1.8905915e-13   6.7580489e-01   1.0000000e+00   7.8729281e-03
   1.4825161e+06   2.9942980e+00   5.8549070e-01   1.1231998e-13   3.5797887e+00   1.0000000e+00   7.8480419e-03
   1.0937160e+05   6.1916390e+02   8.5740131e+00   2.8725031e-14   6.2773791e+02   1.0000000e+00   7.8422720e-03
   1.0088503e+05   6.2968068e+02   8.5972317e+00   2.8599728e-14   6.3827791e+02   1.0000000e+00   7.8422546e-03
   6.1213584e+05   1.6951738e+01   1.4886680e+00   7.1199338e-14   1.8440406e+01   1.0000000e+00   7.8276578e-03
   2.3553381e+05   1.2574108e+02   4.2844249e+00   4.2776182e-14   1.3002551e+02   1.0000000e+00   7.8273670e-03
   1.1858487e+05   4.9530207e+02   7.3125735e+00   3.0360750e-14   5.0261465e+02   1.0000000e+00   7.8199823e-03
   2.3588708e+05   1.3627314e+02   4.5634862e+00   4.1946390e-14   1.4083663e+02   1.0000000e+00   7.8042353e-03
   9.5710385e+04   7.9496614e+02   1.0231159e+01   2.6985446e-14   8.0519730e+02   1.0000000e+00   7.7915330e-03
   1.2685095e+05   3.9347992e+02   6.5348726e+00   3.2164711e-14   4.0001479e+02   1.0000000e+00   7.7183228e-03
   2.5471605e+05   9.1396269e+01   2.4884525e+00   4.6533057e-14   9.3884721e+01   1.0000000e+00   7.7004285e-03
   3.5127239e+06   2.7982536e-01   1.6073646e-01   2.2008129e-13   4.4056182e-01   1.0000000e+00   7.6637716e-03
   3.3967410e+06   2.6416176e-01   1.3539062e-01   2.2755960e-13   3.9955237e-01   1.0000000e+00   7.6491483e-03
   4.7786574e+06   1.1211739e-01   6.2152043e-02   3.1027322e-13   1.7426943e-01   1.0000000e+00   7.6336598e-03
   4.0560078e+06   2.8118338e-01   1.4553449e-01   2.2160489e-13   4.2671787e-01   1.0000000e+00   7.6238158e-03
   8.5990845e+04   8.5765495e+02   1.0170229e+01   2.6486118e-14   8.6782518e+02   1.0000000e+00   7.6156083e-03
   1.5655447e+06   1.7563800e+00   2.9723703e-01   1.3277311e-13   2.0536171e+00   1.0000000e+00   7.5890389e-03
   2.5531010e+06   7.6480463e-01   1.8191768e-01   1.6922998e-13   9.4672231e-01   1.0000000e+00   7.5822011e-03
   4.9950482e+06   1.0843523e-01   5.9667117e-02   3.1487351e-13   1.6810234e-01   1.0000000e+00   7.5586039e-03
   2.9698455e+06   1.0000000e-01   1.5941169e-02   4.1365635e-13   1.1594117e-01   1.0000000e+00   7.5412717e-03
   4.8737238e+06   1.2403205e-01   6.6659977e-02   2.9944319e-13   1.9069203e-01   1.0000000e+00   7.4795596e-03
   9.7421459e+05   5.9713853e+00   5.9394024e-01   9.4469120e-14   6.5653255e+00   1.0000000e+00   7.4777217e-03
   3.2675330e+06   3.7143800e-01   1.6314060e-01   2.0439673e-13   5.3457860e-01   1.0000000e+00   7.4727407e-03
   8.5776688e+04   8.9483018e+02   9.5476180e+00   2.6207354e-14   9.0437780e+02   1.0000000e+00   7.4693505e-03
   5.0000000e+06   1.1064383e-01   7.0456760e-02   3.0538748e-13   1.8110059e-01   1.0000000e+00   7.4683698e-03
   3.8259421e+06   1.0000000e-01   2.8591640e-02   3.6633517e-13   1.2859164e-01   1.0000000e+00   7.4191263e-03
   3.4270350e+06   3.3054211e-01   1.7490945e-01   2.0914086e-13   5.0545156e-01   1.0000000e+00   7.3548743e-03
   1.5351914e+05   2.3659576e+02   4.1748640e+00   3.6640619e-14   2.4077063e+02   1.0000000e+00   7.3291575e-03
   3.2372713e+06   1.0000000e-01   2.3173667e-02   3.8317562e-13   1.2317367e-01   1.0000000e+00   7.2966716e-03
   4.8699120e+06   1.1995477e-01   6.5662152e-02   3.0256792e-13   1.8561693e-01   1.0000000e+00   7.2762742e-03
   3.2253476e+06   1.0000000e-01   2.3851193e-02   3.8126365e-13   1.2385119e-01   1.0000000e+00   7.2703812e-03
   1.0651048e+05   6.0458959e+02   9.4941444e+00   2.8874432e-14   6.1408373e+02   1.0000000e+00   7.2646069e-03
   1.0460108e+05   6.4759274e+02   8.7819139e+00   2.8396146e-14   6.5637465e+02   1.0000000e+00   7.2628212e-03
   3.0932007e+06   1.0015827e-01   1.5124811e-02   4.1820202e-13   1.1528308e-01   1.0000000e+00   7.2243708e-03
   4.6545328e+06   1.2989845e-01   7.0881028e-02   2.9326505e-13   2.0077948e-01   1.0000000e+00   7.2205711e-03
   4.9485164e+06   1.1905684e-01   6.9232557e-02   3.0070107e-13   1.8828940e-01   1.0000000e+00   7.2133278e-03
   2.4969994e+05   1.2209869e+02   4.4891646e+00   4.3114640e-14   1.2658786e+02   1.0000000e+00   7.2041606e-03
   4.9173464e+06   1.0299855e-01   5.8772365e-02   3.1963358e-13   1.6177091e-01   1.0000000e+00   7.1951267e-03
   2.3243963e+05   1.2909516e+02   4.1170940e+00   4.2507058e-14   1.3321225e+02   1.0000000e+00   7.1917442e-03
   1.0957838e+05   6.6490286e+02   9.1527042e+00   2.8248829e-14   6.7405557e+02   1.0000000e+00   7.1908456e-03
   2.6409837e+06   1.0000000e-01   1.1452457e-02   4.4500369e-13   1.1145246e-01   1.0000000e+00   7.1896573e-03
   1.9967469e+05   1.7343362e+02   4.4900498e+00   3.9477288e-14   1.7792367e+02   1.0000000e+00   7.1384692e-03
   8.5200505e+04   9.7647523e+02   9.6654302e+00   2.5647690e-14   9.8614066e+02   1.0000000e+00   7.1342763e-03
   8.4058962e+04   9.1024512e+02   9.6906252e+00   2.6099510e-14   9.1993574e+02   1.0000000e+00   7.1093187e-03
   4.5734181e+06   1.3629301e-01   7.8880155e-02   2.8542751e-13   2.1517316e-01   1.0000000e+00   7.1006610e-03
   1.1681457e+05   4.7744808e+02   8.4220426e+00   3.0627228e-14   4.8587013e+02   1.0000000e+00   7.0905349e-03
   3.4653306e+06   1.0000000e-01   1.6430323e-02   4.1194295e-13   1.1643032e-01   1.0000000e+00   7.0856724e-03
   1.0064076e+05   6.7704792e+02   1.1347073e+01   2.8064659e-14   6.8839499e+02   1.0000000e+00   7.0840464e-03
   5.0000000e+06   1.0000000e-01   5.7903387e-02   3.2272758e-13   1.5790339e-01   1.0000000e+00   7.0578292e-03
   3.8354338e+06   1.0000000e-01   2.0561607e-02   3.9286676e-13   1.2056161e-01   1.0000000e+00   7.0564185e-03
   3.0109424e+06   4.2335631e-01   1.5590229e-01   1.9878301e-13   5.7925860e-01   1.0000000e+00   7.0422396e-03
   1.4641267e+06   1.9282664e+00   4.3507991e-01   1.2752267e-13   2.3633463e+00   1.0000000e+00   7.0367726e-03
   3.9743619e+06   2.4904277e-01   1.2317745e-01   2.3230780e-13   3.7222022e-01   1.0000000e+00   7.0323845e-03
   2.6546925e+06   7.3018565e-01   2.3346409e-01   1.6761724e-13   9.6364973e-01   1.0000000e+00   7.0269551e-03
   1.1584482e+05   4.9860834e+02   8.3674070e+00   3.0297316e-14   5.0697575e+02   1.0000000e+00   7.0246207e-03
   4.9283420e+05   1.5452230e+01   8.0085322e-01   7.4939092e-14   1.6253083e+01   1.0000000e+00   7.0082251e-03
   4.5951425e+06   1.3461578e-01   7.8028493e-02   2.8673482e-13   2.1264427e-01   1.0000000e+00   7.0023554e-03
   2.5890378e+05   9.6886238e+01   3.3171965e+00   4.5717852e-14   1.0020343e+02   1.0000000e+00   6.9665674e-03
   1.3701654e+05   4.0719621e+02   8.6137525e+00   3.1879415e-14   4.1580996e+02   1.0000000e+00   6.9616780e-03
   8.8050438e+04   8.5396460e+02   9.3671518e+00   2.6512599e-14   8.6333175e+02   1.0000000e+00   6.9355633e-03
   1.2943605e+05   4.1747614e+02   8.9292108e+00   3.1655261e-14   4.2640535e+02   1.0000000e+00   6.9288851e-03
   1.0094188e+05   7.1423523e+02   9.6149518e+00   2.7713972e-14   7.2385018e+02   1.0000000e+00   6.9244629e-03
   9.7863090e+04   6.9807348e+02   8.9695489e+00   2.7870020e-14   7.0704303e+02   1.0000000e+00   6.9125712e-03
   4.0661471e+06   2.5410597e-01   1.2438386e-01   2.3101073e-13   3.7848983e-01   1.0000000e+00   6.9088997e-03
   7.8620218e+05   7.1707276e+00   6.5573523e-01   9.0447650e-14   7.8264628e+00   1.0000000e+00   6.8887904e-03
   9.7387584e+04   7.2626505e+02   1.0845255e+01   2.7584571e-14   7.3711030e+02   1.0000000e+00   6.8750820e-03
   1.2740140e+05   3.6617216e+02   6.6159431e+00   3.2768383e-14   3.7278810e+02   1.0000000e+00   6.8715569e-03
   1.1536567e+05   4.8765212e+02   8.2291021e+00   3.0469903e-14   4.9588123e+02   1.0000000e+00   6.8597479e-03
   9.3676425e+04   8.0637216e+02   9.4213336e+00   2.6891517e-14   8.1579349e+02   1.0000000e+00   6.8452699e-03
   1.9706329e+05   1.7972526e+02   4.3027127e+00   3.9139987e-14   1.8402798e+02   1.0000000e+00   6.8443755e-03
   1.9983302e+06   1.2622504e+00   3.1158097e-01   1.4343400e-13   1.5738314e+00   1.0000000e+00   6.8372227e-03
   9.1669421e+04   7.6124760e+02   1.0397362e+01   2.7275188e-14   7.7164496e+02   1.0000000e+00   6.8234855e-03
   1.1663400e+05   5.2909411e+02   7.7381955e+00   2.9867525e-14   5.3683231e+02   1.0000000e+00   6.8065739e-03
   4.0283639e+06   1.0000000e-01   3.0251862e-02   3.6227008e-13   1.3025186e-01   1.0000000e+00   6.7953416e-03
   1.1849679e+05   4.9184478e+02   7.3430130e+00   3.0412435e-14   4.9918779e+02   1.0000000e+00   6.7833036e-03
   2.9123632e+06   1.0011279e-01   1.2722748e-02   4.3468204e-13   1.1283554e-01   1.0000000e+00   6.7454752e-03
   1.5152384e+06   2.2034051e+00   3.4936320e-01   1.2405852e-13   2.5527683e+00   1.0000000e+00   6.7300265e-03
   1.9209382e+05   1.8167555e+02   3.9375168e+00   3.9052918e-14   1.8561307e+02   1.0000000e+00   6.7255858e-03
   2.5217782e+06   1.0000000e-01   1.1652619e-02   4.4369139e-13   1.1165262e-01   1.0000000e+00   6.7228419e-03
   4.1964105e+06   1.8566119e-01   1.0531841e-01   2.5455742e-13   2.9097960e-01   1.0000000e+00   6.7192867e-03
   1.4292062e+05   3.3689736e+02   6.8380747e+00   3.3411899e-14   3.4373543e+02   1.0000000e+00   6.7059635e-03
   1.9247583e+05   2.0395185e+02   3.8635976e+00   3.7983006e-14   2.0781545e+02   1.0000000e+00   6.6708578e-03
   4.2793774e+06   1.8660292e-01   1.0723960e-01   2.5360488e-13   2.9384252e-01   1.0000000e+00   6.6578226e-03
   9.4425033e+04   8.3892264e+02   9.8010453e+00   2.6638674e-14   8.4872368e+02   1.0000000e+00   6.6545647e-03
   1.6729244e+05   2.2682961e+02   3.7801641e+00   3.6974376e-14   2.3060977e+02   1.0000000e+00   6.6292135e-03
   2.4950548e+06   6.8934441e-01   2.1990315e-01   1.7088113e-13   9.0924757e-01   1.0000000e+00   6.5904562e-03
   3.8603126e+06   2.4822664e-01   1.1617330e-01   2.3405324e-13   3.6439994e-01   1.0000000e+00   6.5700805e-03
   3.4488930e+06   1.0000000e-01   2.2310532e-02   3.8513879e-13   1.2231053e-01   1.0000000e+00   6.5652824e-03
   9.4957573e+04   8.3080979e+02   9.3243166e+00   2.6706848e-14   8.4013410e+02   1.0000000e+00   6.5627447e-03
   3.4016536e+06   1.0006480e-01   2.4812046e-02   3.7741508e-13   1.2487684e-01   1.0000000e+00   6.5559077e-03
   1.1511040e+05   4.8388208e+02   8.4226986e+00   3.0529010e-14   4.9230478e+02   1.0000000e+00   6.5540505e-03
   1.5583042e+05   2.4547627e+02   6.9356839e+00   3.6180163e-14   2.5241195e+02   1.0000000e+00   6.5489695e-03
   8.3585753e+04   9.7992200e+02   1.1541015e+01   2.5612215e-14   9.9146302e+02   1.0000000e+00   6.5444152e-03
   1.7837548e+05   2.3749132e+02   6.7726205e+00   3.6467750e-14   2.4426394e+02   1.0000000e+00   6.5351589e-03
   8.1137187e+05   9.5110375e+00   7.2021015e-01   8.3583377e-14   1.0231248e+01   1.0000000e+00   6.5234749e-03
   2.5813438e+06   7.8845275e-01   2.4536411e-01   1.6385545e-13   1.0338169e+00   1.0000000e+00   6.5211852e-03
   2.0633932e+05   1.8959611e+02   4.2501332e+00   3.8701301e-14   1.9384625e+02   1.0000000e+00   6.5137518e-03
   4.8856652e+06   1.1683569e-01   6.6606312e-02   3.0385318e-13   1.8344200e-01   1.0000000e+00   6.5088014e-03
   2.4648487e+06   6.7694968e-01   2.1477050e-01   1.7206371e-13   8.9172017e-01   1.0000000e+00   6.5081308e-03
   8.4824777e+04   9.2953248e+02   9.0005139e+00   2.5964857e-14   9.3853300e+02   1.0000000e+00   6.4809469e-03
   4.4316240e+06   1.0000000e-01   4.4766809e-02   3.3711673e-13   1.4476681e-01   1.0000000e+00   6.4808858e-03
   2.5964280e+05   8.3333982e+01   2.3220924e+00   4.7689858e-14   8.5656074e+01   1.0000000e+00   6.4741089e-03
   9.6499734e+04   6.8833071e+02   8.9772390e+00   2.7972942e-14   6.9730794e+02   1.0000000e+00   6.4737090e-03
   1.5107801e+05   3.6021183e+02   6.8434981e+00   3.2935128e-14   3.6705533e+02   1.0000000e+00   6.4586741e-03
   2.7512784e+06   1.0000000e-01   1.3255900e-02   4.3075634e-13   1.1325590e-01   1.0000000e+00   6.4417646e-03
   5.7247231e+05   1.5710074e+01   1.5113772e+00   7.2780064e-14   1.7221451e+01   1.0000000e+00   6.4381566e-03
   8.2543969e+05   1.3084927e+01   1.4744883e+00   7.6446138e-14   1.4559415e+01   1.0000000e+00   6.4261847e-03
   1.4993660e+06   1.7416713e+00   2.7451257e-01   1.3401388e-13   2.0161839e+00   1.0000000e+00   6.4249488e-03
   8.6470482e+05   9.9806668e+00   1.3334808e+00   8.1509062e-14   1.1314148e+01   1.0000000e+00   6.4132139e-03
   1.9898303e+06   1.1742293e+00   3.1441144e-01   1.4607145e-13   1.4886407e+00   1.0000000e+00   6.3831642e-03
   1.2961026e+05   3.8618057e+02   8.5471591e+00   3.2280498e-14   3.9472773e+02   1.0000000e+00   6.3801217e-03
   1.5069032e+06   1.6360574e+00   3.0843684e-01   1.3551234e-13   1.9444942e+00   1.0000000e+00   6.3763789e-03
   1.2368277e+05   4.0248832e+02   9.4637701e+00   3.1958197e-14   4.1195209e+02   1.0000000e+00   6.3501370e-03
   3.0946609e+06   1.0000000e-01   1.6900588e-02   4.0835946e-13   1.1690059e-01   1.0000000e+00   6.3284914e-03
   1.9593632e+06   1.4416980e+00   3.7354694e-01   1.3733509e-13   1.8152450e+00   1.0000000e+00   6.3271786e-03
   3.1979154e+06   1.0000000e-01   1.8286902e-02   4.0151643e-13   1.1828690e-01   1.0000000e+00   6.3071067e-03
   5.0000000e+06   1.0642576e-01   6.3386799e-02   3.1330138e-13   1.6981256e-01   1.0000000e+00   6.2808372e-03
   1.5437926e+06   1.8460118e+00   3.4248321e-01   1.3006638e-13   2.1884951e+00   1.0000000e+00   6.2671371e-03
   4.9756105e+06   1.0000000e-01   5.0041055e-02   3.3067948e-13   1.5004106e-01   1.0000000e+00   6.2427271e-03
   1.7185676e+05   2.3313822e+02   4.1164984e+00   3.6697549e-14   2.3725471e+02   1.0000000e+00   6.2200796e-03
   1.0191134e+05   6.3384974e+02   8.7105270e+00   2.8547444e-14   6.4256027e+02   1.0000000e+00   6.2164614e-03
   2.5331177e+05   1.1088043e+02   2.5114291e+00   4.4323396e-14   1.1339186e+02   1.0000000e+00   6.2083611e-03
   1.5729922e+05   2.8447769e+02   6.7923747e+00   3.4847235e-14   2.9127006e+02   1.0000000e+00   6.1852924e-03
   4.0296216e+05   5.3847670e+01   1.5667026e+00   5.3639108e-14   5.5414373e+01   1.0000000e+00   6.1832404e-03
   1.9292641e+06   1.2396152e+00   3.0631540e-01   1.4435048e-13   1.5459306e+00   1.0000000e+00   6.1669570e-03
   1.1532645e+05   5.4683409e+02   8.6020325e+00   2.9617004e-14   5.5543612e+02   1.0000000e+00   6.1648478e-03
   1.4707221e+05   3.5314038e+02   5.6141207e+00   3.3079058e-14   3.5875451e+02   1.0000000e+00   6.1630505e-03
   1.5274890e+06   1.8238002e+00   3.3189245e-01   1.3078281e-13   2.1556926e+00   1.0000000e+00   6.1454926e-03
   2.3711384e+06   6.6646837e-01   1.6876670e-01   1.7641241e-13   8.3523508e-01   1.0000000e+00   6.1415361e-03
   4.0647004e+06   2.3853520e-01   1.2159560e-01   2.3515074e-13   3.6013081e-01   1.0000000e+00   6.1248818e-03
   1.4862145e+06   2.5370033e+00   3.4135705e-01   1.1992998e-13   2.8783603e+00   1.0000000e+00   6.1217264e-03
   3.8329616e+06   1.0000000e-01   2.4217798e-02   3.7882501e-13   1.2421780e-01   1.0000000e+00   6.1157835e-03
   3.8904813e+06   1.0010440e-01   2.6194929e-02   3.7267252e-13   1.2629933e-01   1.0000000e+00   6.1054093e-03
   8.2246237e+04   1.0000000e+03   1.6548881e+01   2.5467679e-14   1.0165489e+03   1.0000000e+00   6.1003875e-03
   4.9836575e+06   1.0106098e-01   6.4513965e-02   3.1657613e-13   1.6557495e-01   1.0000000e+00   6.0885307e-03
   2.8227360e+06   1.0000000e-01   1.3864927e-02   4.2644761e-13   1.1386493e-01   1.0000000e+00   6.0593291e-03
   9.2477019e+04   8.6127071e+02   9.7916760e+00   2.6461970e-14   8.7106239e+02   1.0000000e+00   6.0568464e-03
   3.4898169e+06   3.1640204e-01   1.5409105e-01   2.1387973e-13   4.7049309e-01   1.0000000e+00   6.0412880e-03
   1.6020263e+05   2.9608457e+02   6.9180837e+00   3.4524609e-14   3.0300266e+02   1.0000000e+00   6.0157850e-03
   5.3201572e+05   1.9921451e+01   6.7190020e-01   6.9684639e-14   2.0593351e+01   1.0000000e+00   6.0023594e-03
   1.4172061e+05   3.4911210e+02   6.8677997e+00   3.3119124e-14   3.5597990e+02   1.0000000e+00   5.9999814e-03
   9.2209172e+04   7.5877632e+02   1.0565104e+01   2.7294378e-14   7.6934143e+02   1.0000000e+00   5.9940923e-03
   9.5466275e+04   8.2840004e+02   9.6246863e+00   2.6726194e-14   8.3802473e+02   1.0000000e+00   5.9929617e-03
   3.2966771e+06   3.2602312e-01   1.4493552e-01   2.1379947e-13   4.7095864e-01   1.0000000e+00   5.9886443e-03
   8.3058255e+04   1.0000000e+03   2.3788960e+01   2.5455709e-14   1.0237890e+03   1.0000000e+00   5.9860719e-03
   4.4342058e+05   2.6813645e+01   8.3731358e-01   6.4374546e-14   2.7650958e+01   1.0000000e+00   5.9584772e-03
   1.3782636e+05   3.6190118e+02   6.6804273e+00   3.2826519e-14   3.6858161e+02   1.0000000e+00   5.9455201e-03
   1.4794331e+05   3.1346756e+02   6.6257585e+00   3.4018712e-14   3.2009332e+02   1.0000000e+00   5.9446970e-03
   2.7518584e+06   1.0000000e-01   1.3380098e-02   4.2989335e-13   1.1338010e-01   1.0000000e+00   5.9433339e-03
   2.9099818e+06   1.0000000e-01   1.1008869e-02   4.5027039e-13   1.1100887e-01   1.0000000e+00   5.9379237e-03
   1.3078587e+05   4.7118205e+02   7.5997433e+00   3.0787962e-14   4.7878179e+02   1.0000000e+00   5.9298570e-03
   2.1533623e+05   1.3826392e+02   4.7963208e+00   4.1756573e-14   1.4306024e+02   1.0000000e+00   5.9272850e-03
   8.3012744e+04   1.0000000e+03   1.8084036e+01   2.5464215e-14   1.0180840e+03   1.0000000e+00   5.9165624e-03
   4.8306145e+06   1.0000000e-01   4.5308519e-02   3.3639037e-13   1.4530852e-01   1.0000000e+00   5.8899678e-03
   1.0411298e+05   5.4449698e+02   7.9729451e+00   2.9685026e-14   5.5246993e+02   1.0000000e+00   5.8888152e-03
   2.4436012e+06   1.0000000e-01   1.0211761e-02   4.5687505e-13   1.1021176e-01   1.0000000e+00   5.8712445e-03
   8.3686704e+04   9.3526777e+02   9.5916033e+00   2.5923010e-14   9.4485937e+02   1.0000000e+00   5.8623761e-03
   2.9483618e+06   4.9059192e-01   2.0570341e-01   1.8689578e-13   6.9629533e-01   1.0000000e+00   5.8517125e-03
   9.1938431e+04   7.4544029e+02   1.0324219e+01   2.7421273e-14   7.5576451e+02   1.0000000e+00   5.8506928e-03
   1.1522565e+05   5.0524031e+02   8.5241990e+00   3.0196499e-14   5.1376451e+02   1.0000000e+00   5.8334511e-03
   2.9274250e+06   1.0000000e-01   1.5519817e-02   4.1609921e-13   1.1551982e-01   1.0000000e+00   5.8319626e-03
   9.2892475e+04   8.4674899e+02   1.0031668e+01   2.6569820e-14   8.5678066e+02   1.0000000e+00   5.8236935e-03
   2.2975751e+05   1.4275808e+02   5.0618189e+00   4.1437435e-14   1.4781990e+02   1.0000000e+00   5.8097148e-03
   1.5057626e+05   3.1057719e+02   5.7846927e+00   3.4118385e-14   3.1636188e+02   1.0000000e+00   5.8056093e-03
   9.1838640e+04   7.6572527e+02   1.0504783e+01   2.7233070e-14   7.7623005e+02   1.0000000e+00   5.7764696e-03
   1.5660413e+05   2.4121552e+02   6.9829220e+00   3.6341664e-14   2.4819845e+02   1.0000000e+00   5.7690835e-03
   1.2614762e+05   3.7503730e+02   9.0779587e+00   3.2541281e-14   3.8411526e+02   1.0000000e+00   5.7677339e-03
   8.4261695e+05   9.4377279e+00   1.3679678e+00   8.2508060e-14   1.0805696e+01   1.0000000e+00   5.7638774e-03
   1.2654499e+05   3.8055101e+02   6.7682464e+00   3.2442039e-14   3.8731926e+02   1.0000000e+00   5.7622547e-03
   1.2750443e+05   4.4087472e+02   7.9870758e+00   3.1244296e-14   4.4886180e+02   1.0000000e+00   5.7524518e-03
   1.1571483e+05   5.3928130e+02   8.3150217e+00   2.9720634e-14   5.4759632e+02   1.0000000e+00   5.7514055e-03
   4.9132823e+06   1.0292900e-01   5.7642087e-02   3.2067376e-13   1.6057109e-01   1.0000000e+00   5.7254275e-03
   8.7307514e+04   8.9857735e+02   9.5827853e+00   2.6178099e-14   9.0816013e+02   1.0000000e+00   5.7235777e-03
   3.4845974e+06   1.0000410e-01   2.1004572e-02   3.8990801e-13   1.2100867e-01   1.0000000e+00   5.7203818e-03
   8.7543461e+04   9.9352049e+02   1.1113458e+01   2.5546006e-14   1.0046339e+03   1.0000000e+00   5.7104002e-03
   3.6872339e+06   1.0000032e-01   3.2652482e-02   3.5811211e-13   1.3265280e-01   1.0000000e+00   5.6926799e-03
   1.1247230e+05   5.6472605e+02   7.8726904e+00   2.9386245e-14   5.7259874e+02   1.0000000e+00   5.6661412e-03
   1.0231817e+05   6.9619775e+02   8.8874267e+00   2.7896355e-14   7.0508517e+02   1.0000000e+00   5.6329669e-03
   1.0662134e+05   5.5036454e+02   8.2097851e+00   2.9579472e-14   5.5857433e+02   1.0000000e+00   5.6228285e-03
   8.2853936e+04   9.9724166e+02   1.1619135e+01   2.5501252e-14   1.0088608e+03   1.0000000e+00   5.6172957e-03
   1.4706342e+05   3.3450553e+02   5.8014704e+00   3.3501124e-14   3.4030700e+02   1.0000000e+00   5.5948039e-03
   2.6695302e+06   4.9355176e-01   1.4747927e-01   1.9262585e-13   6.4103103e-01   1.0000000e+00   5.5882198e-03
   2.6490261e+06   1.0000000e-01   1.0790954e-02   4.5108791e-13   1.1079095e-01   1.0000000e+00   5.5687351e-03
   3.5215100e+06   1.0000000e-01   2.1642496e-02   3.8749104e-13   1.2164250e-01   1.0000000e+00   5.5651986e-03
   8.4587935e+04   9.9946213e+02   2.3173872e+01   2.5462484e-14   1.0226360e+03   1.0000000e+00   5.5534674e-03
   7.6452534e+05   6.7654886e+00   7.1818021e-01   9.2020671e-14   7.4836688e+00   1.0000000e+00   5.5449061e-03
   3.3965002e+06   1.0000000e-01   1.9755556e-02   3.9495446e-13   1.1975556e-01   1.0000000e+00   5.5320853e-03
   8.4444196e+04   9.4441584e+02   9.5261699e+00   2.5858883e-14   9.5394201e+02   1.0000000e+00   5.5276247e-03
   1.3260465e+05   4.1540705e+02   8.5017611e+00   3.1706871e-14   4.2390881e+02   1.0000000e+00   5.5267431e-03
   1.9643905e+05   1.5384554e+02   4.3239028e+00   4.0719203e-14   1.5816944e+02   1.0000000e+00   5.5256403e-03
   1.4378716e+05   3.6925052e+02   6.1193544e+00   3.2702173e-14   3.7536987e+02   1.0000000e+00   5.5054223e-03
   9.6730380e+04   8.0096739e+02   9.4104040e+00   2.6948884e-14   8.1037779e+02   1.0000000e+00   5.5048748e-03
   2.9932932e+06   5.0673737e-01   2.1259178e-01   1.8483215e-13   7.1932915e-01   1.0000000e+00   5.4629136e-03
   1.2970864e+05   3.7139076e+02   6.7423115e+00   3.2629350e-14   3.7813308e+02   1.0000000e+00   5.4525153e-03
   2.0231953e+05   1.4169392e+02   4.3705794e+00   4.1575248e-14   1.4606450e+02   1.0000000e+00   5.3531398e-03
   1.1711158e+05   5.3119318e+02   7.7544733e+00   2.9840808e-14   5.3894765e+02   1.0000000e+00   5.3490866e-03
   9.7098847e+04   6.8310225e+02   8.9677145e+00   2.8024871e-14   6.9206996e+02   1.0000000e+00   5.3203112e-03
   5.1131507e+05   2.3514149e+01   7.3250247e-01   6.6667957e-14   2.4246652e+01   1.0000000e+00   5.3150323e-03
   8.7556231e+04   9.0839699e+02   8.9855320e+00   2.6113148e-14   9.1738252e+02   1.0000000e+00   5.2867946e-03
   1.2344831e+05   5.1830784e+02   8.5320754e+00   3.0045919e-14   5.2683991e+02   1.0000000e+00   5.2812015e-03
   1.1530936e+05   5.0118537e+02   8.4274704e+00   3.0258322e-14   5.0961284e+02   1.0000000e+00   5.2794451e-03
   1.4284965e+06   2.0502894e+00   3.6424224e-01   1.2650964e-13   2.4145317e+00   1.0000000e+00   5.2718845e-03
   1.3092442e+05   4.1018015e+02   8.5685734e+00   3.1798298e-14   4.1874872e+02   1.0000000e+00   5.2680122e-03
   4.2331460e+05   3.6322288e+01   1.6304943e+00   5.8803975e-14   3.7952782e+01   1.0000000e+00   5.2607244e-03
   1.0188915e+05   6.4441880e+02   8.7321425e+00   2.8429132e-14   6.5315095e+02   1.0000000e+00   5.2450462e-03
   8.3472270e+04   9.7737053e+02   1.1633865e+01   2.5628274e-14   9.8900440e+02   1.0000000e+00   5.2445931e-03
   3.8135251e+06   1.0000000e-01   2.7784735e-02   3.6837839e-13   1.2778473e-01   1.0000000e+00   5.2403498e-03
   9.4045381e+04   8.1145862e+02   9.4367118e+00   2.6851691e-14   8.2089533e+02   1.0000000e+00   5.2380553e-03
   1.1388732e+05   5.5559660e+02   8.5515669e+00   2.9499128e-14   5.6414817e+02   1.0000000e+00   5.2269747e-03
   9.2774416e+04   8.4209688e+02   1.0205116e+01   2.6603160e-14   8.5230200e+02   1.0000000e+00   5.2208036e-03
   1.3504206e+05   4.1211866e+02   8.8730649e+00   3.1774670e-14   4.2099173e+02   1.0000000e+00   5.2162650e-03
   1.3007213e+05   3.8302817e+02   6.6273035e+00   3.2373015e-14   3.8965548e+02   1.0000000e+00   5.2110755e-03
   3.4294945e+06   3.1682536e-01   1.0382793e-01   2.2337773e-13   4.2065329e-01   1.0000000e+00   5.2101990e-03
   1.1604639e+05   4.7483062e+02   8.3691095e+00   3.0673393e-14   4.8319973e+02   1.0000000e+00   5.2099270e-03
   3.3149071e+05   5.9523497e+01   3.1651582e+00   5.1629059e-14   6.2688655e+01   1.0000000e+00   5.2063168e-03
   9.5745608e+04   6.8478659e+02   8.9725455e+00   2.8013932e-14   6.9375914e+02   1.0000000e+00   5.2007006e-03
   3.0656959e+06   3.9219275e-01   1.5485847e-01   2.0282685e-13   5.4705122e-01   1.0000000e+00   5.1755399e-03
   1.0278985e+05   6.0212630e+02   9.2548003e+00   2.8914218e-14   6.1138110e+02   1.0000000e+00   5.1676553e-03
   3.8964818e+06   2.3659381e-01   1.0158719e-01   2.4074274e-13   3.3818100e-01   1.0000000e+00   5.1601413e-03
   4.7441493e+06   1.0000000e-01   5.3501029e-02   3.2700200e-13   1.5350103e-01   1.0000000e+00   5.1386909e-03
   3.0129274e+06   1.0000000e-01   1.6567634e-02   4.1023020e-13   1.1656763e-01   1.0000000e+00   5.1346097e-03
   4.6677797e+05   2.3900022e+01   1.9945296e+00   6.5313398e-14   2.5894552e+01   1.0000000e+00   5.1296724e-03
   1.1110828e+05   5.7043400e+02   7.8496529e+00   2.9311309e-14   5.7828365e+02   1.0000000e+00   5.0931923e-03
   4.4343485e+05   3.1460099e+01   2.1996229e+00   6.0733396e-14   3.3659722e+01   1.0000000e+00   5.0922726e-03
   1.0866418e+05   6.5484964e+02   8.4601367e+00   2.8346395e-14   6.6330978e+02   1.0000000e+00   5.0883806e-03
   1.1599991e+05   5.2383301e+02   8.3127751e+00   2.9931267e-14   5.3214578e+02   1.0000000e+00   5.0664231e-03
   9.3994690e+05   4.4687184e+00   5.1752882e-01   1.0299861e-13   4.9862472e+00   1.0000000e+00   5.0615909e-03
   2.0542057e+05   1.6399065e+02   4.6153104e+00   4.0024588e-14   1.6860596e+02   1.0000000e+00   5.0485957e-03
   4.4675399e+06   1.0000000e-01   3.2268490e-02   3.5843604e-13   1.3226849e-01   1.0000000e+00   5.0462816e-03
   9.4065273e+04   8.0927441e+02   9.4292766e+00   2.6869270e-14   8.1870368e+02   1.0000000e+00   5.0407227e-03
   3.0099959e+06   1.0000000e-01   1.7566704e-02   4.0536392e-13   1.1756670e-01   1.0000000e+00   5.0269291e-03
   9.4958360e+04   7.8283621e+02   1.0312378e+01   2.7082577e-14   7.9314859e+02   1.0000000e+00   5.0238600e-03
   2.7615519e+05   1.0553684e+02   1.9316521e+00   4.5103941e-14   1.0746849e+02   1.0000000e+00   5.0192627e-03
   2.6262553e+06   7.7370526e-01   2.7252575e-01   1.6339892e-13   1.0462310e+00   1.0000000e+00   5.0055698e-03
   1.4285596e+05   3.5547597e+02   6.8093792e+00   3.2978771e-14   3.6228535e+02   1.0000000e+00   5.0047160e-03
   1.4952215e+05   3.0495562e+02   6.6420931e+00   3.4251434e-14   3.1159771e+02   1.0000000e+00   4.9934130e-03
   9.5844175e+04   8.0260402e+02   9.1928181e+00   2.6932361e-14   8.1179684e+02   1.0000000e+00   4.9902449e-03
   1.5174303e+05   2.8141684e+02   7.3493650e+00   3.4933834e-14   2.8876620e+02   1.0000000e+00   4.9842478e-03
   8.3083772e+04   9.4137060e+02   9.6070053e+00   2.5882402e-14   9.5097760e+02   1.0000000e+00   4.9782390e-03
   1.5651669e+05   2.8794350e+02   6.7786510e+00   3.4743237e-14   2.9472215e+02   1.0000000e+00   4.9751071e-03
   3.5150574e+06   2.6677511e-01   1.4173108e-01   2.2551433e-13   4.0850619e-01   1.0000000e+00   4.9750426e-03
   4.4670390e+06   1.0000000e-01   3.8959116e-02   3.4544594e-13   1.3895912e-01   1.0000000e+00   4.9699153e-03
   8.9705728e+04   7.7909019e+02   9.8603515e+00   2.7127828e-14   7.8895054e+02   1.0000000e+00   4.9662119e-03
   3.0542353e+06   4.5397299e-01   1.6890647e-01   1.9377779e-13   6.2287947e-01   1.0000000e+00   4.9612392e-03
   4.0560078e+06   2.7312906e-01   1.4116594e-01   2.2385820e-13   4.1429500e-01   1.0000000e+00   4.9406862e-03
   3.3165495e+05   6.6320936e+01   3.1221615e+00   5.0285155e-14   6.9443097e+01   1.0000000e+00   4.9307318e-03
   1.0467913e+05   6.5729217e+02   8.6744700e+00   2.8295576e-14   6.6596664e+02   1.0000000e+00   4.9294258e-03
   2.9427380e+06   1.0000000e-01   1.2092199e-02   4.4020921e-13   1.1209220e-01   1.0000000e+00   4.9115885e-03
   4.8892922e+06   1.0000000e-01   6.4575198e-02   3.1755647e-13   1.6457520e-01   1.0000000e+00   4.8985726e-03
   3.0153762e+06   1.0000000e-01   1.7132623e-02   4.0739943e-13   1.1713262e-01   1.0000000e+00   4.8984449e-03
   1.3553440e+05   3.9467032e+02   7.6351551e+00   3.2121057e-14   4.0230547e+02   1.0000000e+00   4.8866577e-03
   6.7796453e+05   2.1571191e+01   1.2961891e+00   6.8004795e-14   2.2867380e+01   1.0000000e+00   4.8783089e-03
   8.4679443e+04   1.0000000e+03   2.8786835e+01   2.5453951e-14   1.0287868e+03   1.0000000e+00   4.8625728e-03
   4.0608595e+05   3.8472894e+01   1.6816116e+00   5.7944240e-14   4.0154505e+01   1.0000000e+00   4.8599775e-03
   3.0758667e+06   1.0015910e-01   1.5128497e-02   4.1814914e-13   1.1528760e-01   1.0000000e+00   4.8511773e-03
   1.7493120e+05   1.9912216e+02   4.7856801e+00   3.8156194e-14   2.0390784e+02   1.0000000e+00   4.8488068e-03
   8.2949576e+04   1.0000000e+03   1.1839520e+01   2.5482911e-14   1.0118395e+03   1.0000000e+00   4.8344539e-03
   1.0845810e+05   6.0920684e+02   9.4520882e+00   2.8824699e-14   6.1865892e+02   1.0000000e+00   4.8334541e-03
   4.2076279e+06   2.1931075e-01   1.0468582e-01   2.4450869e-13   3.2399656e-01   1.0000000e+00   4.8249512e-03
   8.6798075e+04   8.5142832e+02   9.3673621e+00   2.6536774e-14   8.6079568e+02   1.0000000e+00   4.8236756e-03
   3.0109494e+06   1.0000000e-01   1.7596814e-02   4.0522053e-13   1.1759681e-01   1.0000000e+00   4.8143692e-03
   1.1339881e+05   5.4119037e+02   8.3459306e+00   2.9688927e-14   5.4953630e+02   1.0000000e+00   4.8095999e-03
   3.4861032e+05   6.3008226e+01   3.1978215e+00   5.0955103e-14   6.6206047e+01   1.0000000e+00   4.8091877e-03
   2.8098142e+05   8.5330376e+01   2.8477500e+00   4.7240597e-14   8.8178126e+01   1.0000000e+00   4.8005484e-03
   3.2700329e+06   1.0000000e-01   1.8685908e-02   3.9963660e-13   1.1868591e-01   1.0000000e+00   4.7965780e-03
   1.4782562e+05   3.4092947e+02   5.9309144e+00   3.3349795e-14   3.4686038e+02   1.0000000e+00   4.7949659e-03
   2.5288401e+06   1.0000000e-01   1.2126431e-02   4.3996063e-13   1.1212643e-01   1.0000000e+00   4.7763787e-03
   1.2251430e+05   3.9833942e+02   6.5342312e+00   3.2089501e-14   4.0487366e+02   1.0000000e+00   4.7666700e-03
   3.0732349e+06   3.9624426e-01   1.5571099e-01   2.0216052e-13   5.5195525e-01   1.0000000e+00   4.7648321e-03
   3.5166611e+06   3.4865134e-01   1.5920418e-01   2.0804458e-13   5.0785552e-01   1.0000000e+00   4.7557827e-03
   2.3462981e+05   1.0630124e+02   4.0876085e+00   4.4665070e-14   1.1038885e+02   1.0000000e+00   4.7482189e-03
   1.4833240e+05   2.7742460e+02   6.5729438e+00   3.5091722e-14   2.8399754e+02   1.0000000e+00   4.7461459e-03
   4.4702633e+06   1.0000000e-01   6.0215729e-02   3.2211481e-13   1.6021573e-01   1.0000000e+00   4.7405220e-03
   3.4916698e+06   2.6673690e-01   1.3903031e-01   2.2601122e-13   4.0576721e-01   1.0000000e+00   4.7269025e-03
   1.5010404e+05   3.0017841e+02   6.6532506e+00   3.4385728e-14   3.0683166e+02   1.0000000e+00   4.7160117e-03
   3.7984848e+06   1.0000000e-01   2.7862828e-02   3.6819156e-13   1.2786283e-01   1.0000000e+00   4.7142644e-03
   3.5348546e+05   5.9734332e+01   3.1693112e+00   5.1620244e-14   6.2903643e+01   1.0000000e+00   4.7125824e-03
   1.1068562e+05   5.6703255e+02   7.8540572e+00   2.9353364e-14   5.7488661e+02   1.0000000e+00   4.6928350e-03
   1.1714507e+05   5.2003107e+02   7.9309718e+00   2.9991589e-14   5.2796204e+02   1.0000000e+00   4.6819270e-03
   3.0354632e+05   8.0444798e+01   2.8079823e+00   4.7978437e-14   8.3252780e+01   1.0000000e+00   4.6757276e-03
   3.0667530e+06   4.0518660e-01   1.5762012e-01   2.0076799e-13   5.6280671e-01   1.0000000e+00   4.6539562e-03
   3.0120883e+06   4.5311594e-01   1.5583113e-01   1.9537536e-13   6.0894707e-01   1.0000000e+00   4.6521153e-03
   3.4729090e+05   5.3704921e+01   2.5655524e+00   5.3063990e-14   5.6270474e+01   1.0000000e+00   4.6437983e-03
   9.3100386e+04   8.2365843e+02   9.8694847e+00   2.6748797e-14   8.3352791e+02   1.0000000e+00   4.6323834e-03
   3.4455808e+05   6.2867357e+01   3.1209749e+00   5.0973693e-14   6.5988332e+01   1.0000000e+00   4.6140641e-03
   1.2100526e+05   4.6453885e+02   9.6649669e+00   3.0820383e-14   4.7420382e+02   1.0000000e+00   4.6032126e-03
   2.2150153e+05   1.6109776e+02   4.1160609e+00   4.0290605e-14   1.6521382e+02   1.0000000e+00   4.5994943e-03
   3.5185019e+06   3.7092088e-01   2.0645106e-01   2.0015379e-13   5.7737194e-01   1.0000000e+00   4.5950878e-03
   4.0231862e+06   1.0000000e-01   2.9130625e-02   3.6497602e-13   1.2913062e-01   1.0000000e+00   4.5902245e-03
   9.3002117e+04   8.3485083e+02   9.7873324e+00   2.6662199e-14   8.4463817e+02   1.0000000e+00   4.5881043e-03
   3.0321442e+06   1.0000000e-01   2.0965110e-02   3.9176651e-13   1.2096511e-01   1.0000000e+00   4.5864030e-03
   4.0323084e+06   1.0000000e-01   2.9840988e-02   3.6324409e-13   1.2984099e-01   1.0000000e+00   4.5804169e-03
   4.5220028e+06   1.5734369e-01   9.1273719e-02   2.6996911e-13   2.4861741e-01   1.0000000e+00   4.5776533e-03
   1.1560212e+05   5.3387474e+02   8.2943503e+00   2.9792816e-14   5.4216909e+02   1.0000000e+00   4.5552479e-03
   1.0845806e+05   6.0920319e+02   9.4542608e+00   2.8824722e-14   6.1865745e+02   1.0000000e+00   4.5527180e-03
   1.3088565e+05   4.7259165e+02   7.6010058e+00   3.0768100e-14   4.8019266e+02   1.0000000e+00   4.5497496e-03
   8.7834739e+04   8.7687547e+02   1.0091540e+01   2.6333350e-14   8.8696701e+02   1.0000000e+00   4.5448184e-03
   4.4967235e+06   1.5762623e-01   8.6289090e-02   2.7187923e-13   2.4391532e-01   1.0000000e+00   4.5434550e-03
   3.4806461e+05   4.9548339e+01   2.6763108e+00   5.4151596e-14   5.2224650e+01   1.0000000e+00   4.5339002e-03
   3.8569916e+06   1.0000000e-01   2.6064522e-02   3.7310901e-13   1.2606452e-01   1.0000000e+00   4.5326453e-03
   1.5423325e+06   2.1843483e+00   3.3017169e-01   1.2470489e-13   2.5145200e+00   1.0000000e+00   4.5272685e-03
   2.5482930e+05   9.6324527e+01   3.3153316e+00   4.5794831e-14   9.9639859e+01   1.0000000e+00   4.5258444e-03
   1.1947081e+05   5.0951674e+02   8.5429609e+00   3.0140688e-14   5.1805970e+02   1.0000000e+00   4.5036951e-03
   4.8989689e+06   1.0688120e-01   6.4552124e-02   3.1215227e-13   1.7143332e-01   1.0000000e+00   4.4727951e-03
   8.2664551e+04   9.9012665e+02   9.9296411e+00   2.5555860e-14   1.0000563e+03   1.0000000e+00   4.4689551e-03
   1.3673203e+05   3.4380186e+02   5.7483737e+00   3.3272564e-14   3.4955023e+02   1.0000000e+00   4.4510215e-03
   1.0502496e+05   6.5180805e+02   8.6519996e+00   2.8354182e-14   6.6046005e+02   1.0000000e+00   4.4479691e-03
   3.9831464e+06   2.2603568e-01   1.0442477e-01   2.4263221e-13   3.3046044e-01   1.0000000e+00   4.4274009e-03
   6.1750503e+05   2.2311771e+01   1.5410073e+00   6.6758845e-14   2.3852778e+01   1.0000000e+00   4.4218491e-03
   2.5530615e+05   8.8193487e+01   2.3214509e+00   4.7001579e-14   9.0514937e+01   1.0000000e+00   4.4202082e-03
   1.4802700e+05   3.0309211e+02   6.7423272e+00   3.4302791e-14   3.0983444e+02   1.0000000e+00   4.4157797e-03
   9.3336010e+04   8.2423368e+02   9.8140910e+00   2.6745489e-14   8.3404777e+02   1.0000000e+00   4.4141077e-03
   3.7955362e+06   1.0000000e-01   2.3271141e-02   3.8197621e-13   1.2327114e-01   1.0000000e+00   4.4113631e-03
   4.5204080e+06   1.5778533e-01   8.7111537e-02   2.7146191e-13   2.4489687e-01   1.0000000e+00   4.4109959e-03
   1.2525476e+05   4.5832827e+02   8.0277849e+00   3.0945234e-14   4.6635606e+02   1.0000000e+00   4.4097128e-03
   1.7148634e+05   2.2925048e+02   3.8625195e+00   3.6864487e-14   2.3311300e+02   1.0000000e+00   4.4060117e-03
   1.5899985e+05   2.2878906e+02   6.0804710e+00   3.6855605e-14   2.3486953e+02   1.0000000e+00   4.4026181e-03
   1.6089742e+05   2.7964963e+02   6.8467160e+00   3.5000552e-14   2.8649634e+02   1.0000000e+00   4.3946855e-03
   4.2122387e+05   3.3566643e+01   2.2011359e+00   5.9783837e-14   3.5767779e+01   1.0000000e+00   4.3921779e-03
   1.1588515e+05   4.4459496e+02   7.9095783e+00   3.1208645e-14   4.5250454e+02   1.0000000e+00   4.3824063e-03
   8.2171033e+04   9.7224651e+02   9.5168247e+00   2.5676112e-14   9.8176333e+02   1.0000000e+00   4.3823027e-03
   1.0598762e+06   5.9569429e+00   1.0412455e+00   9.3034572e-14   6.9981884e+00   1.0000000e+00   4.3820192e-03
   3.9623879e+06   2.2919927e-01   1.0175353e-01   2.4259240e-13   3.3095280e-01   1.0000000e+00   4.3662895e-03
   3.2478775e+06   3.2168446e-01   1.2301957e-01   2.1824866e-13   4.4470403e-01   1.0000000e+00   4.3440916e-03
   8.3878658e+04   9.8415478e+02   1.1605471e+01   2.5584940e-14   9.9576025e+02   1.0000000e+00   4.3372688e-03
   3.2455544e+06   1.0000000e-01   1.8489152e-02   4.0054332e-13   1.1848915e-01   1.0000000e+00   4.3369616e-03
   8.4616880e+04   9.7148594e+02   9.0018126e+00   2.5683360e-14   9.8048775e+02   1.0000000e+00   4.3301889e-03
   9.4563293e+04   7.7431442e+02   9.2847623e+00   2.7161773e-14   7.8359918e+02   1.0000000e+00   4.2665103e-03
   8.2664568e+04   9.9015733e+02   9.8930396e+00   2.5555901e-14   1.0000504e+03   1.0000000e+00   4.2342966e-03
   1.4993661e+06   1.7146623e+00   2.1519435e-01   1.3674164e-13   1.9298566e+00   1.0000000e+00   4.2339858e-03
   3.2862981e+06   3.2075296e-01   1.2331213e-01   2.1829006e-13   4.4406509e-01   1.0000000e+00   4.2317034e-03
   8.3878553e+04   9.8414855e+02   1.1500822e+01   2.5585486e-14   9.9564937e+02   1.0000000e+00   4.2312932e-03
   4.5194224e+05   3.3077008e+01   2.1370995e+00   5.9985548e-14   3.5214108e+01   1.0000000e+00   4.2231039e-03
   4.7326417e+06   1.0000000e-01   5.4155157e-02   3.2638743e-13   1.5415516e-01   1.0000000e+00   4.2228942e-03
   8.4764154e+04   9.6490231e+02   9.4950958e+00   2.5722587e-14   9.7439741e+02   1.0000000e+00   4.2128839e-03
   8.7491766e+04   8.6532606e+02   8.9634801e+00   2.6429220e-14   8.7428954e+02   1.0000000e+00   4.2077848e-03
   5.6593887e+05   2.0434047e+01   7.5133103e-01   6.9011125e-14   2.1185379e+01   1.0000000e+00   4.2061513e-03
   1.0138706e+05   6.1817822e+02   8.6515958e+00   2.8732019e-14   6.2682982e+02   1.0000000e+00   4.2046770e-03
   1.2124008e+05   4.6325756e+02   9.5358907e+00   3.0842550e-14   4.7279345e+02   1.0000000e+00   4.1997906e-03
   1.1464060e+05   5.2321548e+02   8.5553870e+00   2.9935479e-14   5.3177087e+02   1.0000000e+00   4.1974350e-03
   1.9090612e+05   2.0157846e+02   4.1492419e+00   3.8062644e-14   2.0572770e+02   1.0000000e+00   4.1899551e-03
   9.5144377e+04   7.8075127e+02   1.0314509e+01   2.7100570e-14   7.9106578e+02   1.0000000e+00   4.1765531e-03
   1.1519762e+05   5.0371743e+02   8.5156949e+00   3.0219409e-14   5.1223313e+02   1.0000000e+00   4.1697907e-03
   1.2663036e+05   3.8278795e+02   9.7029136e+00   3.2357702e-14   3.9249087e+02   1.0000000e+00   4.1490750e-03
   3.4845232e+06   1.0000000e-01   2.1253096e-02   3.8895381e-13   1.2125310e-01   1.0000000e+00   4.1433341e-03
   2.0205180e+05   1.5755431e+02   4.5589779e+00   4.0432001e-14   1.6211329e+02   1.0000000e+00   4.1406070e-03
   9.7807139e+04   7.2871862e+02   1.1200224e+01   2.7560121e-14   7.3991884e+02   1.0000000e+00   4.1388269e-03
   4.2230271e+05   3.6207427e+01   2.2236563e+00   5.8623276e-14   3.8431083e+01   1.0000000e+00   4.1190103e-03
