   8.2657665e+05   1.0000000e-01   1.0000000e-02   8.0091419e-13   1.1000000e-01   1.0000000e+00             Inf
   8.2385299e+04   1.0000000e+03   4.0489482e+01   2.5586269e-14   1.0404895e+03   1.0000000e+00             Inf
   2.1122273e+06   3.2212499e-01   2.2753826e-01   2.8712223e-13   5.4966325e-01   1.0000000e+00   1.8088286e-02
   2.1924618e+06   1.4643804e-01   1.3089589e-01   3.9323158e-13   2.7733393e-01   1.0000000e+00   1.7236452e-02
   2.2085935e+06   1.4158019e-01   1.2245791e-01   4.0227036e-13   2.6403810e-01   1.0000000e+00   1.6618468e-02
   1.2417791e+05   5.2710244e+02   2.1654368e+01   3.0216237e-14   5.4875680e+02   1.0000000e+00   1.6470241e-02
   9.2471610e+05   1.0000000e-01   1.3935451e-02   7.3815366e-13   1.1393545e-01   1.0000000e+00   1.3926454e-02
   9.1625000e+05   1.0000000e-01   1.4601136e-02   7.3047949e-13   1.1460114e-01   1.0000000e+00   1.3792060e-02
   2.3970452e+06   1.2344818e-01   1.1716769e-01   4.2016379e-13   2.4061587e-01   1.0000000e+00   1.3307454e-02
   1.1698317e+05   4.2816796e+02   2.1728906e+01   3.1753187e-14   4.4989686e+02   1.0000000e+00   1.3227593e-02
   2.2714833e+06   1.0000000e-01   6.7422111e-02   5.0385865e-13   1.6742211e-01   1.0000000e+00   1.2915965e-02
   1.7026954e+06   1.0000000e-01   4.7856087e-02   5.4591091e-13   1.4785609e-01   1.0000000e+00   1.2746713e-02
   1.1294060e+05   5.1276613e+02   2.3347903e+01   3.0316529e-14   5.3611403e+02   1.0000000e+00   1.2545096e-02
   8.1383637e+05   1.3435828e+01   2.5803080e+00   8.2278351e-14   1.6016136e+01   1.0000000e+00   1.2134091e-02
   1.1909728e+06   1.0000000e-01   1.8316225e-02   6.9027977e-13   1.1831622e-01   1.0000000e+00   1.2047686e-02
   1.6566577e+06   1.0000000e-01   4.2190636e-02   5.6246739e-13   1.4219064e-01   1.0000000e+00   1.1901750e-02
   1.4235667e+06   1.0882855e+00   7.9061855e-01   1.7151768e-13   1.8789040e+00   1.0000000e+00   1.1901119e-02
   1.3837532e+06   1.0001402e-01   2.6849602e-02   6.2783084e-13   1.2686363e-01   1.0000000e+00   1.1859416e-02
   2.3543141e+06   1.3662447e-01   9.7466297e-02   4.2840325e-13   2.3409077e-01   1.0000000e+00   1.1820559e-02
   1.1819568e+05   4.4699963e+02   2.3801604e+01   3.1365393e-14   4.7080123e+02   1.0000000e+00   1.1816189e-02
   1.0742487e+05   5.8389170e+02   2.2530134e+01   2.9368489e-14   6.0642183e+02   1.0000000e+00   1.1700006e-02
   9.5948326e+04   7.4687046e+02   2.9828014e+01   2.7561049e-14   7.7669847e+02   1.0000000e+00   1.1645067e-02
   2.5142942e+06   1.0000000e-01   6.6019232e-02   5.1031515e-13   1.6601923e-01   1.0000000e+00   1.1617616e-02
   1.3848697e+06   2.7223577e+00   1.7358508e+00   1.2407141e-13   4.4582085e+00   1.0000000e+00   1.1549835e-02
   2.1204741e+06   2.9049411e-01   2.2496264e-01   2.9504854e-13   5.1545675e-01   1.0000000e+00   1.1512345e-02
   2.1165894e+06   8.0440821e-01   5.6215941e-01   1.9507749e-13   1.3665676e+00   1.0000000e+00   1.1415280e-02
   2.3173718e+06   2.5797772e-01   2.1112519e-01   3.0825998e-13   4.6910291e-01   1.0000000e+00   1.1403303e-02
   1.2464789e+06   2.2715004e+00   1.3033764e+00   1.3340224e-13   3.5748769e+00   1.0000000e+00   1.1392600e-02
   1.5954624e+06   1.0000000e-01   3.8046442e-02   5.7667915e-13   1.3804644e-01   1.0000000e+00   1.1314388e-02
   8.5107364e+05   4.3798348e+00   9.0420236e-01   1.1830365e-13   5.2840372e+00   1.0000000e+00   1.1294828e-02
   8.5922224e+04   9.0501409e+02   2.6715417e+01   2.6306848e-14   9.3172950e+02   1.0000000e+00   1.1231197e-02
   1.0927574e+05   5.9913216e+02   2.3654810e+01   2.9177196e-14   6.2278697e+02   1.0000000e+00   1.1150503e-02
   1.1750198e+05   4.3632782e+02   2.1386117e+01   3.1599034e-14   4.5771394e+02   1.0000000e+00   1.1148620e-02
   1.4715214e+05   3.2648420e+02   1.5136169e+01   3.4111624e-14   3.4162037e+02   1.0000000e+00   1.1128613e-02
   2.1193282e+06   2.7880908e-01   2.1707143e-01   3.0026322e-13   4.9588051e-01   1.0000000e+00   1.1054280e-02
   1.1868167e+05   4.7173978e+02   2.0830434e+01   3.0987986e-14   4.9257021e+02   1.0000000e+00   1.1053323e-02
   2.2095721e+06   1.0003158e-01   7.9345157e-02   4.8413550e-13   1.7937674e-01   1.0000000e+00   1.1028431e-02
   1.6025591e+05   2.5635459e+02   1.6126805e+01   3.6169555e-14   2.7248139e+02   1.0000000e+00   1.0896152e-02
   2.1470961e+06   3.4711133e-01   2.4246660e-01   2.7849867e-13   5.8957794e-01   1.0000000e+00   1.0888985e-02
   1.1840532e+05   4.7427489e+02   2.1838894e+01   3.0930290e-14   4.9611378e+02   1.0000000e+00   1.0872517e-02
   5.8385349e+05   2.7792267e+01   5.4458487e+00   6.5551737e-14   3.3238116e+01   1.0000000e+00   1.0769448e-02
   8.2687323e+04   9.7426795e+02   2.7959573e+01   2.5821483e-14   1.0022275e+03   1.0000000e+00   1.0757640e-02
   8.9147961e+05   1.1138804e+01   2.5369758e+00   8.6314186e-14   1.3675780e+01   1.0000000e+00   1.0692218e-02
   9.4081125e+05   5.0403856e+00   2.1355081e+00   1.0436368e-13   7.1758937e+00   1.0000000e+00   1.0681544e-02
   1.6874702e+06   1.0000000e-01   4.9992656e-02   5.4068566e-13   1.4999266e-01   1.0000000e+00   1.0636631e-02
   2.3437175e+06   1.7317317e-01   1.5407669e-01   3.6353929e-13   3.2724985e-01   1.0000000e+00   1.0465033e-02
   1.4741169e+05   2.4498943e+02   1.5329189e+01   3.6693810e-14   2.6031862e+02   1.0000000e+00   1.0437414e-02
   1.0846263e+05   5.3739033e+02   2.3070386e+01   2.9973549e-14   5.6046072e+02   1.0000000e+00   1.0311186e-02
   4.7998218e+05   2.1339749e+01   5.3685973e+00   6.9158406e-14   2.6708346e+01   1.0000000e+00   1.0261583e-02
   9.8011102e+04   6.8142082e+02   2.5450948e+01   2.8231728e-14   7.0687176e+02   1.0000000e+00   1.0237209e-02
   9.2640964e+04   7.7252469e+02   2.7961977e+01   2.7345235e-14   8.0048667e+02   1.0000000e+00   1.0205495e-02
   4.8982762e+05   1.9525144e+01   4.0908275e+00   7.1561774e-14   2.3615972e+01   1.0000000e+00   1.0131299e-02
   3.6286709e+05   5.0636966e+01   7.9281892e+00   5.4969095e-14   5.8565155e+01   1.0000000e+00   1.0110564e-02
   8.3592713e+05   1.0000000e-01   1.1049305e-02   7.8160293e-13   1.1104931e-01   1.0000000e+00   1.0087569e-02
   2.3806642e+06   1.0000000e-01   7.6121366e-02   4.8952327e-13   1.7612137e-01   1.0000000e+00   1.0057796e-02
   2.0527525e+06   1.7928632e-01   1.4098619e-01   3.6781795e-13   3.2027250e-01   1.0000000e+00   1.0037087e-02
   1.0648623e+06   1.0000000e-01   1.9779162e-02   6.7774649e-13   1.1977916e-01   1.0000000e+00   1.0028364e-02
   1.0432174e+05   6.2467570e+02   2.4312596e+01   2.8859505e-14   6.4898830e+02   1.0000000e+00   9.9719266e-03
   1.6157347e+05   2.8221463e+02   1.4793448e+01   3.5400982e-14   2.9700808e+02   1.0000000e+00   9.9211592e-03
   9.1017912e+05   1.0000000e-01   1.0617055e-02   7.8997679e-13   1.1061706e-01   1.0000000e+00   9.8816272e-03
   1.4494339e+06   1.0666831e+00   6.6522954e-01   1.7608737e-13   1.7319126e+00   1.0000000e+00   9.8059897e-03
   1.6934245e+06   1.0000000e-01   4.3991056e-02   5.5683071e-13   1.4399106e-01   1.0000000e+00   9.7999971e-03
   2.2631385e+06   2.2322018e-01   1.5211326e-01   3.4335376e-13   3.7533344e-01   1.0000000e+00   9.7501900e-03
   2.3513669e+06   1.1852543e-01   1.0640240e-01   4.3378609e-13   2.2492783e-01   1.0000000e+00   9.7370069e-03
   1.5256342e+05   2.9718226e+02   1.6358563e+01   3.4867471e-14   3.1354082e+02   1.0000000e+00   9.6874362e-03
   1.1520347e+06   1.0000000e-01   2.1760906e-02   6.6131480e-13   1.2176091e-01   1.0000000e+00   9.6540509e-03
   9.7262067e+05   3.8048191e+00   1.9449973e+00   1.1317739e-13   5.7498164e+00   1.0000000e+00   9.6260141e-03
   9.4101700e+04   7.5368837e+02   2.8398765e+01   2.7508948e-14   7.8208714e+02   1.0000000e+00   9.6253348e-03
   8.5235802e+04   9.8123652e+02   2.8158568e+01   2.5782071e-14   1.0093951e+03   1.0000000e+00   9.5789014e-03
   1.2928925e+06   2.5258699e+00   1.3537833e+00   1.2934089e-13   3.8796532e+00   1.0000000e+00   9.5668037e-03
   1.0378494e+05   6.3063121e+02   2.4372477e+01   2.8791025e-14   6.5500368e+02   1.0000000e+00   9.4511582e-03
   1.1220959e+05   4.4324797e+02   2.1614813e+01   3.1510608e-14   4.6486278e+02   1.0000000e+00   9.4445700e-03
   1.2498589e+06   1.0000000e-01   2.1131967e-02   6.6600221e-13   1.2113197e-01   1.0000000e+00   9.3942274e-03
   8.4939431e+04   9.2653355e+02   2.7214295e+01   2.6150186e-14   9.5374785e+02   1.0000000e+00   9.3467930e-03
   2.4882928e+06   1.1193477e-01   1.0567543e-01   4.4074393e-13   2.1761020e-01   1.0000000e+00   9.1770177e-03
   8.6978258e+04   8.5690591e+02   2.7614923e+01   2.6657390e-14   8.8452084e+02   1.0000000e+00   9.1714316e-03
   8.6675221e+04   8.4688160e+02   3.1269304e+01   2.6710152e-14   8.7815090e+02   1.0000000e+00   9.1318769e-03
   2.1787505e+06   2.1180732e-01   1.3889558e-01   3.5443195e-13   3.5070290e-01   1.0000000e+00   9.1181282e-03
   8.3852729e+04   9.9464332e+02   3.8970105e+01   2.5628759e-14   1.0336134e+03   1.0000000e+00   9.1141359e-03
   8.3566742e+04   9.6160485e+02   2.7859638e+01   2.5906011e-14   9.8946448e+02   1.0000000e+00   9.0923040e-03
   2.1247945e+06   3.4364234e-01   2.7281323e-01   2.7221913e-13   6.1645557e-01   1.0000000e+00   9.0639207e-03
   1.4488043e+06   1.7401422e+00   6.9439420e-01   1.5511338e-13   2.4345364e+00   1.0000000e+00   9.0552771e-03
   1.5553895e+06   1.0000000e-01   3.4400583e-02   5.9103422e-13   1.3440058e-01   1.0000000e+00   9.0507862e-03
   9.7635978e+04   7.6761638e+02   2.6094081e+01   2.7421512e-14   7.9371046e+02   1.0000000e+00   9.0431570e-03
   1.5936598e+06   1.0000899e-01   3.3565358e-02   5.9504086e-13   1.3357434e-01   1.0000000e+00   9.0415867e-03
   8.4468970e+05   5.3557463e+00   1.1951941e+00   1.0871955e-13   6.5509404e+00   1.0000000e+00   9.0011007e-03
   1.0880455e+05   4.9151672e+02   2.3318985e+01   3.0667187e-14   5.1483570e+02   1.0000000e+00   8.9626905e-03
   1.5033896e+05   2.9995623e+02   1.7424984e+01   3.4751115e-14   3.1738122e+02   1.0000000e+00   8.9404375e-03
   3.0846313e+05   7.9616668e+01   7.9472168e+00   4.9224321e-14   8.7563885e+01   1.0000000e+00   8.9403987e-03
   1.4593803e+05   3.1624425e+02   1.7063791e+01   3.4307216e-14   3.3330804e+02   1.0000000e+00   8.9378855e-03
   1.0475449e+06   1.0000093e-01   1.5348265e-02   7.2036993e-13   1.1534919e-01   1.0000000e+00   8.9236933e-03
   1.0290501e+05   5.7571297e+02   2.2416654e+01   2.9483551e-14   5.9812963e+02   1.0000000e+00   8.8900023e-03
   1.3222036e+05   3.8664960e+02   2.0098242e+01   3.2569176e-14   4.0674785e+02   1.0000000e+00   8.8565952e-03
   9.6460787e+04   7.5828942e+02   2.8306343e+01   2.7474072e-14   7.8659576e+02   1.0000000e+00   8.8534054e-03
   6.9155993e+05   1.4051092e+01   2.9272834e+00   7.9367498e-14   1.6978375e+01   1.0000000e+00   8.7916787e-03
   1.0622217e+06   1.0000000e-01   1.6152112e-02   7.1126588e-13   1.1615211e-01   1.0000000e+00   8.7731285e-03
   1.8933113e+06   7.1847494e-01   5.4124302e-01   2.0018032e-13   1.2597180e+00   1.0000000e+00   8.7332359e-03
   4.6249391e+05   1.7542347e+01   4.6968696e+00   7.3682930e-14   2.2239216e+01   1.0000000e+00   8.7279673e-03
   2.4962012e+06   1.0000000e-01   8.7688279e-02   4.7340059e-13   1.8768828e-01   1.0000000e+00   8.7070021e-03
   1.0785403e+06   1.0000000e-01   1.7142424e-02   7.0086095e-13   1.1714242e-01   1.0000000e+00   8.6710363e-03
   1.1710539e+05   5.1004322e+02   2.0951710e+01   3.0399202e-14   5.3099493e+02   1.0000000e+00   8.6664772e-03
   9.2942542e+04   7.2291508e+02   2.7269758e+01   2.7810642e-14   7.5018484e+02   1.0000000e+00   8.6661593e-03
   9.4244551e+04   8.2365461e+02   2.6948141e+01   2.6939594e-14   8.5060275e+02   1.0000000e+00   8.6656326e-03
   8.2476903e+04   9.8385194e+02   2.8254524e+01   2.5756836e-14   1.0121065e+03   1.0000000e+00   8.6525349e-03
   1.6102731e+06   1.0000000e-01   3.7292041e-02   5.7955121e-13   1.3729204e-01   1.0000000e+00   8.6506485e-03
   1.4354698e+05   3.5504049e+02   1.9607507e+01   3.3298005e-14   3.7464799e+02   1.0000000e+00   8.6296819e-03
   2.1794515e+06   2.4813492e-01   1.9857987e-01   3.1488443e-13   4.4671479e-01   1.0000000e+00   8.6189707e-03
   1.5253701e+05   2.8691141e+02   1.5740086e+01   3.5186581e-14   3.0265149e+02   1.0000000e+00   8.5702759e-03
   9.1273220e+04   8.9115953e+02   2.6761200e+01   2.6427003e-14   9.1792073e+02   1.0000000e+00   8.5467154e-03
   1.0389739e+05   6.4981016e+02   2.4438755e+01   2.8582287e-14   6.7424892e+02   1.0000000e+00   8.5019535e-03
   2.1209071e+06   1.4218394e-01   1.1709748e-01   4.0610289e-13   2.5928142e-01   1.0000000e+00   8.5008531e-03
   1.6304026e+05   2.5135769e+02   1.4765985e+01   3.6398040e-14   2.6612367e+02   1.0000000e+00   8.4797026e-03
   1.3440205e+05   3.4424482e+02   2.1964326e+01   3.3492639e-14   3.6620915e+02   1.0000000e+00   8.4703478e-03
   2.1414817e+06   2.4879199e-01   1.8818975e-01   3.1827982e-13   4.3698174e-01   1.0000000e+00   8.4388118e-03
   9.7566182e+04   6.9562052e+02   2.5261211e+01   2.8089772e-14   7.2088173e+02   1.0000000e+00   8.4351976e-03
   2.2479463e+06   2.9801332e-01   2.7737289e-01   2.8106885e-13   5.7538621e-01   1.0000000e+00   8.3968934e-03
   1.0018620e+05   6.4364630e+02   2.3145063e+01   2.8660719e-14   6.6679137e+02   1.0000000e+00   8.3895706e-03
   2.7180195e+05   5.6471896e+01   8.1721032e+00   5.3927162e-14   6.4644000e+01   1.0000000e+00   8.3792852e-03
   1.0423924e+05   5.8992230e+02   2.5530216e+01   2.9258267e-14   6.1545252e+02   1.0000000e+00   8.3662207e-03
   1.0058003e+06   1.0000000e-01   1.4742707e-02   7.2746090e-13   1.1474271e-01   1.0000000e+00   8.3507743e-03
   8.5587222e+04   9.4898590e+02   2.8711255e+01   2.5986753e-14   9.7769715e+02   1.0000000e+00   8.3466332e-03
   1.1974215e+06   1.0000000e-01   1.9354855e-02   6.8055259e-13   1.1935486e-01   1.0000000e+00   8.3413375e-03
   1.2382003e+05   4.6325474e+02   2.1620763e+01   3.1125073e-14   4.8487550e+02   1.0000000e+00   8.3376479e-03
   1.5868491e+06   1.0012603e-01   5.2076105e-02   5.3766727e-13   1.5220213e-01   1.0000000e+00   8.3278606e-03
   1.5108266e+06   1.8505383e+00   7.4033442e-01   1.5196302e-13   2.5908727e+00   1.0000000e+00   8.3059630e-03
   6.7932182e+05   1.6939911e+01   3.2008326e+00   7.5738947e-14   2.0140744e+01   1.0000000e+00   8.2760454e-03
   1.9521254e+06   3.8029341e-01   2.5854137e-01   2.6826474e-13   6.3883478e-01   1.0000000e+00   8.2677104e-03
   2.1571055e+06   2.0517612e-01   1.8178883e-01   3.3655537e-13   3.8696495e-01   1.0000000e+00   8.2344761e-03
   1.0556630e+06   1.0000091e-01   1.6364269e-02   7.0894100e-13   1.1636517e-01   1.0000000e+00   8.2198531e-03
   8.2418260e+04   9.9019567e+02   2.8114334e+01   2.5717236e-14   1.0183100e+03   1.0000000e+00   8.2133161e-03
   9.3205596e+04   8.0565648e+02   2.6827049e+01   2.7077302e-14   8.3248353e+02   1.0000000e+00   8.2079770e-03
   9.8229990e+04   6.7657553e+02   2.5420376e+01   2.8282071e-14   7.0199591e+02   1.0000000e+00   8.1690130e-03
   1.0898154e+05   4.9787160e+02   2.2778437e+01   3.0569566e-14   5.2065004e+02   1.0000000e+00   8.1334501e-03
   8.9787884e+05   1.0000000e-01   1.1922686e-02   7.6672051e-13   1.1192269e-01   1.0000000e+00   8.1114390e-03
   9.2847404e+04   7.4204618e+02   2.8075291e+01   2.7620453e-14   7.7012147e+02   1.0000000e+00   8.0999408e-03
   8.8795325e+05   8.2621735e+00   2.7320428e+00   9.0968504e-14   1.0994216e+01   1.0000000e+00   8.0973328e-03
   9.5313710e+04   7.1701608e+02   2.9007598e+01   2.7846247e-14   7.4602367e+02   1.0000000e+00   8.0962903e-03
   2.0883022e+06   2.0528702e-01   1.3369467e-01   3.5971806e-13   3.3898169e-01   1.0000000e+00   8.0776234e-03
   1.1800783e+06   1.0000000e-01   2.0239511e-02   6.7277798e-13   1.2023951e-01   1.0000000e+00   8.0760148e-03
   8.4568181e+05   1.0000000e-01   1.1751071e-02   7.7010095e-13   1.1175107e-01   1.0000000e+00   8.0728056e-03
   1.6143340e+05   2.3462260e+02   1.5052519e+01   3.7019533e-14   2.4967512e+02   1.0000000e+00   8.0477326e-03
   1.4919960e+06   1.0609801e+00   5.9563890e-01   1.7895488e-13   1.6566190e+00   1.0000000e+00   7.9865535e-03
   1.8049448e+05   1.8203138e+02   1.4312485e+01   3.9470085e-14   1.9634386e+02   1.0000000e+00   7.9835521e-03
   1.6077870e+06   1.0000000e-01   3.2965211e-02   5.9804334e-13   1.3296521e-01   1.0000000e+00   7.9382532e-03
   8.8352897e+05   1.0000000e-01   1.2980524e-02   7.5146471e-13   1.1298052e-01   1.0000000e+00   7.9235503e-03
   8.9875418e+05   1.0000000e-01   1.0843954e-02   7.8534075e-13   1.1084395e-01   1.0000000e+00   7.9210332e-03
   9.0731666e+04   7.9803877e+02   2.6673925e+01   2.7138049e-14   8.2471269e+02   1.0000000e+00   7.9098037e-03
   2.3310194e+06   1.0000000e-01   8.1642632e-02   4.8097674e-13   1.8164263e-01   1.0000000e+00   7.9034233e-03
   8.2677525e+04   9.7003847e+02   2.8251612e+01   2.5846922e-14   9.9829008e+02   1.0000000e+00   7.8855581e-03
   1.0898715e+05   4.8049842e+02   2.3200302e+01   3.0851584e-14   5.0369872e+02   1.0000000e+00   7.8693756e-03
   2.1540626e+06   4.0604208e-01   2.8262172e-01   2.6006003e-13   6.8866380e-01   1.0000000e+00   7.8691820e-03
   1.5386363e+06   1.0000000e-01   4.6982068e-02   5.5056630e-13   1.4698207e-01   1.0000000e+00   7.8107577e-03
   1.0036978e+06   1.0000000e-01   1.6814330e-02   7.0489329e-13   1.1681433e-01   1.0000000e+00   7.8063279e-03
   1.6515973e+06   1.0000000e-01   5.3105672e-02   5.3423116e-13   1.5310567e-01   1.0000000e+00   7.8036434e-03
   2.0728522e+06   1.7879893e-01   1.3510552e-01   3.7131137e-13   3.1390445e-01   1.0000000e+00   7.8011125e-03
   1.1513582e+05   5.0227846e+02   2.4729669e+01   3.0454271e-14   5.2700813e+02   1.0000000e+00   7.7442406e-03
   1.8614167e+05   1.6128867e+02   1.3516179e+01   4.0745575e-14   1.7480485e+02   1.0000000e+00   7.7382117e-03
   1.5353740e+06   1.0000000e-01   3.9833830e-02   5.7078075e-13   1.3983383e-01   1.0000000e+00   7.7317168e-03
   6.9136629e+05   1.4756029e+01   3.7209811e+00   7.7295849e-14   1.8477010e+01   1.0000000e+00   7.7196518e-03
   1.2625455e+06   1.0000000e-01   2.4342182e-02   6.4298988e-13   1.2434218e-01   1.0000000e+00   7.6935010e-03
   1.3281204e+05   4.0565567e+02   2.1103371e+01   3.2177818e-14   4.2675904e+02   1.0000000e+00   7.6784170e-03
   2.4896913e+06   1.0000000e-01   1.0139891e-01   4.5749547e-13   2.0139891e-01   1.0000000e+00   7.6615037e-03
   2.0768285e+06   6.6778348e-01   5.3082064e-01   2.0489901e-13   1.1986041e+00   1.0000000e+00   7.6559625e-03
   1.5048888e+06   9.5988166e-01   5.7616313e-01   1.8460720e-13   1.5360448e+00   1.0000000e+00   7.6448201e-03
   1.3483225e+06   1.0000000e-01   2.7668834e-02   6.2313719e-13   1.2766883e-01   1.0000000e+00   7.6398831e-03
   1.4971992e+06   1.0033121e-01   2.9457888e-02   6.1380880e-13   1.2978910e-01   1.0000000e+00   7.6310204e-03
   1.0424853e+05   5.8456783e+02   2.5522465e+01   2.9325730e-14   6.1009030e+02   1.0000000e+00   7.6104718e-03
   1.4946262e+05   2.7160672e+02   1.5301132e+01   3.5691502e-14   2.8690785e+02   1.0000000e+00   7.6037154e-03
   1.4600032e+06   1.0000000e-01   3.0433573e-02   6.0888391e-13   1.3043357e-01   1.0000000e+00   7.5543326e-03
   9.0733883e+04   7.7863619e+02   2.5550807e+01   2.7316393e-14   8.0418699e+02   1.0000000e+00   7.5428104e-03
   8.3731650e+05   1.0000000e-01   1.0281859e-02   7.9540526e-13   1.1028186e-01   1.0000000e+00   7.5403872e-03
   1.3228396e+05   3.7384321e+02   1.8715565e+01   3.2869636e-14   3.9255878e+02   1.0000000e+00   7.5236395e-03
   1.0929484e+05   5.4844935e+02   2.2516762e+01   2.9826895e-14   5.7096611e+02   1.0000000e+00   7.5054791e-03
   2.0855019e+06   4.4520544e-01   4.0867452e-01   2.3652608e-13   8.5387995e-01   1.0000000e+00   7.5025349e-03
   2.2588670e+06   2.6780304e-01   2.1356443e-01   3.0456787e-13   4.8136747e-01   1.0000000e+00   7.5020535e-03
   1.4201238e+06   1.1897706e+00   7.9868700e-01   1.6705129e-13   1.9884576e+00   1.0000000e+00   7.4758163e-03
   8.4748974e+04   9.4321421e+02   2.7041535e+01   2.6037227e-14   9.7025574e+02   1.0000000e+00   7.4580055e-03
   2.5510543e+05   1.1185346e+02   8.0738339e+00   4.5167055e-14   1.1992730e+02   1.0000000e+00   7.4557552e-03
   1.1908683e+06   1.0000000e-01   2.2095611e-02   6.5851787e-13   1.2209561e-01   1.0000000e+00   7.4345550e-03
   3.5117703e+05   4.2879258e+01   5.0899953e+00   5.8172326e-14   4.7969254e+01   1.0000000e+00   7.4090648e-03
   8.7959774e+04   8.8051296e+02   3.1420544e+01   2.6450172e-14   9.1193351e+02   1.0000000e+00   7.4018175e-03
   1.9249767e+05   1.7062286e+02   1.4568958e+01   4.0082132e-14   1.8519182e+02   1.0000000e+00   7.4017441e-03
   1.1972163e+06   1.0014543e-01   1.7753451e-02   6.9593136e-13   1.1789888e-01   1.0000000e+00   7.3889296e-03
   2.0918167e+05   1.4360684e+02   1.2978420e+01   4.1919407e-14   1.5658526e+02   1.0000000e+00   7.3820790e-03
   2.3696247e+06   1.8622428e-01   1.7332570e-01   3.4805425e-13   3.5954998e-01   1.0000000e+00   7.3779892e-03
   9.2662313e+05   1.0000000e-01   1.2111380e-02   7.6381220e-13   1.1211138e-01   1.0000000e+00   7.3747435e-03
   1.1070401e+05   5.3228435e+02   2.3344040e+01   3.0037487e-14   5.5562839e+02   1.0000000e+00   7.3738651e-03
   2.5119304e+05   1.0013642e+02   6.2449782e+00   4.6725870e-14   1.0638140e+02   1.0000000e+00   7.3665173e-03
   1.3003753e+06   1.7703139e+00   8.7959495e-01   1.4883404e-13   2.6499089e+00   1.0000000e+00   7.3648954e-03
   2.1372004e+06   5.3686387e-01   3.1265956e-01   2.3960374e-13   8.4952343e-01   1.0000000e+00   7.3616818e-03
   1.3965538e+06   2.4700562e+00   1.8000242e+00   1.2650292e-13   4.2700804e+00   1.0000000e+00   7.3525546e-03
   8.8032961e+04   8.6233447e+02   2.8198918e+01   2.6609915e-14   8.9053339e+02   1.0000000e+00   7.3440023e-03
   3.1208413e+05   6.7499190e+01   6.7073482e+00   5.1435899e-14   7.4206538e+01   1.0000000e+00   7.3246174e-03
   8.5355734e+04   8.7743020e+02   2.8149176e+01   2.6499042e-14   9.0557937e+02   1.0000000e+00   7.3109204e-03
   1.0041276e+05   7.2729609e+02   2.7648416e+01   2.7775256e-14   7.5494451e+02   1.0000000e+00   7.2539017e-03
   3.9754276e+05   4.5756469e+01   5.2135327e+00   5.7332670e-14   5.0970002e+01   1.0000000e+00   7.1725795e-03
   2.1163195e+06   2.1126126e-01   1.9740431e-01   3.2881560e-13   4.0866558e-01   1.0000000e+00   7.1603541e-03
   1.4295616e+06   2.3940723e+00   9.5224695e-01   1.3777644e-13   3.3463192e+00   1.0000000e+00   7.1569095e-03
   1.2971004e+05   4.5734860e+02   2.2641999e+01   3.1242802e-14   4.7999060e+02   1.0000000e+00   7.1461012e-03
   8.8670831e+05   5.8840039e+00   2.3249674e+00   9.9749531e-14   8.2089714e+00   1.0000000e+00   7.1211997e-03
   5.5044023e+05   3.2188380e+01   4.5925607e+00   6.3878754e-14   3.6780941e+01   1.0000000e+00   7.1158181e-03
   8.5064577e+05   1.0000000e-01   1.0262774e-02   7.9582280e-13   1.1026277e-01   1.0000000e+00   7.1055672e-03
   2.1628008e+06   1.5184661e-01   1.3207544e-01   3.8892127e-13   2.8392204e-01   1.0000000e+00   7.0778453e-03
   1.1929791e+06   1.0000000e-01   2.0758532e-02   6.6859766e-13   1.2075853e-01   1.0000000e+00   7.0727897e-03
   2.1135164e+06   1.0892373e-01   8.4699247e-02   4.6712098e-13   1.9362298e-01   1.0000000e+00   7.0727482e-03
   1.4455447e+06   1.0000000e-01   3.2052829e-02   6.0119447e-13   1.3205283e-01   1.0000000e+00   7.0550034e-03
   3.4509596e+05   4.7500777e+01   5.6325280e+00   5.6459660e-14   5.3133305e+01   1.0000000e+00   7.0506796e-03
   9.6706343e+04   6.0824934e+02   2.7520235e+01   2.9059350e-14   6.3576957e+02   1.0000000e+00   7.0263380e-03
   2.0894436e+05   1.4140214e+02   1.1103515e+01   4.2208836e-14   1.5250566e+02   1.0000000e+00   7.0115991e-03
   2.0586286e+06   8.0832821e-01   6.1186276e-01   1.9144933e-13   1.4201910e+00   1.0000000e+00   7.0057692e-03
   1.1983289e+05   4.3937814e+02   2.1812315e+01   3.1525740e-14   4.6119046e+02   1.0000000e+00   6.9854254e-03
   1.2076486e+06   1.0024537e-01   2.6226226e-02   6.3233123e-13   1.2647160e-01   1.0000000e+00   6.9564477e-03
   1.2683265e+06   1.0000000e-01   2.3879574e-02   6.4598864e-13   1.2387957e-01   1.0000000e+00   6.9523414e-03
   1.9011521e+05   2.0593025e+02   1.4461495e+01   3.8304044e-14   2.2039175e+02   1.0000000e+00   6.9368808e-03
   2.7680549e+05   6.8895771e+01   7.6738728e+00   5.1003861e-14   7.6569644e+01   1.0000000e+00   6.9368250e-03
   1.4683474e+06   1.0000000e-01   3.1109391e-02   6.0560493e-13   1.3110939e-01   1.0000000e+00   6.9293402e-03
   8.7429177e+04   9.0830711e+02   3.0522583e+01   2.6255800e-14   9.3882970e+02   1.0000000e+00   6.9192136e-03
   9.4142881e+04   7.6234703e+02   2.8842465e+01   2.7428060e-14   7.9118950e+02   1.0000000e+00   6.9063550e-03
   1.9296553e+05   2.0242355e+02   1.4710429e+01   3.8465386e-14   2.1713398e+02   1.0000000e+00   6.8859114e-03
   1.5404059e+06   1.0000000e-01   3.6275263e-02   5.8338492e-13   1.3627526e-01   1.0000000e+00   6.8776601e-03
   2.2073038e+06   1.0006058e-01   7.1811407e-02   4.9557020e-13   1.7187198e-01   1.0000000e+00   6.8742156e-03
   1.1170149e+05   5.3014882e+02   2.2776204e+01   3.0074839e-14   5.5292502e+02   1.0000000e+00   6.8354352e-03
   2.1176325e+06   2.0473419e-01   1.3823968e-01   3.5728820e-13   3.4297387e-01   1.0000000e+00   6.8291686e-03
   8.7571759e+04   8.2604215e+02   2.8130324e+01   2.6898758e-14   8.5417248e+02   1.0000000e+00   6.8142081e-03
   8.3193719e+04   9.5661250e+02   2.8016565e+01   2.5937946e-14   9.8462906e+02   1.0000000e+00   6.7841561e-03
   1.8939262e+05   2.0882444e+02   1.5100160e+01   3.8147640e-14   2.2392460e+02   1.0000000e+00   6.7663977e-03
   1.1081384e+05   4.9200688e+02   1.9498343e+01   3.0703551e-14   5.1150523e+02   1.0000000e+00   6.7631942e-03
   2.0980389e+05   1.5886620e+02   1.3025122e+01   4.0896024e-14   1.7189132e+02   1.0000000e+00   6.7586552e-03
   1.7182489e+05   2.3929255e+02   1.4453557e+01   3.6874319e-14   2.5374610e+02   1.0000000e+00   6.7563303e-03
   2.5798033e+05   1.0916206e+02   7.9477239e+00   4.5461297e-14   1.1710979e+02   1.0000000e+00   6.7524726e-03
   1.3588179e+06   1.0000000e-01   2.8751996e-02   6.1737680e-13   1.2875200e-01   1.0000000e+00   6.7502039e-03
   2.1163242e+06   2.7638050e-01   2.3538956e-01   2.9601984e-13   5.1177006e-01   1.0000000e+00   6.7445887e-03
   4.8431635e+05   2.4727966e+01   4.8250058e+00   6.6842067e-14   2.9552972e+01   1.0000000e+00   6.7387100e-03
   1.7929041e+05   1.6614071e+02   1.3263827e+01   4.0495494e-14   1.7940454e+02   1.0000000e+00   6.7114720e-03
   1.9156600e+05   1.8832826e+02   1.4321341e+01   3.9132202e-14   2.0264960e+02   1.0000000e+00   6.7063436e-03
   9.6312200e+04   7.3629507e+02   2.8359401e+01   2.7669672e-14   7.6465447e+02   1.0000000e+00   6.7058312e-03
   2.4984842e+06   1.1223786e-01   1.0525266e-01   4.4089574e-13   2.1749052e-01   1.0000000e+00   6.6793166e-03
   1.4244246e+06   9.3032150e-01   5.4062811e-01   1.8843784e-13   1.4709496e+00   1.0000000e+00   6.6614650e-03
   1.0412225e+05   6.0146686e+02   2.7477960e+01   2.9097159e-14   6.2894482e+02   1.0000000e+00   6.6486403e-03
   8.3300422e+04   1.0000000e+03   2.6828396e+01   2.5668277e-14   1.0268284e+03   1.0000000e+00   6.6461025e-03
   2.3821261e+06   1.1562215e-01   9.7010089e-02   4.4591888e-13   2.1263224e-01   1.0000000e+00   6.6361838e-03
   1.9491919e+06   6.3879670e-01   5.1719893e-01   2.0762756e-13   1.1559956e+00   1.0000000e+00   6.6253726e-03
   2.4919159e+06   1.0000000e-01   9.8483098e-02   4.6054298e-13   1.9848310e-01   1.0000000e+00   6.6232029e-03
   1.9130687e+06   1.0111980e-01   5.4260335e-02   5.2812149e-13   1.5538013e-01   1.0000000e+00   6.6204888e-03
   1.0389126e+06   1.0000000e-01   1.5744043e-02   7.1574259e-13   1.1574404e-01   1.0000000e+00   6.6104165e-03
   8.3829499e+04   8.9611649e+02   2.6659356e+01   2.6376172e-14   9.2277585e+02   1.0000000e+00   6.5942391e-03
   8.4342386e+05   1.0000000e-01   1.2378426e-02   7.6100301e-13   1.1237843e-01   1.0000000e+00   6.5770459e-03
   8.0829121e+04   9.9028520e+02   4.0806310e+01   2.5649007e-14   1.0310915e+03   1.0000000e+00   6.5726513e-03
   9.8510201e+04   6.9516006e+02   3.1784864e+01   2.8038891e-14   7.2694492e+02   1.0000000e+00   6.5689186e-03
   9.3998089e+04   7.8192292e+02   2.6324969e+01   2.7281022e-14   8.0824789e+02   1.0000000e+00   6.5664964e-03
   2.1485779e+05   8.5565747e+01   7.5063006e+00   4.8855546e-14   9.3072047e+01   1.0000000e+00   6.5647778e-03
   1.1858200e+06   1.0000000e-01   2.2525906e-02   6.5555115e-13   1.2252591e-01   1.0000000e+00   6.5459451e-03
   1.9458269e+06   3.5770789e-01   3.0243337e-01   2.6457717e-13   6.6014125e-01   1.0000000e+00   6.5453492e-03
   2.1642431e+06   1.5259219e-01   1.4178885e-01   3.8280904e-13   2.9438103e-01   1.0000000e+00   6.5396353e-03
   1.9487820e+06   6.7875666e-01   4.4838015e-01   2.0998259e-13   1.1271368e+00   1.0000000e+00   6.5285688e-03
   2.1378317e+06   2.5356876e-01   1.6793527e-01   3.2502638e-13   4.2150403e-01   1.0000000e+00   6.5032444e-03
   2.5532514e+06   1.0000000e-01   1.0622343e-01   4.5266155e-13   2.0622343e-01   1.0000000e+00   6.4657001e-03
   9.0854581e+05   6.2129051e+00   2.4776629e+00   9.7946396e-14   8.6905681e+00   1.0000000e+00   6.4175377e-03
   2.1875392e+06   3.5951670e-01   3.3624345e-01   2.5850251e-13   6.9576015e-01   1.0000000e+00   6.4014391e-03
   3.6922295e+05   6.0041690e+01   7.9556409e+00   5.2932012e-14   6.7997331e+01   1.0000000e+00   6.3837443e-03
   2.1465483e+06   1.5345394e-01   1.3772746e-01   3.8461072e-13   2.9118139e-01   1.0000000e+00   6.3812900e-03
   1.3378564e+05   3.9312268e+02   1.9877857e+01   3.2447651e-14   4.1300054e+02   1.0000000e+00   6.3715133e-03
   1.1970875e+06   1.0013928e-01   1.7746745e-02   6.9600829e-13   1.1788602e-01   1.0000000e+00   6.3587913e-03
   1.6083089e+06   1.0000000e-01   3.0344954e-02   6.1146145e-13   1.3034495e-01   1.0000000e+00   6.3526360e-03
   8.9784523e+05   1.0000000e-01   1.2446498e-02   7.5871308e-13   1.1244650e-01   1.0000000e+00   6.3441437e-03
   1.4897317e+05   2.9039499e+02   1.7285273e+01   3.5032559e-14   3.0768027e+02   1.0000000e+00   6.2964372e-03
   1.7963245e+05   2.1496160e+02   1.4771856e+01   3.7848708e-14   2.2973346e+02   1.0000000e+00   6.2789351e-03
   1.6752056e+06   1.0000000e-01   4.4667422e-02   5.5487103e-13   1.4466742e-01   1.0000000e+00   6.2770609e-03
   9.5000834e+04   7.3208111e+02   2.9218204e+01   2.7700979e-14   7.6129931e+02   1.0000000e+00   6.2648578e-03
   1.1533884e+05   4.9836435e+02   2.4726792e+01   3.0513342e-14   5.2309114e+02   1.0000000e+00   6.2600212e-03
   9.2651808e+04   8.1334063e+02   3.1916353e+01   2.6973317e-14   8.4525698e+02   1.0000000e+00   6.2499141e-03
   1.4291810e+06   1.7509306e+00   5.9891511e-01   1.5880421e-13   2.3498457e+00   1.0000000e+00   6.2469138e-03
   2.1003218e+06   1.1588818e-01   8.9098195e-02   4.5460765e-13   2.0498637e-01   1.0000000e+00   6.2393260e-03
   1.2334300e+06   4.8647768e+00   2.0493571e+00   1.0706627e-13   6.9141339e+00   1.0000000e+00   6.2188038e-03
   1.0832305e+05   5.4295668e+02   2.3206969e+01   2.9894187e-14   5.6616365e+02   1.0000000e+00   6.2138485e-03
   2.2602603e+05   1.4191266e+02   8.2175677e+00   4.2545178e-14   1.5013023e+02   1.0000000e+00   6.2037604e-03
   1.9491919e+06   6.9998235e-01   5.3799288e-01   2.0175278e-13   1.2379752e+00   1.0000000e+00   6.1447972e-03
   2.1453509e+05   1.3267546e+02   1.1534463e+01   4.2851809e-14   1.4420992e+02   1.0000000e+00   6.1184394e-03
   1.6245527e+05   2.7811365e+02   1.4680044e+01   3.5532348e-14   2.9279369e+02   1.0000000e+00   6.1089629e-03
   2.1411787e+06   1.0000000e-01   6.9204652e-02   4.9990197e-13   1.6920465e-01   1.0000000e+00   6.1073530e-03
   1.8010939e+05   1.6816807e+02   1.3106042e+01   4.0363104e-14   1.8127411e+02   1.0000000e+00   6.0958057e-03
   1.2383381e+05   4.2354364e+02   2.0717050e+01   3.1828910e-14   4.4426069e+02   1.0000000e+00   6.0941120e-03
   2.1845314e+05   1.3903373e+02   7.7765937e+00   4.2774420e-14   1.4681033e+02   1.0000000e+00   6.0860152e-03
   2.5588217e+05   7.6668522e+01   8.1556446e+00   4.9640672e-14   8.4824166e+01   1.0000000e+00   6.0829541e-03
   1.0300939e+05   5.6809652e+02   2.2364613e+01   2.9585150e-14   5.9046113e+02   1.0000000e+00   6.0803142e-03
   1.3610608e+05   4.1448892e+02   2.3989776e+01   3.1992230e-14   4.3847870e+02   1.0000000e+00   6.0762718e-03
   2.0547983e+06   5.1328867e-01   4.2407026e-01   2.2683658e-13   9.3735893e-01   1.0000000e+00   6.0721484e-03
   2.1772921e+06   1.5935867e-01   1.3956032e-01   3.7954613e-13   2.9891898e-01   1.0000000e+00   6.0721222e-03
   2.4065369e+06   1.7974668e-01   1.7538861e-01   3.5022772e-13   3.5513530e-01   1.0000000e+00   6.0580189e-03
   9.8351100e+04   6.6392255e+02   2.3504913e+01   2.8437646e-14   6.8742747e+02   1.0000000e+00   6.0400763e-03
   2.1343148e+06   2.4075816e-01   1.6038658e-01   3.3243283e-13   4.0114474e-01   1.0000000e+00   6.0129648e-03
   2.3607841e+05   1.1533995e+02   8.4873524e+00   4.4686772e-14   1.2382730e+02   1.0000000e+00   6.0047904e-03
   1.4886054e+05   3.3884411e+02   2.1729173e+01   3.3656180e-14   3.6057329e+02   1.0000000e+00   5.9955645e-03
   8.7883102e+05   1.0000000e-01   1.0699071e-02   7.8774407e-13   1.1069907e-01   1.0000000e+00   5.9796737e-03
   1.0521931e+06   1.0000000e-01   1.5691829e-02   7.1639077e-13   1.1569183e-01   1.0000000e+00   5.9686094e-03
   2.2197796e+06   1.0000000e-01   5.9351234e-02   5.2026717e-13   1.5935123e-01   1.0000000e+00   5.9677917e-03
   1.6341275e+05   2.4930194e+02   1.4763074e+01   3.6471922e-14   2.6406502e+02   1.0000000e+00   5.9612199e-03
   9.7671345e+04   6.5085421e+02   2.4660656e+01   2.8569980e-14   6.7551486e+02   1.0000000e+00   5.9541953e-03
   2.1785898e+06   1.0077059e-01   8.3914328e-02   4.7732251e-13   1.8468492e-01   1.0000000e+00   5.9502015e-03
   1.2543941e+05   4.5551439e+02   2.1309982e+01   3.1263392e-14   4.7682437e+02   1.0000000e+00   5.9270974e-03
   1.0628707e+05   6.1779011e+02   2.7002607e+01   2.8912964e-14   6.4479272e+02   1.0000000e+00   5.9240109e-03
   1.8303634e+05   1.7729014e+02   1.4319390e+01   3.9728860e-14   1.9160953e+02   1.0000000e+00   5.9154807e-03
   2.2089681e+06   1.6233180e-01   1.4633067e-01   3.7385771e-13   3.0866247e-01   1.0000000e+00   5.8979810e-03
   9.9940508e+04   6.6842529e+02   2.4441754e+01   2.8377528e-14   6.9286705e+02   1.0000000e+00   5.8944593e-03
   1.1123800e+05   5.6018802e+02   2.3002690e+01   2.9668268e-14   5.8319071e+02   1.0000000e+00   5.8876930e-03
   8.8383064e+04   7.9443848e+02   2.5151415e+01   2.7190472e-14   8.1958990e+02   1.0000000e+00   5.8872260e-03
   1.4680483e+05   2.7903749e+02   1.1891243e+01   3.5606891e-14   2.9092874e+02   1.0000000e+00   5.8626773e-03
   8.7776848e+04   8.9677791e+02   3.0478076e+01   2.6338520e-14   9.2725599e+02   1.0000000e+00   5.8556692e-03
   1.3008391e+05   3.6584314e+02   2.0955203e+01   3.3008919e-14   3.8679834e+02   1.0000000e+00   5.8555871e-03
   9.2186194e+04   8.6012235e+02   2.7486245e+01   2.6647498e-14   8.8760860e+02   1.0000000e+00   5.8404223e-03
   9.3236645e+04   8.1080846e+02   2.7088457e+01   2.7033537e-14   8.3789692e+02   1.0000000e+00   5.8221886e-03
   9.3746437e+04   7.1445661e+02   2.7410630e+01   2.7889349e-14   7.4186724e+02   1.0000000e+00   5.8042751e-03
   2.2498954e+06   1.0394091e-01   9.1598562e-02   4.6407144e-13   1.9553947e-01   1.0000000e+00   5.7990229e-03
   1.0468551e+05   6.8817247e+02   2.4369318e+01   2.8204042e-14   7.1254178e+02   1.0000000e+00   5.7966510e-03
   1.5940721e+06   1.0000000e-01   3.5924231e-02   5.8488264e-13   1.3592423e-01   1.0000000e+00   5.7953502e-03
   8.4536162e+05   7.8484261e+00   2.2863557e+00   9.3089439e-14   1.0134782e+01   1.0000000e+00   5.7645335e-03
   1.8439505e+06   1.0022708e-01   5.5867982e-02   5.2571933e-13   1.5609506e-01   1.0000000e+00   5.7507067e-03
   2.4896913e+06   1.2016672e-01   1.0992035e-01   4.2932076e-13   2.3008707e-01   1.0000000e+00   5.7270615e-03
   2.1586884e+06   4.5455073e-01   4.2363666e-01   2.3380817e-13   8.7818739e-01   1.0000000e+00   5.7229093e-03
   4.4712855e+05   2.5783792e+01   3.1729250e+00   6.7585796e-14   2.8956717e+01   1.0000000e+00   5.7217799e-03
   1.4135032e+05   3.3009900e+02   1.9455475e+01   3.3883596e-14   3.4955448e+02   1.0000000e+00   5.7138988e-03
   8.6093618e+04   9.1586145e+02   2.7089711e+01   2.6226903e-14   9.4295116e+02   1.0000000e+00   5.7135549e-03
   2.1935761e+06   1.0000000e-01   6.2552461e-02   5.1286248e-13   1.6255246e-01   1.0000000e+00   5.7121183e-03
   1.5955373e+06   1.0000000e-01   3.1807880e-02   6.0351242e-13   1.3180788e-01   1.0000000e+00   5.6894144e-03
   1.1515493e+05   5.5589061e+02   2.3393392e+01   2.9737168e-14   5.7928400e+02   1.0000000e+00   5.6864118e-03
   9.4018016e+04   7.8460513e+02   2.6335653e+01   2.7258370e-14   8.1094078e+02   1.0000000e+00   5.6859294e-03
   9.4034634e+04   7.8776899e+02   2.6328652e+01   2.7232006e-14   8.1409764e+02   1.0000000e+00   5.6812889e-03
   2.3246402e+06   1.0000000e-01   7.4398886e-02   4.9192988e-13   1.7439889e-01   1.0000000e+00   5.6797538e-03
   1.8944692e+05   1.9473510e+02   1.1844565e+01   3.8950621e-14   2.0657967e+02   1.0000000e+00   5.6695482e-03
   3.5340372e+05   7.3131365e+01   7.3871128e+00   5.0761468e-14   8.0518477e+01   1.0000000e+00   5.6369196e-03
   2.0558733e+06   4.8547693e-01   4.2711422e-01   2.2966944e-13   9.1259115e-01   1.0000000e+00   5.6320046e-03
   1.4615753e+06   1.1907182e+00   8.3516578e-01   1.6583101e-13   2.0258840e+00   1.0000000e+00   5.6218167e-03
   1.3427572e+06   1.0000000e-01   2.8446350e-02   6.1904142e-13   1.2844635e-01   1.0000000e+00   5.6083039e-03
   1.9999258e+06   4.5207274e-01   3.4160198e-01   2.4348206e-13   7.9367472e-01   1.0000000e+00   5.6025523e-03
   8.4206890e+04   9.4697093e+02   2.7103770e+01   2.6010705e-14   9.7407470e+02   1.0000000e+00   5.5968772e-03
   2.0932670e+06   5.9181609e-01   3.9243329e-01   2.2311154e-13   9.8424938e-01   1.0000000e+00   5.5963256e-03
   1.4897619e+05   2.6197179e+02   1.5007208e+01   3.6039727e-14   2.7697900e+02   1.0000000e+00   5.5942135e-03
   9.7770380e+04   6.6747532e+02   3.1030800e+01   2.8331015e-14   6.9850612e+02   1.0000000e+00   5.5859095e-03
   2.1629269e+06   1.5288291e-01   1.3284975e-01   3.8775019e-13   2.8573265e-01   1.0000000e+00   5.5666215e-03
   1.5393618e+05   3.3488986e+02   1.9823280e+01   3.3830033e-14   3.5471314e+02   1.0000000e+00   5.5616809e-03
   1.5704183e+05   3.0679037e+02   1.5766394e+01   3.4654698e-14   3.2255676e+02   1.0000000e+00   5.5565833e-03
   1.6323161e+06   1.0000000e-01   4.5813784e-02   5.5196529e-13   1.4581378e-01   1.0000000e+00   5.5543612e-03
   2.7762832e+05   9.1298585e+01   8.2924000e+00   4.7439756e-14   9.9590985e+01   1.0000000e+00   5.5445611e-03
   2.1479484e+06   6.5116770e-01   4.5450148e-01   2.1265184e-13   1.1056692e+00   1.0000000e+00   5.5399650e-03
   1.2371488e+06   1.9947492e+00   1.0080154e+00   1.4204355e-13   3.0027646e+00   1.0000000e+00   5.5292058e-03
   9.3583037e+04   8.1376944e+02   2.6746627e+01   2.7014772e-14   8.4051607e+02   1.0000000e+00   5.5214833e-03
   1.4871908e+05   3.4312219e+02   2.1579988e+01   3.3560326e-14   3.6470217e+02   1.0000000e+00   5.5200519e-03
   1.2676806e+05   3.9999345e+02   2.0852056e+01   3.2281872e-14   4.2084550e+02   1.0000000e+00   5.5187883e-03
   9.1647305e+05   1.0000000e-01   1.1479399e-02   7.7419242e-13   1.1147940e-01   1.0000000e+00   5.5144462e-03
   2.2658950e+06   1.8068516e-01   1.2730953e-01   3.7587984e-13   3.0799470e-01   1.0000000e+00   5.4868169e-03
   1.2433896e+06   1.0000000e-01   2.5492097e-02   6.3615954e-13   1.2549210e-01   1.0000000e+00   5.4817347e-03
   9.7875742e+04   6.7163231e+02   2.4634058e+01   2.8343123e-14   6.9626636e+02   1.0000000e+00   5.4801978e-03
   7.9132434e+05   7.6291779e+00   1.7943191e+00   9.5541712e-14   9.4234970e+00   1.0000000e+00   5.4496282e-03
   1.8113890e+05   1.5117747e+02   1.4229181e+01   4.1497085e-14   1.6540665e+02   1.0000000e+00   5.4135990e-03
   2.1068460e+06   1.4130232e-01   1.0328045e-01   4.1809343e-13   2.4458276e-01   1.0000000e+00   5.3965062e-03
   1.0982421e+05   6.0357363e+02   2.3312814e+01   2.9133941e-14   6.2688644e+02   1.0000000e+00   5.3937511e-03
   1.1526276e+06   1.0000000e-01   2.0404226e-02   6.7148540e-13   1.2040423e-01   1.0000000e+00   5.3921751e-03
   1.0955700e+06   1.0000000e-01   1.8646518e-02   6.8659101e-13   1.1864652e-01   1.0000000e+00   5.3764259e-03
   2.0709834e+06   4.8101732e-01   4.0773517e-01   2.3211493e-13   8.8875249e-01   1.0000000e+00   5.3711072e-03
   1.0366957e+05   6.5602277e+02   2.4333729e+01   2.8517417e-14   6.8035649e+02   1.0000000e+00   5.3605494e-03
   1.0548101e+06   1.0000000e-01   1.5055739e-02   7.2400524e-13   1.1505574e-01   1.0000000e+00   5.3552057e-03
   1.7176486e+05   2.2230217e+02   1.1009559e+01   3.7728650e-14   2.3331173e+02   1.0000000e+00   5.3501515e-03
   7.4247180e+05   9.3432231e+00   2.6042017e+00   8.8162197e-14   1.1947425e+01   1.0000000e+00   5.3431470e-03
   2.1606627e+06   2.0861841e-01   1.8619490e-01   3.3346729e-13   3.9481331e-01   1.0000000e+00   5.3307960e-03
   1.0547504e+05   6.3409884e+02   2.4582572e+01   2.8755410e-14   6.5868141e+02   1.0000000e+00   5.3217490e-03
   9.7854523e+04   6.9073104e+02   2.5369942e+01   2.8137678e-14   7.1610098e+02   1.0000000e+00   5.3109400e-03
   9.4873724e+04   6.6516159e+02   2.5079254e+01   2.8422832e-14   6.9024085e+02   1.0000000e+00   5.3059992e-03
   1.1697409e+05   5.5281313e+02   2.3333605e+01   2.9790457e-14   5.7614674e+02   1.0000000e+00   5.2935203e-03
   8.5582619e+05   1.0000044e-01   1.1553411e-02   7.7297931e-13   1.1155385e-01   1.0000000e+00   5.2773447e-03
   8.7163796e+05   1.0000000e-01   1.1269016e-02   7.7751990e-13   1.1126902e-01   1.0000000e+00   5.2772792e-03
   9.6006791e+05   1.0000292e-01   1.3369403e-02   7.4527166e-13   1.1337232e-01   1.0000000e+00   5.2764832e-03
   2.0677956e+05   1.4878117e+02   1.2843630e+01   4.1559093e-14   1.6162480e+02   1.0000000e+00   5.2710206e-03
   2.5219045e+06   1.0887156e-01   1.0002331e-01   4.4959752e-13   2.0889487e-01   1.0000000e+00   5.2645703e-03
   8.6320749e+04   9.1759049e+02   2.7307098e+01   2.6213359e-14   9.4489758e+02   1.0000000e+00   5.2426629e-03
   1.0903567e+05   5.9090076e+02   2.3316341e+01   2.9277188e-14   6.1421710e+02   1.0000000e+00   5.2411103e-03
   1.4930682e+06   1.3068836e+00   7.9279259e-01   1.6277542e-13   2.0996762e+00   1.0000000e+00   5.2310184e-03
   8.8092066e+04   8.2638716e+02   3.1213687e+01   2.6871577e-14   8.5760084e+02   1.0000000e+00   5.2064088e-03
   1.2305243e+05   4.2027562e+02   2.1049265e+01   3.1886190e-14   4.4132488e+02   1.0000000e+00   5.1892026e-03
   2.1372004e+06   4.2527067e-01   3.4756090e-01   2.4651721e-13   7.7283156e-01   1.0000000e+00   5.1756119e-03
   1.5689844e+05   2.6417392e+02   1.3880849e+01   3.5985682e-14   2.7805476e+02   1.0000000e+00   5.1596995e-03
   2.3221852e+06   3.7746441e-01   2.5635097e-01   2.7150413e-13   6.3381538e-01   1.0000000e+00   5.1217899e-03
   8.8194532e+04   9.2153438e+02   2.6967307e+01   2.6196575e-14   9.4850169e+02   1.0000000e+00   5.1168461e-03
   2.2591399e+06   2.2454994e-01   1.5782170e-01   3.3984244e-13   3.8237164e-01   1.0000000e+00   5.1071393e-03
   2.1544108e+06   1.0000000e-01   6.8987923e-02   5.0030325e-13   1.6898792e-01   1.0000000e+00   5.1049387e-03
   1.9915886e+05   1.5633724e+02   1.1924268e+01   4.1109415e-14   1.6826151e+02   1.0000000e+00   5.0941631e-03
   2.1099539e+05   1.0432963e+02   6.4199447e+00   4.6378021e-14   1.1074958e+02   1.0000000e+00   5.0867863e-03
   4.3749161e+05   3.7526474e+01   5.0853652e+00   6.0291958e-14   4.2611839e+01   1.0000000e+00   5.0680783e-03
   2.0776371e+05   1.1993252e+02   1.1479461e+01   4.4054995e-14   1.3141198e+02   1.0000000e+00   5.0627666e-03
   1.0057333e+05   6.3869182e+02   2.3442629e+01   2.8711807e-14   6.6213445e+02   1.0000000e+00   5.0561892e-03
   2.1435796e+06   4.5086700e-01   3.5480464e-01   2.4219787e-13   8.0567165e-01   1.0000000e+00   5.0558536e-03
   1.3392542e+05   4.1018277e+02   2.1676312e+01   3.2089922e-14   4.3185908e+02   1.0000000e+00   5.0546998e-03
   1.0967721e+05   5.6403065e+02   2.3565132e+01   2.9607647e-14   5.8759578e+02   1.0000000e+00   5.0516960e-03
   1.4356054e+05   3.2434108e+02   2.1508261e+01   3.3992137e-14   3.4584935e+02   1.0000000e+00   5.0336421e-03
   1.9086750e+06   1.0023032e-01   5.6725357e-02   5.2366398e-13   1.5695567e-01   1.0000000e+00   5.0299502e-03
   1.4642832e+05   3.3640207e+02   1.5220691e+01   3.3864546e-14   3.5162276e+02   1.0000000e+00   5.0275210e-03
   1.1688659e+05   5.1483439e+02   2.1022094e+01   3.0329021e-14   5.3585648e+02   1.0000000e+00   5.0270475e-03
   1.7294978e+05   1.9933870e+02   1.4271365e+01   3.8588933e-14   2.1361007e+02   1.0000000e+00   5.0150360e-03
   2.1304553e+06   1.3590443e-01   9.2656918e-02   4.3283948e-13   2.2856135e-01   1.0000000e+00   5.0083310e-03
   2.0929066e+06   1.0000000e-01   6.1274173e-02   5.1474038e-13   1.6127417e-01   1.0000000e+00   4.9935750e-03
   1.6377342e+05   2.2566617e+02   1.4689642e+01   3.7395998e-14   2.4035581e+02   1.0000000e+00   4.9897246e-03
   8.8089326e+04   8.2831645e+02   3.1215010e+01   2.6855789e-14   8.5953146e+02   1.0000000e+00   4.9694172e-03
   2.1760392e+06   3.5102318e-01   3.9827517e-01   2.5250424e-13   7.4929834e-01   1.0000000e+00   4.9511041e-03
   1.3223777e+06   1.0000000e-01   2.5907052e-02   6.3322365e-13   1.2590705e-01   1.0000000e+00   4.9386037e-03
   1.5306929e+06   1.0000000e-01   4.0403973e-02   5.6900032e-13   1.4040397e-01   1.0000000e+00   4.9272193e-03
   1.3590088e+05   3.8180380e+02   1.9859180e+01   3.2684545e-14   4.0166298e+02   1.0000000e+00   4.9168862e-03
   8.2142331e+04   8.4399565e+02   2.7136803e+01   2.6800025e-14   8.7113245e+02   1.0000000e+00   4.9115420e-03
   1.9989945e+06   3.9751374e-01   3.1617190e-01   2.5511546e-13   7.1368563e-01   1.0000000e+00   4.9111787e-03
   8.7176269e+04   8.7149530e+02   2.8431240e+01   2.6538651e-14   8.9992654e+02   1.0000000e+00   4.9058292e-03
   2.1390282e+06   2.4372546e-01   1.7052115e-01   3.2689097e-13   4.1424662e-01   1.0000000e+00   4.8995798e-03
   1.5938530e+05   3.0856442e+02   1.5894206e+01   3.4626621e-14   3.2445862e+02   1.0000000e+00   4.8989338e-03
   1.6055244e+05   2.2110398e+02   1.6202515e+01   3.7559958e-14   2.3730649e+02   1.0000000e+00   4.8526129e-03
   1.2372456e+05   4.6246104e+02   2.1635009e+01   3.1137146e-14   4.8409604e+02   1.0000000e+00   4.8471491e-03
   8.6845872e+05   1.0000000e-01   1.3603112e-02   7.4403269e-13   1.1360311e-01   1.0000000e+00   4.8349500e-03
   8.7509818e+04   8.3480750e+02   2.8714874e+01   2.6822671e-14   8.6352237e+02   1.0000000e+00   4.8094240e-03
   1.1887149e+06   1.0000000e-01   1.8943579e-02   6.8421314e-13   1.1894358e-01   1.0000000e+00   4.8000527e-03
   1.1523069e+06   1.0000000e-01   2.2923331e-02   6.5344324e-13   1.2292333e-01   1.0000000e+00   4.7859431e-03
   1.6920496e+06   1.0000000e-01   4.1115249e-02   5.6605633e-13   1.4111525e-01   1.0000000e+00   4.7802987e-03
   8.7872923e+05   1.0000000e-01   1.2783277e-02   7.5427128e-13   1.1278328e-01   1.0000000e+00   4.7795475e-03
   8.8431126e+04   9.2713040e+02   3.1003873e+01   2.6128291e-14   9.5813427e+02   1.0000000e+00   4.7795268e-03
   2.0862279e+06   1.4340105e-01   1.0572977e-01   4.1440509e-13   2.4913082e-01   1.0000000e+00   4.7775263e-03
   1.9490631e+06   3.6271242e-01   2.9284823e-01   2.6511015e-13   6.5556065e-01   1.0000000e+00   4.7766266e-03
   1.6391017e+05   2.2887299e+02   1.6176979e+01   3.7207358e-14   2.4504997e+02   1.0000000e+00   4.7752560e-03
   2.1913525e+06   2.6902430e-01   2.0705818e-01   3.0606501e-13   4.7608249e-01   1.0000000e+00   4.7737887e-03
   1.2975044e+06   1.9975308e+00   8.3091591e-01   1.4553709e-13   2.8284467e+00   1.0000000e+00   4.7686394e-03
   2.3965840e+05   1.2590493e+02   8.9332682e+00   4.3724572e-14   1.3483819e+02   1.0000000e+00   4.7675942e-03
   1.4900404e+06   9.9744234e-01   5.8959469e-01   1.8217160e-13   1.5870370e+00   1.0000000e+00   4.7645371e-03
   2.1536593e+06   1.4102007e-01   1.0580806e-01   4.1598436e-13   2.4682813e-01   1.0000000e+00   4.7615062e-03
   1.2580930e+06   1.0000000e-01   2.5240793e-02   6.3747330e-13   1.2524079e-01   1.0000000e+00   4.7577424e-03
   1.6360982e+05   2.2881974e+02   1.6145006e+01   3.7211583e-14   2.4496474e+02   1.0000000e+00   4.7552751e-03
   3.3618484e+05   6.4964610e+01   5.7701184e+00   5.2334455e-14   7.0734729e+01   1.0000000e+00   4.7416768e-03
   2.0494091e+06   1.7265202e-01   1.2960080e-01   3.7810702e-13   3.0225282e-01   1.0000000e+00   4.7374190e-03
   2.1534555e+05   9.7835419e+01   6.2503766e+00   4.7198934e-14   1.0408580e+02   1.0000000e+00   4.7283853e-03
   2.3709409e+06   1.0217453e-01   8.7650971e-02   4.7057555e-13   1.8982550e-01   1.0000000e+00   4.7264543e-03
   1.0164223e+05   7.0386077e+02   3.1460691e+01   2.7967219e-14   7.3532146e+02   1.0000000e+00   4.7188891e-03
   2.1927170e+06   1.0076160e-01   8.3314182e-02   4.7801126e-13   1.8407578e-01   1.0000000e+00   4.7160672e-03
   8.9181534e+04   8.4691562e+02   2.8200721e+01   2.6729024e-14   8.7511634e+02   1.0000000e+00   4.6910132e-03
   1.0533195e+06   1.0000000e-01   1.5110507e-02   7.2330913e-13   1.1511051e-01   1.0000000e+00   4.6890237e-03
   8.3193745e+04   9.5657526e+02   2.8113782e+01   2.5937416e-14   9.8468905e+02   1.0000000e+00   4.6889360e-03
   2.1760793e+06   3.6076686e-01   3.9599446e-01   2.5090147e-13   7.5676132e-01   1.0000000e+00   4.6807284e-03
   9.8521342e+04   6.9272337e+02   2.5549286e+01   2.8116052e-14   7.1827265e+02   1.0000000e+00   4.6569888e-03
   8.2145419e+04   9.9232918e+02   2.8249178e+01   2.5702375e-14   1.0205784e+03   1.0000000e+00   4.6557102e-03
   1.3327417e+06   1.0000000e-01   2.3595811e-02   6.4837966e-13   1.2359581e-01   1.0000000e+00   4.6476270e-03
   9.0396893e+04   7.0794855e+02   3.1326809e+01   2.7951362e-14   7.3927536e+02   1.0000000e+00   4.6385896e-03
   9.3386644e+04   8.0259853e+02   2.6851581e+01   2.7102550e-14   8.2945011e+02   1.0000000e+00   4.6293586e-03
   2.2125896e+06   2.3883328e-01   1.8853276e-01   3.2145425e-13   4.2736604e-01   1.0000000e+00   4.6250646e-03
   2.2022248e+06   2.2468056e-01   2.0137973e-01   3.2185763e-13   4.2606029e-01   1.0000000e+00   4.6128849e-03
   8.8200401e+04   8.6782427e+02   2.8262048e+01   2.6568010e-14   8.9608632e+02   1.0000000e+00   4.6127257e-03
   9.1777156e+04   8.1661509e+02   2.7537029e+01   2.6978088e-14   8.4415212e+02   1.0000000e+00   4.6103687e-03
   9.4434999e+04   8.4378636e+02   2.4271742e+01   2.6817895e-14   8.6805810e+02   1.0000000e+00   4.6033317e-03
   9.1899075e+04   8.0154403e+02   2.6172246e+01   2.7113847e-14   8.2771628e+02   1.0000000e+00   4.5993323e-03
   2.0920714e+06   6.3124552e-01   4.4813697e-01   2.1424229e-13   1.0793825e+00   1.0000000e+00   4.5871893e-03
   1.6395913e+05   2.8875772e+02   1.6845165e+01   3.5161363e-14   3.0560288e+02   1.0000000e+00   4.5818338e-03
   9.0333694e+05   1.0000000e-01   1.2622636e-02   7.5608440e-13   1.1262264e-01   1.0000000e+00   4.5697509e-03
   2.1247294e+06   1.0000000e-01   6.0230280e-02   5.1719555e-13   1.6023028e-01   1.0000000e+00   4.5598954e-03
   2.1525916e+06   1.0880397e-01   8.8435876e-02   4.6262753e-13   1.9723984e-01   1.0000000e+00   4.5537554e-03
   1.0521550e+05   6.4125091e+02   2.4399947e+01   2.8679373e-14   6.6565086e+02   1.0000000e+00   4.5420648e-03
   1.7679126e+05   2.6636095e+02   1.5895923e+01   3.5972528e-14   2.8225687e+02   1.0000000e+00   4.5406420e-03
   2.1953904e+06   1.9536841e-01   1.8241482e-01   3.4050824e-13   3.7778323e-01   1.0000000e+00   4.5355873e-03
   1.6851198e+06   1.0045206e-01   5.4105662e-02   5.3085123e-13   1.5455772e-01   1.0000000e+00   4.5113438e-03
   9.0202493e+04   8.6684039e+02   2.8318417e+01   2.6580178e-14   8.9515881e+02   1.0000000e+00   4.5077744e-03
   8.4318106e+04   9.6663557e+02   2.7432933e+01   2.5877801e-14   9.9406850e+02   1.0000000e+00   4.4911417e-03
   1.0539473e+05   5.6789528e+02   2.5926854e+01   2.9533508e-14   5.9382213e+02   1.0000000e+00   4.4782082e-03
   3.7892869e+05   3.8771672e+01   6.7628594e+00   5.9026419e-14   4.5534532e+01   1.0000000e+00   4.4620519e-03
   8.7669839e+04   7.9147038e+02   2.5328216e+01   2.7218961e-14   8.1679860e+02   1.0000000e+00   4.4370147e-03
   2.2347014e+06   4.2118468e-01   3.3768004e-01   2.4888227e-13   7.5886472e-01   1.0000000e+00   4.4292533e-03
   2.5506667e+05   1.0728850e+02   6.5988778e+00   4.5901271e-14   1.1388738e+02   1.0000000e+00   4.3984274e-03
   1.0174798e+05   7.0292002e+02   3.1479706e+01   2.7976554e-14   7.3439973e+02   1.0000000e+00   4.3929891e-03
   2.1398271e+06   2.4598146e-01   2.0049301e-01   3.1492565e-13   4.4647447e-01   1.0000000e+00   4.3886582e-03
   2.0837290e+06   1.0041630e-01   5.7780272e-02   5.2182103e-13   1.5819657e-01   1.0000000e+00   4.3834328e-03
   2.0866996e+06   5.8789654e-01   4.1857713e-01   2.2049949e-13   1.0064737e+00   1.0000000e+00   4.3827534e-03
   1.9111289e+06   1.0000000e-01   5.3398473e-02   5.3161778e-13   1.5339847e-01   1.0000000e+00   4.3607470e-03
   1.4731308e+05   2.6863000e+02   1.4682602e+01   3.5826449e-14   2.8331260e+02   1.0000000e+00   4.3482578e-03
   9.3704933e+05   1.0000000e-01   1.3674491e-02   7.4127636e-13   1.1367449e-01   1.0000000e+00   4.3462147e-03
   1.3890341e+05   3.5434840e+02   2.0545828e+01   3.3274235e-14   3.7489423e+02   1.0000000e+00   4.3317408e-03
   1.0747703e+05   5.6279075e+02   2.2485133e+01   2.9637634e-14   5.8527588e+02   1.0000000e+00   4.3122921e-03
   9.1780299e+05   1.0000000e-01   1.3177582e-02   7.4812823e-13   1.1317758e-01   1.0000000e+00   4.3097540e-03
   8.7840910e+05   1.0000000e-01   1.1284143e-02   7.7725461e-13   1.1128414e-01   1.0000000e+00   4.2810309e-03
   2.0367478e+06   5.4758864e-01   5.1085409e-01   2.1617322e-13   1.0584427e+00   1.0000000e+00   4.2774081e-03
   1.4580422e+05   3.1356481e+02   1.7296092e+01   3.4371975e-14   3.3086090e+02   1.0000000e+00   4.2609909e-03
   2.0856940e+06   1.4974681e-01   1.0596705e-01   4.0968650e-13   2.5571386e-01   1.0000000e+00   4.2603171e-03
   3.3420408e+05   5.0296656e+01   5.7241022e+00   5.5630086e-14   5.6020759e+01   1.0000000e+00   4.2197312e-03
   1.5323240e+05   3.2449568e+02   2.0060534e+01   3.4061436e-14   3.4455622e+02   1.0000000e+00   4.2189566e-03
   1.3616274e+05   3.6275349e+02   2.0085257e+01   3.3088241e-14   3.8283875e+02   1.0000000e+00   4.2137501e-03
   1.4163948e+05   3.5864068e+02   2.0371694e+01   3.3191979e-14   3.7901238e+02   1.0000000e+00   4.2037360e-03
   2.3531359e+05   1.2021352e+02   8.7717035e+00   4.4200901e-14   1.2898522e+02   1.0000000e+00   4.1840191e-03
   1.2634908e+05   3.9502082e+02   2.0364610e+01   3.2393447e-14   4.1538543e+02   1.0000000e+00   4.1818212e-03
   1.1220046e+05   4.8124675e+02   2.2902221e+01   3.0817056e-14   5.0414897e+02   1.0000000e+00   4.1548115e-03
   1.4931549e+06   1.3965479e+00   8.0377116e-01   1.5978224e-13   2.2003190e+00   1.0000000e+00   4.1433679e-03
   8.4318156e+04   9.6667463e+02   2.7424247e+01   2.5877621e-14   9.9409888e+02   1.0000000e+00   4.0975582e-03
   1.6020239e+06   1.0000000e-01   3.5180487e-02   5.8802473e-13   1.3518049e-01   1.0000000e+00   4.0723370e-03
   8.5393885e+04   9.3019614e+02   2.8476810e+01   2.6114844e-14   9.5867295e+02   1.0000000e+00   4.0640040e-03
   2.7535916e+05   7.3727499e+01   8.5113017e+00   4.9972162e-14   8.2238800e+01   1.0000000e+00   4.0554367e-03
   1.6009352e+06   1.0000000e-01   3.5213177e-02   5.8787743e-13   1.3521318e-01   1.0000000e+00   4.0533101e-03
   1.2616086e+06   1.0000000e-01   2.4815731e-02   6.4002435e-13   1.2481573e-01   1.0000000e+00   4.0529753e-03
   1.2209895e+06   1.0000000e-01   2.3027215e-02   6.5184085e-13   1.2302722e-01   1.0000000e+00   4.0463787e-03
   7.6994902e+05   9.5337707e+00   2.6423323e+00   8.7706597e-14   1.2176103e+01   1.0000000e+00   4.0447959e-03
   1.9141487e+05   1.8855011e+02   1.4303101e+01   3.9121468e-14   2.0285321e+02   1.0000000e+00   4.0117354e-03
   1.3839167e+06   4.0472560e+00   1.6097272e+00   1.1551666e-13   5.6569833e+00   1.0000000e+00   3.9975151e-03
   8.7429153e+04   9.0835311e+02   3.0655477e+01   2.6254547e-14   9.3900859e+02   1.0000000e+00   3.9700180e-03
   1.4854756e+06   1.3312317e+00   7.9886634e-01   1.6185292e-13   2.1300980e+00   1.0000000e+00   3.9572703e-03
