   2.0000000e+07   8.0502147e+04   7.1035029e-01   1.0000000e+03   2.5489636e-14   1.0007104e+03   1.0000000e+00             Inf
   9.0050617e+06   2.0830839e+06   1.0000000e-01   1.0000000e-01   4.0475696e-13   2.0000000e-01   1.0000000e+00             Inf
   8.8323398e+06   2.0247482e+06   1.0001050e-01   1.1767114e-01   3.8083097e-13   2.1768164e-01   1.0000000e+00   2.1085721e-02
   8.4742176e+06   2.0425374e+06   1.0000694e-01   1.2372859e-01   3.7403308e-13   2.2373553e-01   1.0000000e+00   2.0709242e-02
   1.9344614e+07   1.5114842e+05   1.1787087e-01   2.7571186e+02   3.5093738e-14   2.7582973e+02   1.0000000e+00   1.8410134e-02
   1.7794397e+07   1.6758391e+05   1.0000000e-01   2.6261329e+02   3.5564647e-14   2.6271329e+02   1.0000000e+00   1.7945667e-02
   6.2017014e+06   1.9114837e+06   1.0002821e-01   1.1373004e-01   3.8681110e-13   2.1375825e-01   1.0000000e+00   1.5019826e-02
   5.7424898e+06   1.2041759e+06   1.0015449e-01   1.0162804e+00   1.7431818e-13   1.1164349e+00   1.0000000e+00   1.4877985e-02
   8.6783170e+06   2.0394514e+06   1.0000695e-01   1.1030987e-01   3.9014282e-13   2.1031682e-01   1.0000000e+00   1.4666472e-02
   4.9563230e+06   1.6079336e+06   1.0000026e-01   3.6880507e-01   2.5050140e-13   4.6880533e-01   1.0000000e+00   1.3882617e-02
   5.6741795e+06   1.1806705e+06   1.0025512e-01   9.7983535e-01   1.7663394e-13   1.0800905e+00   1.0000000e+00   1.3818726e-02
   1.8612251e+07   1.0498299e+05   1.2103237e-01   5.5285715e+02   2.9525464e-14   5.5297818e+02   1.0000000e+00   1.3138142e-02
   1.9266435e+07   7.8326840e+04   1.0000000e-01   9.6624134e+02   2.5719724e-14   9.6634134e+02   1.0000000e+00   1.3070693e-02
   7.2431717e+06   1.6919030e+06   1.0000000e-01   2.4835110e-01   2.8862064e-13   3.4835110e-01   1.0000000e+00   1.2930821e-02
   1.8753414e+07   9.6968092e+04   1.9662406e-01   6.8761365e+02   2.7964972e-14   6.8781028e+02   1.0000000e+00   1.2905053e-02
   1.7194112e+07   1.1805062e+05   1.0000249e-01   5.4520031e+02   2.9669077e-14   5.4530031e+02   1.0000000e+00   1.2825676e-02
   1.7920639e+07   7.4407442e+05   1.2226217e-01   7.8325700e+00   8.9955711e-14   7.9548322e+00   1.0000000e+00   1.2804996e-02
   1.4144292e+07   1.7400636e+05   1.1798738e-01   2.0201777e+02   3.7933644e-14   2.0213576e+02   1.0000000e+00   1.2619822e-02
   1.6672774e+07   1.1308010e+05   1.0000000e-01   5.1408351e+02   3.0057128e-14   5.1418351e+02   1.0000000e+00   1.2436988e-02
   1.4633260e+07   1.4024236e+05   1.0642330e-01   3.3756575e+02   3.3371415e-14   3.3767217e+02   1.0000000e+00   1.2385748e-02
   5.8577743e+06   1.7576691e+06   1.0000000e-01   1.9837494e-01   3.1376037e-13   2.9837494e-01   1.0000000e+00   1.2282378e-02
   1.4999161e+07   1.3902948e+05   1.0949432e-01   3.4538409e+02   3.3182274e-14   3.4549358e+02   1.0000000e+00   1.2266491e-02
   1.4671805e+07   1.2272083e+05   1.0560040e-01   3.9915352e+02   3.2017218e-14   3.9925912e+02   1.0000000e+00   1.1975144e-02
   1.9732767e+07   8.4763712e+04   1.0000000e-01   9.3539942e+02   2.5916231e-14   9.3549942e+02   1.0000000e+00   1.1861996e-02
   2.0000000e+07   9.6620515e+04   4.1928890e-01   6.5470402e+02   2.8312542e-14   6.5512330e+02   1.0000000e+00   1.1793777e-02
   7.2102297e+06   1.2558339e+06   1.0000155e-01   1.0973068e+00   1.7004228e-13   1.1973083e+00   1.0000000e+00   1.1773949e-02
   1.7687609e+07   3.6808246e+05   1.1108261e-01   4.1448900e+01   5.6691588e-14   4.1559983e+01   1.0000000e+00   1.1755783e-02
   1.5708966e+07   2.4526078e+05   1.5634804e-01   1.2978319e+02   4.2502834e-14   1.2993954e+02   1.0000000e+00   1.1738107e-02
   2.0000000e+07   8.3705249e+04   1.0000000e-01   9.7703744e+02   2.5641311e-14   9.7713744e+02   1.0000000e+00   1.1685044e-02
   6.5630258e+06   1.2620327e+06   1.0000000e-01   9.1342746e-01   1.8085630e-13   1.0134275e+00   1.0000000e+00   1.1434985e-02
   1.4470740e+07   1.4083226e+05   1.0000000e-01   3.3374949e+02   3.3465814e-14   3.3384949e+02   1.0000000e+00   1.1412506e-02
   1.4364693e+07   1.3974821e+05   1.0650041e-01   3.2685287e+02   3.3638863e-14   3.2695938e+02   1.0000000e+00   1.1375474e-02
   1.4158380e+07   1.8197678e+05   1.0000000e-01   2.0829075e+02   3.7654224e-14   2.0839075e+02   1.0000000e+00   1.1178392e-02
   1.8861772e+07   1.0101404e+05   1.0435317e-01   6.4004144e+02   2.8466412e-14   6.4014580e+02   1.0000000e+00   1.1164553e-02
   4.6183875e+06   1.5506682e+06   1.0065590e-01   3.9777538e-01   2.4351261e-13   4.9843128e-01   1.0000000e+00   1.1124124e-02
   1.6055818e+07   2.4962459e+05   1.4092588e-01   1.1204059e+02   4.4007484e-14   1.1218151e+02   1.0000000e+00   1.1081293e-02
   1.9526943e+07   8.5960416e+04   2.2890302e-01   8.6262890e+02   2.6438784e-14   8.6285780e+02   1.0000000e+00   1.1069563e-02
   1.7289428e+07   1.1474691e+05   1.0000261e-01   5.3244974e+02   2.9807803e-14   5.3254975e+02   1.0000000e+00   1.0789583e-02
   6.0189570e+06   1.9534822e+06   1.0000000e-01   1.5230343e-01   3.4640049e-13   2.5230343e-01   1.0000000e+00   1.0769465e-02
   1.9595646e+07   8.2526640e+04   1.0000000e-01   9.4758352e+02   2.5831354e-14   9.4768352e+02   1.0000000e+00   1.0749789e-02
   1.9955057e+07   1.0053407e+05   4.1960586e-01   6.6002333e+02   2.8251457e-14   6.6044294e+02   1.0000000e+00   1.0749258e-02
   8.5714020e+06   1.7241894e+06   1.0000000e-01   2.3350632e-01   2.9513534e-13   3.3350632e-01   1.0000000e+00   1.0739580e-02
   8.4020888e+06   1.7175556e+06   1.0000000e-01   2.2638371e-01   2.9852703e-13   3.2638371e-01   1.0000000e+00   1.0722318e-02
   1.9822670e+07   1.0161173e+05   1.5585030e-01   6.3278314e+02   2.8546788e-14   6.3293899e+02   1.0000000e+00   1.0714969e-02
   1.7656483e+07   3.9058390e+05   1.0948404e-01   4.3820537e+01   5.5961539e-14   4.3930021e+01   1.0000000e+00   1.0690976e-02
   1.6779512e+07   1.0768158e+05   1.0572697e-01   5.2795243e+02   2.9864365e-14   5.2805815e+02   1.0000000e+00   1.0659704e-02
   1.6911318e+07   2.5623527e+05   1.3961113e-01   1.1811064e+02   4.3518643e-14   1.1825025e+02   1.0000000e+00   1.0635598e-02
   1.9998717e+07   8.0452969e+04   6.7590206e-01   9.9114214e+02   2.5545918e-14   9.9181804e+02   1.0000000e+00   1.0612034e-02
   1.8658795e+07   3.4591680e+05   1.3580470e-01   3.7972270e+01   5.8213176e-14   3.8108075e+01   1.0000000e+00   1.0541928e-02
   6.2386665e+06   1.5527746e+06   1.0000000e-01   4.0997011e-01   2.4071735e-13   5.0997011e-01   1.0000000e+00   1.0537477e-02
   8.4482353e+06   1.7057946e+06   1.0000156e-01   2.1731193e-01   3.0315005e-13   3.1731348e-01   1.0000000e+00   1.0181866e-02
   1.7020466e+07   7.8950146e+05   1.0000000e-01   7.1728936e+00   9.2637136e-14   7.2728936e+00   1.0000000e+00   1.0123043e-02
   1.9180868e+07   1.0315612e+05   1.3401678e-01   6.1928902e+02   2.8700236e-14   6.1942304e+02   1.0000000e+00   1.0088619e-02
   4.6717616e+06   1.9360763e+06   1.0000000e-01   1.4885210e-01   3.4930609e-13   2.4885210e-01   1.0000000e+00   1.0031841e-02
   4.0479124e+06   1.4757047e+06   1.0000000e-01   4.8115873e-01   2.2745214e-13   5.8115873e-01   1.0000000e+00   9.8122019e-03
   5.0535757e+06   1.5430006e+06   1.0000000e-01   3.5453142e-01   2.5365390e-13   4.5453142e-01   1.0000000e+00   9.7166570e-03
   2.9737818e+06   1.8447420e+06   1.0000719e-01   1.9451242e-01   3.1679072e-13   2.9451961e-01   1.0000000e+00   9.6739453e-03
   1.9553500e+07   8.0419100e+04   1.2319768e-01   9.5526609e+02   2.5783420e-14   9.5538929e+02   1.0000000e+00   9.6724256e-03
   1.6666220e+07   2.7058938e+05   1.0048055e-01   8.1076207e+01   4.7727580e-14   8.1176687e+01   1.0000000e+00   9.6446154e-03
   1.6718886e+07   1.1327786e+05   1.5935830e-01   5.0538706e+02   3.0184000e-14   5.0554641e+02   1.0000000e+00   9.6033041e-03
   7.1290597e+06   1.7088666e+06   1.0003333e-01   2.5701199e-01   2.8512726e-13   3.5704533e-01   1.0000000e+00   9.5371056e-03
   6.1880019e+06   1.5457939e+06   1.0000004e-01   4.5515543e-01   2.3215952e-13   5.5515547e-01   1.0000000e+00   9.5308597e-03
   5.5089193e+06   1.5792339e+06   1.0000000e-01   3.2769157e-01   2.6095170e-13   4.2769157e-01   1.0000000e+00   9.5112709e-03
   1.5402204e+07   2.2150402e+05   2.2160779e-01   1.5257729e+02   4.0760853e-14   1.5279890e+02   1.0000000e+00   9.4920639e-03
   8.4857383e+06   1.7279958e+06   1.0000000e-01   2.0661019e-01   3.0885240e-13   3.0661019e-01   1.0000000e+00   9.3312679e-03
   1.5037734e+07   2.5771559e+05   1.0000000e-01   9.8106840e+01   4.5482558e-14   9.8206840e+01   1.0000000e+00   9.3279842e-03
   8.5405197e+06   2.0402172e+06   1.0000703e-01   1.0261976e-01   4.0093114e-13   2.0262679e-01   1.0000000e+00   9.3058408e-03
   6.1812425e+06   1.5730149e+06   1.0000000e-01   4.2480485e-01   2.3804167e-13   5.2480485e-01   1.0000000e+00   9.2679740e-03
   1.5746025e+07   2.4220339e+05   1.5726326e-01   1.3459393e+02   4.2127271e-14   1.3475119e+02   1.0000000e+00   9.2436440e-03
   1.5835130e+07   2.0881899e+05   1.9244537e-01   1.4757868e+02   4.1030475e-14   1.4777113e+02   1.0000000e+00   9.1736616e-03
   2.0000000e+07   1.0750298e+05   1.0907431e-01   5.6938259e+02   2.9304244e-14   5.6949166e+02   1.0000000e+00   9.1514419e-03
   6.8200767e+06   1.1467762e+06   1.0065550e-01   1.4619534e+00   1.5393874e-13   1.5626090e+00   1.0000000e+00   9.1158417e-03
   1.9731673e+07   8.4699893e+04   1.0000000e-01   9.2828608e+02   2.5964263e-14   9.2838608e+02   1.0000000e+00   9.0981491e-03
   1.9205047e+07   1.4600297e+05   1.4867083e-01   2.7946243e+02   3.4987804e-14   2.7961111e+02   1.0000000e+00   9.0477695e-03
   1.8009463e+07   8.7730997e+05   1.0000036e-01   3.7651600e+00   1.1227818e-13   3.8651603e+00   1.0000000e+00   9.0438177e-03
   1.9300894e+07   8.4559102e+04   1.0000000e-01   9.6355920e+02   2.5730759e-14   9.6365920e+02   1.0000000e+00   9.0410591e-03
   5.4151264e+06   1.4320123e+06   1.0000000e-01   4.4265820e-01   2.3412352e-13   5.4265820e-01   1.0000000e+00   9.0317778e-03
   1.8724027e+07   1.4112384e+05   1.0163893e-01   3.1294174e+02   3.4005407e-14   3.1304338e+02   1.0000000e+00   9.0264111e-03
   6.1250010e+06   2.0178332e+06   1.0000000e-01   1.4409497e-01   3.5413986e-13   2.4409497e-01   1.0000000e+00   8.9691385e-03
   1.9877051e+07   8.9759012e+04   1.0000000e-01   6.9559107e+02   2.7921459e-14   6.9569107e+02   1.0000000e+00   8.9046955e-03
   7.3884736e+06   2.0819129e+06   1.0000000e-01   1.0882063e-01   3.9237174e-13   2.0882063e-01   1.0000000e+00   8.8388924e-03
   6.5651201e+06   1.1197444e+06   1.0000176e-01   8.8035896e-01   1.8449896e-13   9.8036071e-01   1.0000000e+00   8.8096240e-03
   1.8624036e+07   1.0531390e+05   1.0559964e-01   5.5778194e+02   2.9457699e-14   5.5788754e+02   1.0000000e+00   8.7811492e-03
   1.6914865e+07   1.7761336e+05   2.4358360e-01   2.2514284e+02   3.6937530e-14   2.2538643e+02   1.0000000e+00   8.7695428e-03
   1.4227215e+07   1.2512282e+05   2.4136886e-01   4.1406971e+02   3.1716228e-14   4.1431107e+02   1.0000000e+00   8.7293996e-03
   5.9272140e+06   1.2328795e+06   1.0000000e-01   7.1067158e-01   1.9806895e-13   8.1067158e-01   1.0000000e+00   8.7196096e-03
   4.8009076e+06   1.1483614e+06   1.0396539e-01   1.4107828e+00   1.5605145e-13   1.5147482e+00   1.0000000e+00   8.7060870e-03
   1.4350951e+07   1.4057109e+05   1.0644655e-01   3.2307548e+02   3.3736361e-14   3.2318192e+02   1.0000000e+00   8.6578677e-03
   1.6545883e+07   7.8871661e+05   1.4199589e-01   5.0780237e+00   1.0225911e-13   5.2200196e+00   1.0000000e+00   8.6395414e-03
   1.9176880e+07   1.0353993e+05   1.3482294e-01   5.9848429e+02   2.8943985e-14   5.9861912e+02   1.0000000e+00   8.6094365e-03
   6.0605199e+06   1.6697987e+06   1.0000001e-01   2.6813620e-01   2.8075631e-13   3.6813621e-01   1.0000000e+00   8.5896126e-03
   5.8634600e+06   1.0691886e+06   1.0000000e-01   1.9419433e+00   1.4008249e-13   2.0419433e+00   1.0000000e+00   8.5530114e-03
   6.0607036e+06   2.0405884e+06   1.0000000e-01   1.1494168e-01   3.8444805e-13   2.1494168e-01   1.0000000e+00   8.5346469e-03
   1.9961322e+07   8.3251007e+04   1.0429917e-01   9.0357405e+02   2.6138756e-14   9.0367835e+02   1.0000000e+00   8.5338769e-03
   1.6800129e+07   2.8979325e+05   1.0053689e-01   6.6140053e+01   5.0289073e-14   6.6240590e+01   1.0000000e+00   8.5137894e-03
   1.9875596e+07   1.0089871e+05   4.1928018e-01   6.6515975e+02   2.8199193e-14   6.6557903e+02   1.0000000e+00   8.5137856e-03
   1.7768216e+07   9.9275503e+04   1.9024665e-01   6.6853289e+02   2.8161261e-14   6.6872313e+02   1.0000000e+00   8.4498819e-03
   1.6758911e+07   1.3341173e+05   1.0411276e-01   3.4910760e+02   3.3093472e-14   3.4921171e+02   1.0000000e+00   8.4491910e-03
   1.6922996e+07   1.5840765e+05   1.0341094e-01   2.5156397e+02   3.5905913e-14   2.5166738e+02   1.0000000e+00   8.4271454e-03
   1.7868327e+07   8.5991413e+05   1.0000015e-01   2.9455461e+00   1.2171547e-13   3.0455462e+00   1.0000000e+00   8.4239711e-03
   1.8060864e+07   9.3289431e+04   1.0021540e-01   7.6060600e+02   2.7275915e-14   7.6070622e+02   1.0000000e+00   8.4152075e-03
   1.7200912e+07   1.1196744e+05   1.0710603e-01   5.2145421e+02   2.9950695e-14   5.2156132e+02   1.0000000e+00   8.3545511e-03
   1.7829841e+07   1.6348036e+05   1.0000433e-01   2.5623472e+02   3.5749668e-14   2.5633473e+02   1.0000000e+00   8.3457852e-03
   1.9365148e+07   8.4591152e+04   1.0000000e-01   8.9540908e+02   2.6195874e-14   8.9550908e+02   1.0000000e+00   8.3451769e-03
   1.7132938e+07   1.1155587e+05   1.0565706e-01   5.3835783e+02   2.9716619e-14   5.3846349e+02   1.0000000e+00   8.3367679e-03
   6.7720751e+06   1.0331374e+06   1.1697043e-01   2.0189173e+00   1.3795058e-13   2.1358877e+00   1.0000000e+00   8.3243752e-03
   4.6906164e+06   1.9267535e+06   1.0000242e-01   1.3193533e-01   3.6528382e-13   2.3193774e-01   1.0000000e+00   8.3103491e-03
   1.9648162e+07   8.8431328e+04   1.3209945e-01   8.0676677e+02   2.6881191e-14   8.0689887e+02   1.0000000e+00   8.2601264e-03
   5.3203359e+06   1.4111606e+06   1.0000007e-01   4.9242587e-01   2.2526023e-13   5.9242594e-01   1.0000000e+00   8.2452626e-03
   1.5275094e+07   5.4006644e+05   1.4466563e-01   1.6924909e+01   7.2042067e-14   1.7069575e+01   1.0000000e+00   8.2314497e-03
   1.8699996e+07   3.4298409e+05   1.3506908e-01   4.7188183e+01   5.4821555e-14   4.7323252e+01   1.0000000e+00   8.2202739e-03
   1.7090223e+07   1.2302612e+05   1.0386285e-01   4.2898557e+02   3.1437994e-14   4.2908944e+02   1.0000000e+00   8.2102310e-03
   1.5678880e+07   2.4365113e+05   1.5639930e-01   1.2480820e+02   4.2869309e-14   1.2496460e+02   1.0000000e+00   8.1934703e-03
   7.4626610e+06   1.7247379e+06   1.0000000e-01   2.7196209e-01   2.7957650e-13   3.7196209e-01   1.0000000e+00   8.1826641e-03
   1.8284486e+07   9.6385752e+05   1.2338320e-01   2.8010717e+00   1.2346053e-13   2.9244549e+00   1.0000000e+00   8.1776931e-03
   5.5067487e+06   1.6157727e+06   1.0000000e-01   3.3727150e-01   2.5841935e-13   4.3727150e-01   1.0000000e+00   8.1697178e-03
   1.6463050e+07   2.6257513e+05   1.4558701e-01   1.0922720e+02   4.4356201e-14   1.0937279e+02   1.0000000e+00   8.1676998e-03
   6.2336464e+06   1.5625756e+06   1.0000000e-01   4.3719232e-01   2.3557816e-13   5.3719232e-01   1.0000000e+00   8.1504160e-03
   4.5289325e+06   1.9032812e+06   1.0000000e-01   1.4118524e-01   3.5617249e-13   2.4118524e-01   1.0000000e+00   8.1458792e-03
   1.6389702e+07   3.0522443e+05   2.1246121e-01   5.1289240e+01   5.3821419e-14   5.1501701e+01   1.0000000e+00   8.1443934e-03
   6.4349045e+06   1.3100615e+06   1.0000000e-01   6.8748307e-01   1.9981408e-13   7.8748307e-01   1.0000000e+00   8.1406950e-03
   3.2782826e+06   1.9676206e+06   1.0000000e-01   1.3342680e-01   3.6394500e-13   2.3342680e-01   1.0000000e+00   8.1362043e-03
   1.8929456e+07   8.3774373e+05   1.0000000e-01   6.4608306e+00   9.5909856e-14   6.5608306e+00   1.0000000e+00   8.1233291e-03
   2.0000000e+07   1.0552276e+05   1.0509151e-01   5.7811866e+02   2.9193377e-14   5.7822375e+02   1.0000000e+00   8.1008862e-03
   1.6776004e+07   3.4633826e+05   1.9610213e-01   6.1768098e+01   5.1302822e-14   6.1964201e+01   1.0000000e+00   8.0294711e-03
   7.2456305e+06   1.6574996e+06   1.0000000e-01   2.7598283e-01   2.7765587e-13   3.7598283e-01   1.0000000e+00   7.9640226e-03
   5.7055220e+06   1.0528725e+06   1.0000000e-01   1.6961262e+00   1.4636013e-13   1.7961262e+00   1.0000000e+00   7.9596729e-03
   1.8880111e+07   9.0240420e+04   1.0000047e-01   7.2905768e+02   2.7575635e-14   7.2915768e+02   1.0000000e+00   7.9492365e-03
   6.4543253e+06   1.2669481e+06   1.0000000e-01   7.2182529e-01   1.9652003e-13   8.2182529e-01   1.0000000e+00   7.9480333e-03
   1.8692352e+07   1.0222740e+05   1.1535663e-01   6.4769339e+02   2.8386015e-14   6.4780874e+02   1.0000000e+00   7.9465592e-03
   1.8584542e+07   9.6024688e+05   1.0057167e-01   1.7928653e+00   1.4361013e-13   1.8934370e+00   1.0000000e+00   7.9391208e-03
   5.7829246e+06   1.2674622e+06   1.0000062e-01   7.8803724e-01   1.9050998e-13   8.8803786e-01   1.0000000e+00   7.9346273e-03
   6.0607563e+06   1.8912849e+06   1.0005850e-01   1.7463509e-01   3.2920306e-13   2.7469360e-01   1.0000000e+00   7.9272125e-03
   5.1063538e+06   1.3626656e+06   1.0000000e-01   5.6803320e-01   2.1407266e-13   6.6803321e-01   1.0000000e+00   7.8732066e-03
   1.5868028e+07   2.6377282e+05   1.0103016e-01   8.5881974e+01   4.7036245e-14   8.5983004e+01   1.0000000e+00   7.8693250e-03
   1.6929957e+07   1.7563316e+05   2.4949471e-01   1.8358714e+02   3.8879912e-14   1.8383663e+02   1.0000000e+00   7.8604949e-03
   1.8469898e+07   8.9342919e+04   1.0000000e-01   8.0023999e+02   2.6934606e-14   8.0033999e+02   1.0000000e+00   7.8385582e-03
   2.0000000e+07   1.0549006e+05   1.0528270e-01   5.6530310e+02   2.9357556e-14   5.6540839e+02   1.0000000e+00   7.8358570e-03
   1.8275469e+07   9.0975834e+04   1.0123345e-01   7.7677620e+02   2.7133523e-14   7.7687744e+02   1.0000000e+00   7.8114425e-03
   1.8141676e+07   6.9673750e+05   1.0000061e-01   8.3081799e+00   8.8210977e-14   8.4081805e+00   1.0000000e+00   7.7831687e-03
   1.9195877e+07   8.1357131e+04   1.0000000e-01   9.3996642e+02   2.5885614e-14   9.4006642e+02   1.0000000e+00   7.7760375e-03
   1.8101417e+07   6.2929255e+05   1.0416656e-01   1.0349599e+01   8.2724720e-14   1.0453765e+01   1.0000000e+00   7.7694481e-03
   1.4734552e+07   5.5852786e+05   1.0000000e-01   1.8014535e+01   7.0963297e-14   1.8114535e+01   1.0000000e+00   7.7673829e-03
   1.8480423e+07   1.8804555e+05   2.6541278e-01   2.1199072e+02   3.7530416e-14   2.1225613e+02   1.0000000e+00   7.7562783e-03
   1.8243918e+07   1.7348287e+05   2.6246744e-01   1.9689813e+02   3.8183455e-14   1.9716060e+02   1.0000000e+00   7.7148765e-03
   7.7842559e+06   2.0350784e+06   1.0000000e-01   1.0379129e-01   3.9928116e-13   2.0379129e-01   1.0000000e+00   7.7079076e-03
   7.4616105e+06   1.7252456e+06   1.0000084e-01   2.2190794e-01   3.0082587e-13   3.2190878e-01   1.0000000e+00   7.6745945e-03
   6.1232398e+06   1.0633684e+06   1.0375476e-01   1.5882821e+00   1.4956514e-13   1.6920368e+00   1.0000000e+00   7.6606641e-03
   1.4269401e+07   1.2676617e+05   1.0000000e-01   4.1895760e+02   3.1627754e-14   4.1905760e+02   1.0000000e+00   7.6578254e-03
   5.5289444e+06   1.5640926e+06   1.0000000e-01   3.8510986e-01   2.4624216e-13   4.8510986e-01   1.0000000e+00   7.6527240e-03
   4.6451389e+06   1.5182724e+06   1.0064667e-01   3.7587718e-01   2.4839701e-13   4.7652385e-01   1.0000000e+00   7.6274219e-03
   1.7616839e+07   1.5538641e+05   1.0000000e-01   2.8907493e+02   3.4696514e-14   2.8917493e+02   1.0000000e+00   7.6173447e-03
   1.6907047e+07   7.8682335e+05   1.0104955e-01   4.3577747e+00   1.0735615e-13   4.4588242e+00   1.0000000e+00   7.6037890e-03
   6.4708591e+06   1.2750018e+06   1.0000000e-01   7.3631949e-01   1.9506424e-13   8.3631949e-01   1.0000000e+00   7.5970673e-03
   1.6822364e+07   1.1319500e+05   1.0000000e-01   4.7546205e+02   3.0651762e-14   4.7556205e+02   1.0000000e+00   7.5895821e-03
   3.9539825e+06   1.1342898e+06   1.0001619e-01   1.2427968e+00   1.6298731e-13   1.3428130e+00   1.0000000e+00   7.5599283e-03
   6.6679082e+06   1.1437017e+06   1.0000499e-01   1.5011249e+00   1.5262686e-13   1.6011299e+00   1.0000000e+00   7.5424517e-03
   1.9343782e+07   9.7948370e+04   3.8177609e-01   6.7754901e+02   2.8067195e-14   6.7793079e+02   1.0000000e+00   7.5260241e-03
   1.4283801e+07   1.1983276e+05   1.0650077e-01   4.5526087e+02   3.0978248e-14   4.5536737e+02   1.0000000e+00   7.5119094e-03
   7.4115561e+06   2.0636425e+06   1.0000000e-01   1.0466180e-01   3.9800856e-13   2.0466180e-01   1.0000000e+00   7.5022050e-03
   5.9468909e+06   1.1396570e+06   1.0000000e-01   1.1157816e+00   1.6884606e-13   1.2157816e+00   1.0000000e+00   7.4845182e-03
   2.9687609e+06   1.8032148e+06   1.0000701e-01   1.9299900e-01   3.1742734e-13   2.9300601e-01   1.0000000e+00   7.4635115e-03
   5.2249071e+06   1.3496069e+06   1.0000000e-01   6.6743952e-01   2.0211942e-13   7.6743952e-01   1.0000000e+00   7.4590135e-03
   1.9706622e+07   9.0032654e+04   1.0073693e-01   8.4034608e+02   2.6614274e-14   8.4044682e+02   1.0000000e+00   7.4373804e-03
   1.8653223e+07   1.0192664e+05   1.0000000e-01   6.4886315e+02   2.8372763e-14   6.4896315e+02   1.0000000e+00   7.4290118e-03
   1.6221537e+07   1.1897986e+05   1.0394414e-01   4.4304405e+02   3.1189092e-14   4.4314800e+02   1.0000000e+00   7.4182620e-03
   1.8712691e+07   9.9683835e+04   1.0169093e-01   6.3684435e+02   2.8502600e-14   6.3694604e+02   1.0000000e+00   7.4150525e-03
   1.6958369e+07   1.3775856e+05   1.6357308e-01   3.5736556e+02   3.2903507e-14   3.5752913e+02   1.0000000e+00   7.4085275e-03
   4.5169395e+06   1.5683626e+06   1.0068848e-01   4.0568971e-01   2.4203120e-13   5.0637820e-01   1.0000000e+00   7.3816762e-03
   1.8207787e+07   9.6447308e+05   1.0041226e-01   2.6279708e+00   1.2599681e-13   2.7283831e+00   1.0000000e+00   7.3641276e-03
   6.3718943e+06   1.3345705e+06   1.0000005e-01   6.4876072e-01   2.0396194e-13   7.4876077e-01   1.0000000e+00   7.3502398e-03
   1.8584542e+07   9.6024687e+05   1.0000000e-01   1.7634336e+00   1.4447699e-13   1.8634336e+00   1.0000000e+00   7.3480850e-03
   1.9397946e+07   9.1158695e+04   1.0000021e-01   8.7945681e+02   2.6335952e-14   8.7955681e+02   1.0000000e+00   7.3375232e-03
   1.9368648e+07   1.0125312e+05   1.0000000e-01   6.2641767e+02   2.8618550e-14   6.2651767e+02   1.0000000e+00   7.3159878e-03
   5.1100110e+06   1.5764560e+06   1.0000000e-01   2.8679459e-01   2.7425034e-13   3.8679459e-01   1.0000000e+00   7.3080401e-03
   1.7727589e+07   9.4226267e+05   1.0013824e-01   2.5370213e+00   1.2745516e-13   2.6371596e+00   1.0000000e+00   7.3080279e-03
   8.3298029e+06   1.7233548e+06   1.0000000e-01   2.0098794e-01   3.1213487e-13   3.0098794e-01   1.0000000e+00   7.3003527e-03
   1.4177089e+07   1.2495624e+05   2.4208498e-01   4.2324098e+02   3.1545045e-14   4.2348307e+02   1.0000000e+00   7.2980740e-03
   1.3895159e+07   1.9259624e+05   1.0764118e-01   1.7950676e+02   3.9072314e-14   1.7961440e+02   1.0000000e+00   7.2916049e-03
   1.8220588e+07   1.0339689e+06   1.0005465e-01   2.2022188e+00   1.3363134e-13   2.3022735e+00   1.0000000e+00   7.2577182e-03
   1.8926782e+07   4.6410555e+05   1.4015157e-01   2.4826897e+01   6.4890177e-14   2.4967049e+01   1.0000000e+00   7.2490456e-03
   1.9430184e+07   8.6862518e+04   1.0022173e-01   8.4455352e+02   2.6577789e-14   8.4465375e+02   1.0000000e+00   7.2452858e-03
   6.0794556e+06   2.0360463e+06   1.0000000e-01   1.1690833e-01   3.8202761e-13   2.1690833e-01   1.0000000e+00   7.2368555e-03
   1.6937420e+07   8.1842093e+05   1.0000000e-01   3.3951568e+00   1.1639535e-13   3.4951568e+00   1.0000000e+00   7.2179856e-03
   1.9121205e+07   1.2684561e+05   2.7909557e-01   4.0564807e+02   3.1877378e-14   4.0592716e+02   1.0000000e+00   7.1921476e-03
   1.6587071e+07   7.8991144e+05   1.0000000e-01   4.7842837e+00   1.0418681e-13   4.8842837e+00   1.0000000e+00   7.1898385e-03
   6.2408720e+06   1.5403927e+06   1.0000000e-01   4.6431721e-01   2.3051699e-13   5.6431721e-01   1.0000000e+00   7.1667733e-03
   1.9387365e+07   8.6361177e+04   1.0016728e-01   8.8223556e+02   2.6292255e-14   8.8233573e+02   1.0000000e+00   7.1596593e-03
   1.8941428e+07   8.5245704e+04   1.0000000e-01   8.7503583e+02   2.6345844e-14   8.7513583e+02   1.0000000e+00   7.1561947e-03
   1.5075587e+07   5.0225436e+05   1.4227426e-01   2.2283349e+01   6.6876277e-14   2.2425624e+01   1.0000000e+00   7.1523853e-03
   1.6261766e+07   2.6103297e+05   1.4424120e-01   9.5318101e+01   4.5811068e-14   9.5462342e+01   1.0000000e+00   7.1423730e-03
   1.6826791e+07   2.7379612e+05   1.0045321e-01   6.9655531e+01   4.9682788e-14   6.9755984e+01   1.0000000e+00   7.1298349e-03
   1.6716692e+07   2.6982911e+05   1.0000000e-01   7.6172031e+01   4.8519022e-14   7.6272031e+01   1.0000000e+00   7.1228032e-03
   6.0733621e+06   1.9268350e+06   1.0006016e-01   1.6779969e-01   3.3432424e-13   2.6785985e-01   1.0000000e+00   7.1154381e-03
   1.9983287e+07   8.9483276e+04   1.0000000e-01   7.3378706e+02   2.7534689e-14   7.3388706e+02   1.0000000e+00   7.1151905e-03
   1.6610974e+07   2.7091914e+05   1.0023567e-01   5.9338916e+01   5.2046265e-14   5.9439151e+01   1.0000000e+00   7.0992284e-03
   2.9742666e+06   1.7970855e+06   1.0000744e-01   1.8939706e-01   3.1961945e-13   2.8940450e-01   1.0000000e+00   7.0786274e-03
   2.0000000e+07   7.9998422e+04   6.8842592e-01   9.9795519e+02   2.5502873e-14   9.9864362e+02   1.0000000e+00   7.0637021e-03
   2.0000000e+07   9.5954269e+04   4.6262565e-01   7.0832859e+02   2.7760004e-14   7.0879122e+02   1.0000000e+00   7.0408944e-03
   6.6013779e+06   1.9420714e+06   1.0000000e-01   1.7260042e-01   3.3119341e-13   2.7260042e-01   1.0000000e+00   7.0375898e-03
   7.1254217e+06   1.6974583e+06   1.0003175e-01   2.4512352e-01   2.9002699e-13   3.4515526e-01   1.0000000e+00   7.0043902e-03
   1.6665416e+07   1.1320423e+05   1.5815246e-01   4.9921138e+02   3.0276480e-14   4.9936953e+02   1.0000000e+00   6.9951603e-03
   1.5861135e+07   2.6382844e+05   1.1201063e-01   7.8982834e+01   4.8083011e-14   7.9094845e+01   1.0000000e+00   6.9889230e-03
   6.3301325e+06   1.9502665e+06   1.0002774e-01   1.6181245e-01   3.3893724e-13   2.6184019e-01   1.0000000e+00   6.9864751e-03
   1.8002118e+07   7.5780393e+05   1.0102220e-01   6.5869558e+00   9.4547047e-14   6.6879780e+00   1.0000000e+00   6.9693195e-03
   1.7273577e+07   1.0535654e+05   1.0000000e-01   5.4049511e+02   2.9695725e-14   5.4059511e+02   1.0000000e+00   6.9586933e-03
   1.6538923e+07   2.7413643e+05   1.0024258e-01   6.4168921e+01   5.0831880e-14   6.4269164e+01   1.0000000e+00   6.9471251e-03
   1.8495052e+07   9.0092679e+04   1.0423617e-01   7.8879360e+02   2.7030710e-14   7.8889784e+02   1.0000000e+00   6.9016203e-03
   1.6916603e+07   1.3737223e+05   2.2067935e-01   3.6110040e+02   3.2819417e-14   3.6132107e+02   1.0000000e+00   6.8923050e-03
   1.8284487e+07   9.6385745e+05   1.0042279e-01   2.7126132e+00   1.2472886e-13   2.8130360e+00   1.0000000e+00   6.8832740e-03
   1.7760125e+07   1.6575877e+05   1.0000000e-01   2.5926806e+02   3.5659755e-14   2.5936806e+02   1.0000000e+00   6.8631477e-03
   1.7298668e+07   1.0906087e+05   1.0083450e-01   5.8787256e+02   2.9083691e-14   5.8797339e+02   1.0000000e+00   6.8628156e-03
   1.8782115e+07   9.3194168e+04   1.0000000e-01   7.9383894e+02   2.6994290e-14   7.9393894e+02   1.0000000e+00   6.8260583e-03
   1.5993746e+07   5.7943807e+05   1.0021621e-01   1.0960554e+01   8.1549512e-14   1.1060771e+01   1.0000000e+00   6.8001072e-03
   1.6708659e+07   2.7227553e+05   1.0161266e-01   9.2738680e+01   4.6157108e-14   9.2840292e+01   1.0000000e+00   6.7992693e-03
   6.2452361e+06   1.9545736e+06   1.0002682e-01   1.4595004e-01   3.5175222e-13   2.4597686e-01   1.0000000e+00   6.7756051e-03
   6.0835263e+06   2.0029459e+06   1.0000030e-01   1.2463280e-01   3.7297927e-13   2.2463311e-01   1.0000000e+00   6.7709158e-03
   1.6279838e+07   1.1378800e+05   1.0873756e-01   4.6449655e+02   3.0833199e-14   4.6460529e+02   1.0000000e+00   6.7583813e-03
   1.7495225e+07   4.4085294e+05   1.4079319e-01   3.6524058e+01   5.8834181e-14   3.6664851e+01   1.0000000e+00   6.7579075e-03
   4.9260796e+06   1.5723023e+06   1.0000000e-01   2.6472825e-01   2.8283152e-13   3.6472825e-01   1.0000000e+00   6.7558254e-03
   1.8339802e+07   8.9698177e+04   1.0288432e-01   7.7991025e+02   2.7108096e-14   7.8001314e+02   1.0000000e+00   6.7548417e-03
   1.7580946e+07   1.5662849e+05   1.0000000e-01   2.8412782e+02   3.4845710e-14   2.8422782e+02   1.0000000e+00   6.7332010e-03
   1.9999314e+07   9.5840049e+04   4.7849077e-01   7.0432780e+02   2.7798900e-14   7.0480629e+02   1.0000000e+00   6.7284255e-03
   1.7208939e+07   1.1178655e+05   1.0571131e-01   5.2213027e+02   2.9941002e-14   5.2223598e+02   1.0000000e+00   6.7211455e-03
   1.9471959e+07   1.0258208e+05   1.0000000e-01   6.1661917e+02   2.8730479e-14   6.1671917e+02   1.0000000e+00   6.7132031e-03
   1.8942141e+07   8.9769799e+04   1.0020408e-01   8.7240178e+02   2.6375763e-14   8.7250198e+02   1.0000000e+00   6.7056447e-03
   1.9218313e+07   9.6402598e+04   1.3423854e-01   6.8288803e+02   2.8013512e-14   6.8302227e+02   1.0000000e+00   6.7039627e-03
   1.6939513e+07   7.9940073e+05   1.0000000e-01   3.5742117e+00   1.1459573e-13   3.6742117e+00   1.0000000e+00   6.7037177e-03
   1.8781417e+07   9.3215880e+04   1.0000000e-01   8.0151799e+02   2.6932307e-14   8.0161799e+02   1.0000000e+00   6.6963754e-03
   1.9460547e+07   1.0947217e+05   1.0000000e-01   5.9399702e+02   2.9014194e-14   5.9409702e+02   1.0000000e+00   6.6806991e-03
   1.8468293e+07   8.9895075e+04   1.0000000e-01   7.8338777e+02   2.7077435e-14   7.8348777e+02   1.0000000e+00   6.6802669e-03
   5.7831458e+06   1.2821113e+06   1.0000060e-01   8.0532197e-01   1.8906139e-13   9.0532257e-01   1.0000000e+00   6.6592377e-03
   1.8323647e+07   8.1326493e+05   1.0000015e-01   3.1482526e+00   1.1954161e-13   3.2482528e+00   1.0000000e+00   6.6354542e-03
   8.4054453e+06   1.7180958e+06   1.0000160e-01   1.7058029e-01   3.3270172e-13   2.7058190e-01   1.0000000e+00   6.6278577e-03
   5.0738414e+06   1.5859858e+06   1.0000000e-01   2.9293557e-01   2.7201736e-13   3.9293557e-01   1.0000000e+00   6.6242216e-03
   1.5952326e+07   2.5349791e+05   1.0001137e-01   1.0561767e+02   4.4654954e-14   1.0571768e+02   1.0000000e+00   6.6132956e-03
   5.8512677e+06   1.0447526e+06   1.0000000e-01   1.8760289e+00   1.4150862e-13   1.9760289e+00   1.0000000e+00   6.6116434e-03
   4.0913869e+06   1.1475188e+06   1.0035132e-01   1.1558322e+00   1.6706705e-13   1.2561835e+00   1.0000000e+00   6.6084921e-03
   1.9515078e+07   9.1118759e+04   2.0752555e-01   7.4967465e+02   2.7375508e-14   7.4988217e+02   1.0000000e+00   6.6036069e-03
   1.9368647e+07   1.0125310e+05   1.0000000e-01   6.2643108e+02   2.8618398e-14   6.2653108e+02   1.0000000e+00   6.5976639e-03
   5.4547621e+06   1.1561369e+06   1.0000000e-01   1.2671699e+00   1.6164033e-13   1.3671699e+00   1.0000000e+00   6.5830447e-03
   1.8155338e+07   1.0375565e+06   1.0005522e-01   2.3132782e+00   1.3161952e-13   2.4133334e+00   1.0000000e+00   6.5760844e-03
   1.9196298e+07   4.5166069e+05   1.4121056e-01   2.6097545e+01   6.4027164e-14   2.6238756e+01   1.0000000e+00   6.5752239e-03
   1.7273338e+07   1.0908927e+05   1.0067122e-01   5.8213528e+02   2.9152079e-14   5.8223595e+02   1.0000000e+00   6.5710531e-03
   1.6469887e+07   1.1377372e+05   1.0894413e-01   4.7105730e+02   3.0722515e-14   4.7116624e+02   1.0000000e+00   6.5473636e-03
   1.9185250e+07   8.1828448e+04   1.0096761e-01   9.0778560e+02   2.6113504e-14   9.0788657e+02   1.0000000e+00   6.5424748e-03
   5.1035214e+06   1.3516431e+06   1.0000000e-01   5.5833519e-01   2.1547573e-13   6.5833519e-01   1.0000000e+00   6.5418382e-03
   5.8150493e+06   1.5187111e+06   1.0000000e-01   4.2653542e-01   2.3720859e-13   5.2653542e-01   1.0000000e+00   6.5078009e-03
   4.5132821e+06   1.9066207e+06   1.0000085e-01   1.3928969e-01   3.5798035e-13   2.3929055e-01   1.0000000e+00   6.5017473e-03
   1.9965042e+07   8.5518055e+04   1.0000000e-01   8.9126285e+02   2.6225760e-14   8.9136285e+02   1.0000000e+00   6.4664646e-03
   6.2461266e+06   1.9463025e+06   1.0002680e-01   1.4766334e-01   3.5020349e-13   2.4769014e-01   1.0000000e+00   6.4524797e-03
   5.4960232e+06   1.5655955e+06   1.0000027e-01   3.2129352e-01   2.6286754e-13   4.2129379e-01   1.0000000e+00   6.4455055e-03
   1.5275170e+07   2.1261455e+05   1.8012733e-01   1.3954750e+02   4.1611150e-14   1.3972763e+02   1.0000000e+00   6.4181072e-03
   1.7119118e+07   1.2245387e+05   1.0398860e-01   4.3383407e+02   3.1350364e-14   4.3393806e+02   1.0000000e+00   6.3910837e-03
   6.0613147e+06   2.0379865e+06   1.0000000e-01   1.1564279e-01   3.8357490e-13   2.1564279e-01   1.0000000e+00   6.3838349e-03
   1.6716958e+07   2.7599476e+05   1.0332911e-01   5.7665401e+01   5.2404935e-14   5.7768730e+01   1.0000000e+00   6.3547911e-03
   1.9948504e+07   9.6965734e+04   1.0007263e-01   7.2133553e+02   2.7638899e-14   7.2143561e+02   1.0000000e+00   6.3544145e-03
   6.0328557e+06   1.0404497e+06   1.1683673e-01   2.1517227e+00   1.3530780e-13   2.2685594e+00   1.0000000e+00   6.3500216e-03
   1.8972052e+07   1.2739829e+05   2.3708256e-01   3.9430384e+02   3.2102931e-14   3.9454092e+02   1.0000000e+00   6.3451963e-03
   1.9863784e+07   8.1708001e+04   2.2979099e-01   9.2222241e+02   2.6009296e-14   9.2245220e+02   1.0000000e+00   6.3451038e-03
   1.5606414e+07   1.9337289e+05   1.5495637e-01   1.3741398e+02   4.1889128e-14   1.3756894e+02   1.0000000e+00   6.3347353e-03
   1.8763341e+07   1.4180132e+05   1.0000000e-01   3.1874830e+02   3.3847814e-14   3.1884830e+02   1.0000000e+00   6.3320729e-03
   1.9509519e+07   9.0731523e+04   1.0000000e-01   8.2225934e+02   2.6756997e-14   8.2235934e+02   1.0000000e+00   6.3185936e-03
   1.6585855e+07   1.7049912e+05   2.0925044e-01   2.4685899e+02   3.6102742e-14   2.4706824e+02   1.0000000e+00   6.3067779e-03
   2.9628098e+06   1.7923455e+06   1.0002511e-01   1.5732609e-01   3.4286097e-13   2.5735120e-01   1.0000000e+00   6.2980002e-03
   6.1349628e+06   2.0006131e+06   1.0000000e-01   1.4537347e-01   3.5277238e-13   2.4537347e-01   1.0000000e+00   6.2973022e-03
   1.8215797e+07   8.9574251e+05   1.0077806e-01   2.4832260e+00   1.2871377e-13   2.5840040e+00   1.0000000e+00   6.2897730e-03
   6.0457359e+06   2.0179864e+06   1.0000000e-01   1.0723276e-01   3.9458491e-13   2.0723276e-01   1.0000000e+00   6.2754423e-03
   6.4171719e+06   1.9248747e+06   1.0000000e-01   1.5876393e-01   3.4094702e-13   2.5876393e-01   1.0000000e+00   6.2696133e-03
   1.6229996e+07   3.1966040e+05   2.1277417e-01   5.4180977e+01   5.2915482e-14   5.4393751e+01   1.0000000e+00   6.2590928e-03
   1.8937677e+07   1.2566208e+05   2.0084480e-01   3.8143424e+02   3.2378544e-14   3.8163509e+02   1.0000000e+00   6.2463530e-03
   1.9437985e+07   9.1876947e+04   1.0000000e-01   8.2977915e+02   2.6703666e-14   8.2987915e+02   1.0000000e+00   6.2445706e-03
   4.5951720e+06   1.9056594e+06   1.0000240e-01   1.5363658e-01   3.4515187e-13   2.5363898e-01   1.0000000e+00   6.2326286e-03
   1.9454978e+07   9.1630985e+04   2.4067020e-01   7.6639520e+02   2.7223771e-14   7.6663587e+02   1.0000000e+00   6.2307074e-03
   1.8591478e+07   9.1309479e+04   1.0000046e-01   7.5830825e+02   2.7296511e-14   7.5840825e+02   1.0000000e+00   6.2165873e-03
   1.9042543e+07   4.8442086e+05   1.3858355e-01   2.1095386e+01   6.7804646e-14   2.1233970e+01   1.0000000e+00   6.2096273e-03
   1.7519314e+07   4.1910508e+05   1.3715165e-01   3.4551423e+01   5.9479987e-14   3.4688575e+01   1.0000000e+00   6.1958937e-03
   8.4358269e+06   2.0399898e+06   1.0000774e-01   1.0137397e-01   4.0280965e-13   2.0138170e-01   1.0000000e+00   6.1766486e-03
   1.5542678e+07   2.3522421e+05   1.9463011e-01   1.2046494e+02   4.3187557e-14   1.2065957e+02   1.0000000e+00   6.1681996e-03
   1.6052493e+07   6.2898778e+05   1.0017954e-01   1.3024997e+01   7.7675496e-14   1.3125177e+01   1.0000000e+00   6.1667692e-03
   1.8917090e+07   9.6730004e+04   1.0000000e-01   7.4150607e+02   2.7455322e-14   7.4160607e+02   1.0000000e+00   6.1486808e-03
   1.6815596e+07   1.7734271e+05   2.4982703e-01   2.2147893e+02   3.7080833e-14   2.2172875e+02   1.0000000e+00   6.1445699e-03
   5.6146057e+06   1.1816992e+06   1.0027556e-01   9.9548146e-01   1.7564651e-13   1.0957570e+00   1.0000000e+00   6.1422042e-03
   1.5458386e+07   2.3403120e+05   1.9529136e-01   1.4275373e+02   4.1494397e-14   1.4294902e+02   1.0000000e+00   6.1328875e-03
   1.7488303e+07   1.4721046e+05   1.0175733e-01   3.0724740e+02   3.4161739e-14   3.0734915e+02   1.0000000e+00   6.1210796e-03
   6.0461747e+06   1.6655297e+06   1.0000026e-01   2.7949713e-01   2.7655886e-13   3.7949738e-01   1.0000000e+00   6.1028734e-03
   5.2913005e+06   1.3675166e+06   1.0000000e-01   6.7759253e-01   2.0114391e-13   7.7759253e-01   1.0000000e+00   6.0984312e-03
   6.3277574e+06   1.9559216e+06   1.0002838e-01   1.6542341e-01   3.3640309e-13   2.6545180e-01   1.0000000e+00   6.0923564e-03
   1.8470443e+07   8.8526315e+04   1.0000000e-01   8.2019571e+02   2.6770687e-14   8.2029571e+02   1.0000000e+00   6.0578580e-03
   2.0000000e+07   8.0484246e+04   2.3230207e-01   9.2634808e+02   2.5985886e-14   9.2658038e+02   1.0000000e+00   6.0495894e-03
   6.4824027e+06   1.2639053e+06   1.0000000e-01   7.6936627e-01   1.9205710e-13   8.6936627e-01   1.0000000e+00   6.0463638e-03
   1.5712831e+07   1.9985597e+05   1.9265801e-01   1.4472850e+02   4.1253877e-14   1.4492116e+02   1.0000000e+00   6.0428572e-03
   8.4519032e+06   1.7020599e+06   1.0000158e-01   2.1088274e-01   3.0663737e-13   3.1088432e-01   1.0000000e+00   6.0332500e-03
   6.4695398e+06   1.2809522e+06   1.0000013e-01   7.5122865e-01   1.9364986e-13   8.5122878e-01   1.0000000e+00   6.0133828e-03
   1.4838886e+07   5.3332116e+05   1.4525665e-01   1.5904653e+01   7.3302572e-14   1.6049910e+01   1.0000000e+00   6.0098227e-03
   3.2449953e+06   1.9628730e+06   1.0000000e-01   1.3034871e-01   3.6709568e-13   2.3034871e-01   1.0000000e+00   6.0061043e-03
   1.5532047e+07   2.6393656e+05   1.0000000e-01   1.0260432e+02   4.5018512e-14   1.0270432e+02   1.0000000e+00   6.0024966e-03
   1.9734174e+07   8.2665306e+04   1.0072750e-01   8.5592038e+02   2.6506737e-14   8.5602110e+02   1.0000000e+00   5.9902129e-03
   1.8508089e+07   4.1257714e+05   2.1385674e-01   2.7308812e+01   6.3365178e-14   2.7522669e+01   1.0000000e+00   5.9878145e-03
   6.2785188e+06   1.9366716e+06   1.0002589e-01   1.3727143e-01   3.5969265e-13   2.3729732e-01   1.0000000e+00   5.8805563e-03
   1.8177666e+07   9.9966299e+04   1.8469284e-01   6.9992472e+02   2.7852585e-14   7.0010942e+02   1.0000000e+00   5.8775502e-03
   1.9997300e+07   8.0840817e+04   7.3635730e-01   9.8746495e+02   2.5569264e-14   9.8820131e+02   1.0000000e+00   5.8679840e-03
   8.8587496e+06   2.0709648e+06   1.0000000e-01   1.0785393e-01   3.9349419e-13   2.0785393e-01   1.0000000e+00   5.8369801e-03
   5.7630481e+06   1.2576320e+06   1.0000000e-01   8.8904204e-01   1.8264253e-13   9.8904204e-01   1.0000000e+00   5.8366949e-03
   5.4724896e+06   1.4602248e+06   1.0034283e-01   5.2548990e-01   2.2021535e-13   6.2583274e-01   1.0000000e+00   5.8359355e-03
   1.9549857e+07   8.5684152e+04   3.1970708e-01   8.6817266e+02   2.6396897e-14   8.6849237e+02   1.0000000e+00   5.8111687e-03
   1.6752136e+07   1.7332204e+05   2.0908911e-01   2.4272171e+02   3.6264162e-14   2.4293080e+02   1.0000000e+00   5.8070468e-03
   6.0748744e+06   1.8581251e+06   1.0005764e-01   1.7747794e-01   3.2702870e-13   2.7753558e-01   1.0000000e+00   5.8065601e-03
   5.6626072e+06   1.5810931e+06   1.0000060e-01   3.4130130e-01   2.5711653e-13   4.4130191e-01   1.0000000e+00   5.7844108e-03
   1.6653660e+07   1.1725813e+05   1.6254069e-01   5.0944448e+02   3.0136078e-14   5.0960702e+02   1.0000000e+00   5.7814767e-03
   6.0516739e+06   1.9506685e+06   1.0000033e-01   1.3477117e-01   3.6219910e-13   2.3477150e-01   1.0000000e+00   5.7753898e-03
   1.7007996e+07   8.1485455e+05   1.0000000e-01   3.8846724e+00   1.1128339e-13   3.9846724e+00   1.0000000e+00   5.7657958e-03
   1.8928169e+07   8.0779249e+05   1.0004468e-01   5.6420065e+00   9.9156509e-14   5.7420511e+00   1.0000000e+00   5.7426196e-03
   1.6750770e+07   1.7242440e+05   2.0904656e-01   2.3241013e+02   3.6634287e-14   2.3261918e+02   1.0000000e+00   5.7305232e-03
   5.4520131e+06   1.5869700e+06   1.0000000e-01   3.0863988e-01   2.6674012e-13   4.0863988e-01   1.0000000e+00   5.7251876e-03
   6.0507420e+06   1.8641982e+06   1.0005988e-01   1.7983190e-01   3.2551614e-13   2.7989178e-01   1.0000000e+00   5.7087109e-03
   1.9822884e+07   9.9968115e+04   1.0108535e-01   6.0232821e+02   2.8907466e-14   6.0242930e+02   1.0000000e+00   5.7070993e-03
   1.9394378e+07   8.6858591e+04   1.0022111e-01   8.4743975e+02   2.6555203e-14   8.4753997e+02   1.0000000e+00   5.7053331e-03
   5.4962482e+06   1.4242382e+06   1.0000000e-01   5.8055037e-01   2.1249810e-13   6.8055037e-01   1.0000000e+00   5.6995540e-03
   1.8270266e+07   9.2823431e+04   1.0012342e-01   7.7176030e+02   2.7178120e-14   7.7186043e+02   1.0000000e+00   5.6974000e-03
   1.8093862e+07   1.6727719e+05   2.4138426e-01   2.3708931e+02   3.6441433e-14   2.3733069e+02   1.0000000e+00   5.6963052e-03
   5.7521103e+06   1.0112965e+06   1.0472638e-01   1.3938311e+00   1.5721639e-13   1.4985575e+00   1.0000000e+00   5.6947777e-03
   7.2381829e+06   1.5933520e+06   1.0000029e-01   2.4227084e-01   2.9209500e-13   3.4227113e-01   1.0000000e+00   5.6863431e-03
   1.4083669e+07   1.9044124e+05   1.1072126e-01   1.7133436e+02   3.9527191e-14   1.7144508e+02   1.0000000e+00   5.6507362e-03
   8.5111581e+06   1.7307058e+06   1.0000000e-01   2.0425435e-01   3.1017390e-13   3.0425435e-01   1.0000000e+00   5.6485206e-03
   2.0000000e+07   9.6819478e+04   1.0029550e-01   7.2599368e+02   2.7595423e-14   7.2609398e+02   1.0000000e+00   5.6481084e-03
   5.4988993e+06   1.5064413e+06   1.0033234e-01   5.1567269e-01   2.2215727e-13   6.1600503e-01   1.0000000e+00   5.6426544e-03
   5.4329887e+06   1.3462074e+06   1.0000008e-01   6.1091821e-01   2.0851869e-13   7.1091829e-01   1.0000000e+00   5.6393803e-03
   1.6708769e+07   2.7743601e+05   1.0092364e-01   7.3945175e+01   4.8870610e-14   7.4046099e+01   1.0000000e+00   5.6322102e-03
   1.3930107e+07   1.8539195e+05   1.0788593e-01   1.9050024e+02   3.8492062e-14   1.9060813e+02   1.0000000e+00   5.6320981e-03
   6.1645443e+06   1.9532501e+06   1.0002991e-01   1.0637314e-01   3.9643681e-13   2.0640306e-01   1.0000000e+00   5.6306053e-03
   6.1332044e+06   1.0760239e+06   1.0358427e-01   1.6351633e+00   1.4810568e-13   1.7387476e+00   1.0000000e+00   5.6273835e-03
   1.6588021e+07   7.2744227e+05   1.0270714e-01   6.8464425e+00   9.3413823e-14   6.9491497e+00   1.0000000e+00   5.6204097e-03
   1.9567216e+07   8.6617215e+04   2.2800730e-01   8.5740361e+02   2.6478193e-14   8.5763161e+02   1.0000000e+00   5.6133450e-03
   1.5619772e+07   2.0323402e+05   2.2130493e-01   1.6393266e+02   3.9972787e-14   1.6415397e+02   1.0000000e+00   5.6114510e-03
   1.6363895e+07   1.2418189e+05   1.3403826e-01   4.8430468e+02   3.0544695e-14   4.8443872e+02   1.0000000e+00   5.6034451e-03
   1.5454651e+07   2.1306008e+05   1.8272826e-01   1.5937977e+02   4.0290115e-14   1.5956249e+02   1.0000000e+00   5.5477962e-03
   1.9378866e+07   8.6669643e+04   2.9879062e-01   8.1472948e+02   2.6820114e-14   8.1502827e+02   1.0000000e+00   5.5312272e-03
   1.8489949e+07   9.0008825e+04   1.0000000e-01   7.8644593e+02   2.7050903e-14   7.8654593e+02   1.0000000e+00   5.5305112e-03
   1.7146472e+07   1.2248004e+05   1.0438445e-01   4.3731095e+02   3.1288602e-14   4.3741533e+02   1.0000000e+00   5.5189528e-03
   1.9646819e+07   9.4153751e+04   1.0000000e-01   7.1346352e+02   2.7711510e-14   7.1356352e+02   1.0000000e+00   5.5162820e-03
   9.0050616e+06   2.0830839e+06   1.0000000e-01   1.2907837e-01   3.6897530e-13   2.2907837e-01   1.0000000e+00   5.4678562e-03
   7.2739743e+06   1.6757733e+06   1.0000000e-01   2.4229691e-01   2.9127488e-13   3.4229691e-01   1.0000000e+00   5.4555362e-03
   6.0916088e+06   1.9394945e+06   1.0000034e-01   1.3676529e-01   3.6020970e-13   2.3676563e-01   1.0000000e+00   5.4404822e-03
   1.9522933e+07   8.9901665e+04   1.0235962e-01   8.1069019e+02   2.6848015e-14   8.1079255e+02   1.0000000e+00   5.4391262e-03
   5.4547621e+06   1.1561369e+06   1.0000000e-01   1.2940071e+00   1.6050998e-13   1.3940071e+00   1.0000000e+00   5.4293229e-03
   1.8641965e+07   1.0028585e+06   1.0000000e-01   2.2487867e+00   1.3258560e-13   2.3487867e+00   1.0000000e+00   5.4154881e-03
   5.0732000e+06   1.5691037e+06   1.0000000e-01   2.9904670e-01   2.7002947e-13   3.9904670e-01   1.0000000e+00   5.3871622e-03
   1.8106862e+07   6.6919242e+05   1.0007481e-01   1.4575649e+01   7.6050223e-14   1.4675724e+01   1.0000000e+00   5.3767573e-03
   1.8060492e+07   9.1727284e+04   1.8371765e-01   6.7368853e+02   2.8138172e-14   6.7387225e+02   1.0000000e+00   5.3649686e-03
   1.6823730e+07   1.1409264e+05   1.0004255e-01   4.8577363e+02   3.0483131e-14   4.8587367e+02   1.0000000e+00   5.3455324e-03
   1.9454978e+07   9.1631027e+04   2.4401015e-01   7.6655482e+02   2.7222362e-14   7.6679883e+02   1.0000000e+00   5.3422601e-03
   1.7560462e+07   1.5504039e+05   1.0110180e-01   2.8573051e+02   3.4792154e-14   2.8583162e+02   1.0000000e+00   5.3379729e-03
   1.7898803e+07   8.7392714e+05   1.0013670e-01   5.5476104e+00   1.0044549e-13   5.6477471e+00   1.0000000e+00   5.3336383e-03
   6.5891307e+06   1.9196780e+06   1.0000000e-01   1.5940656e-01   3.4038757e-13   2.5940656e-01   1.0000000e+00   5.3022067e-03
   1.9164582e+07   1.0223982e+05   1.3895405e-01   6.1276554e+02   2.8775325e-14   6.1290449e+02   1.0000000e+00   5.2884094e-03
   1.8353841e+07   1.8598247e+05   2.0770449e-01   1.9254153e+02   3.8387712e-14   1.9274923e+02   1.0000000e+00   5.2792301e-03
   4.0925574e+06   1.4733242e+06   1.0000278e-01   4.7196972e-01   2.2897392e-13   5.7197250e-01   1.0000000e+00   5.2709894e-03
   1.9069897e+07   1.2475410e+05   2.7504767e-01   3.7828927e+02   3.2452644e-14   3.7856432e+02   1.0000000e+00   5.2682604e-03
   6.0520027e+06   1.8613296e+06   1.0005849e-01   1.8282761e-01   3.2356167e-13   2.8288611e-01   1.0000000e+00   5.2625491e-03
   1.6604682e+07   6.9887305e+05   1.0472738e-01   1.2899954e+01   7.8771032e-14   1.3004682e+01   1.0000000e+00   5.2607620e-03
   6.0607410e+06   1.8884259e+06   1.0006069e-01   1.7337251e-01   3.3003368e-13   2.7343320e-01   1.0000000e+00   5.2499735e-03
   5.5265074e+06   1.5611513e+06   1.0000000e-01   3.7901217e-01   2.4761243e-13   4.7901217e-01   1.0000000e+00   5.2477030e-03
   5.0721341e+06   1.5761810e+06   1.0000000e-01   2.9391049e-01   2.7174069e-13   3.9391049e-01   1.0000000e+00   5.2475058e-03
   6.0923417e+06   1.9409008e+06   1.0000033e-01   1.3520328e-01   3.6175526e-13   2.3520362e-01   1.0000000e+00   5.2473788e-03
   1.8702143e+07   3.4836001e+05   1.3554473e-01   3.2285887e+01   6.1070436e-14   3.2421432e+01   1.0000000e+00   5.2326467e-03
   1.9225287e+07   9.6003024e+04   1.3501850e-01   6.8114529e+02   2.8032225e-14   6.8128031e+02   1.0000000e+00   5.2304229e-03
   2.0000000e+07   8.4783654e+04   2.3232237e-01   9.1658020e+02   2.6044999e-14   9.1681252e+02   1.0000000e+00   5.1900284e-03
   1.6660523e+07   1.1513678e+05   1.5810720e-01   4.9459963e+02   3.0346442e-14   4.9475774e+02   1.0000000e+00   5.1834629e-03
   8.5870972e+06   1.7326892e+06   1.0000000e-01   2.0280144e-01   3.1099326e-13   3.0280144e-01   1.0000000e+00   5.1736844e-03
   4.0085402e+06   1.4886242e+06   1.0000000e-01   5.0741775e-01   2.2343770e-13   6.0741775e-01   1.0000000e+00   5.1579308e-03
   1.5396465e+07   2.3464346e+05   1.5584822e-01   1.2284725e+02   4.2980926e-14   1.2300310e+02   1.0000000e+00   5.1419461e-03
   1.9456440e+07   9.1304891e+04   2.3431352e-01   7.7213598e+02   2.7173519e-14   7.7237029e+02   1.0000000e+00   5.1320393e-03
   1.8143509e+07   6.9524699e+05   1.0000000e-01   9.8793761e+00   8.4086281e-14   9.9793761e+00   1.0000000e+00   5.1300089e-03
   1.3944612e+07   1.9267678e+05   1.0765819e-01   1.6418503e+02   3.9954967e-14   1.6429269e+02   1.0000000e+00   5.1195095e-03
   5.2300610e+06   1.3181789e+06   1.0000010e-01   5.5297009e-01   2.1654806e-13   6.5297019e-01   1.0000000e+00   5.1029514e-03
   1.7089991e+07   1.2304890e+05   1.0388066e-01   4.3120536e+02   3.1397871e-14   4.3130924e+02   1.0000000e+00   5.0771982e-03
   1.7132556e+07   6.9359967e+05   1.0001855e-01   8.6194179e+00   8.7293651e-14   8.7194365e+00   1.0000000e+00   5.0745726e-03
   1.8974607e+07   1.2817175e+05   2.3233888e-01   3.8682480e+02   3.2256479e-14   3.8705714e+02   1.0000000e+00   5.0607572e-03
   5.4945014e+06   1.5933792e+06   1.0000000e-01   3.2407764e-01   2.6202166e-13   4.2407764e-01   1.0000000e+00   5.0578204e-03
   2.8569102e+06   1.7963505e+06   1.0002511e-01   1.5740449e-01   3.4276468e-13   2.5742960e-01   1.0000000e+00   5.0478541e-03
   1.6490310e+07   1.1402760e+05   1.0951344e-01   4.8038450e+02   3.0569046e-14   4.8049401e+02   1.0000000e+00   5.0390468e-03
   5.4931488e+06   1.3559528e+06   1.0000009e-01   6.2476928e-01   2.0683849e-13   7.2476937e-01   1.0000000e+00   5.0386671e-03
   2.0000000e+07   1.0502972e+05   1.0346271e-01   5.7416137e+02   2.9243958e-14   5.7426483e+02   1.0000000e+00   5.0381078e-03
   1.6231608e+07   1.1833175e+05   1.0387021e-01   4.4942139e+02   3.1078201e-14   4.4952526e+02   1.0000000e+00   5.0225576e-03
   1.4969197e+07   5.4437215e+05   1.5384515e-01   1.2134829e+01   7.9353635e-14   1.2288674e+01   1.0000000e+00   5.0128768e-03
   1.7028298e+07   7.8765118e+05   1.0947824e-01   4.5221413e+00   1.0606599e-13   4.6316195e+00   1.0000000e+00   5.0094918e-03
   1.3992076e+07   2.0537926e+05   1.0755699e-01   1.7740565e+02   3.9248335e-14   1.7751321e+02   1.0000000e+00   4.9982796e-03
   1.7191238e+07   3.4292834e+05   2.1679356e-01   4.9361272e+01   5.4178884e-14   4.9578065e+01   1.0000000e+00   4.9903207e-03
   1.3891914e+07   1.8471449e+05   1.0000000e-01   1.6850315e+02   3.9717693e-14   1.6860315e+02   1.0000000e+00   4.9682379e-03
   1.9543584e+07   8.5917612e+04   3.9066503e-01   8.8613750e+02   2.6263187e-14   8.8652817e+02   1.0000000e+00   4.9641025e-03
   8.4437297e+06   1.7009157e+06   1.0000000e-01   2.1415416e-01   3.0486068e-13   3.1415416e-01   1.0000000e+00   4.9634294e-03
   1.6783897e+07   1.1119416e+05   1.5837804e-01   4.5898213e+02   3.0947191e-14   4.5914051e+02   1.0000000e+00   4.9617576e-03
   1.9544629e+07   8.5036604e+04   1.0432263e-01   9.1501441e+02   2.6056396e-14   9.1511874e+02   1.0000000e+00   4.9573808e-03
   6.0271242e+06   2.0153242e+06   1.0000000e-01   1.2980617e-01   3.6756093e-13   2.2980617e-01   1.0000000e+00   4.9571976e-03
   1.4237390e+07   2.0108589e+05   1.1850490e-01   1.9541515e+02   3.8356961e-14   1.9553366e+02   1.0000000e+00   4.9476747e-03
   1.4414902e+07   1.3232339e+05   1.0661663e-01   3.5334874e+02   3.2995872e-14   3.5345536e+02   1.0000000e+00   4.9376970e-03
   1.8507641e+07   9.8092472e+05   1.0013490e-01   2.3790084e+00   1.3014092e-13   2.4791433e+00   1.0000000e+00   4.9139399e-03
   5.7007260e+06   1.4634259e+06   1.0045245e-01   5.4086585e-01   2.1803824e-13   6.4131830e-01   1.0000000e+00   4.9022890e-03
   2.0000000e+07   9.5966965e+04   1.0000000e-01   7.1156637e+02   2.7728997e-14   7.1166637e+02   1.0000000e+00   4.8977287e-03
   6.2012629e+06   1.9549678e+06   1.0003003e-01   1.0673940e-01   3.9587385e-13   2.0676943e-01   1.0000000e+00   4.8836578e-03
   1.6475793e+07   1.1364175e+05   1.0896043e-01   4.6915470e+02   3.0754907e-14   4.6926366e+02   1.0000000e+00   4.8821949e-03
   1.5952675e+07   2.5573645e+05   1.3990330e-01   8.6800185e+01   4.6927756e-14   8.6940089e+01   1.0000000e+00   4.8790088e-03
   1.8769797e+07   9.3255187e+04   1.0003862e-01   7.9321583e+02   2.6999648e-14   7.9331587e+02   1.0000000e+00   4.8636472e-03
   5.0721479e+06   1.5808669e+06   1.0000000e-01   3.5278343e-01   2.5418053e-13   4.5278343e-01   1.0000000e+00   4.8575485e-03
   1.8214514e+07   1.0031526e+05   3.2268916e-01   7.0193582e+02   2.7835496e-14   7.0225851e+02   1.0000000e+00   4.8360274e-03
   5.6174386e+06   1.3407760e+06   1.0000036e-01   5.0142351e-01   2.2433266e-13   6.0142388e-01   1.0000000e+00   4.8203772e-03
   1.6606265e+07   8.0529251e+05   1.0000000e-01   6.0095479e+00   9.7408693e-14   6.1095479e+00   1.0000000e+00   4.8120208e-03
   1.6790665e+07   1.8046249e+05   2.4646110e-01   2.2949382e+02   3.6791794e-14   2.2974028e+02   1.0000000e+00   4.7893412e-03
   1.9722012e+07   9.1947502e+04   1.0000000e-01   7.2352432e+02   2.7620227e-14   7.2362432e+02   1.0000000e+00   4.7706273e-03
   6.2904238e+06   1.9272784e+06   1.0002558e-01   1.3982300e-01   3.5722772e-13   2.3984858e-01   1.0000000e+00   4.7686129e-03
   6.0783828e+06   1.8589819e+06   1.0005666e-01   1.8479757e-01   3.2229472e-13   2.8485423e-01   1.0000000e+00   4.7503449e-03
   1.4561402e+07   1.3134933e+05   1.0647694e-01   3.6392053e+02   3.2752655e-14   3.6402701e+02   1.0000000e+00   4.7443153e-03
   1.9448990e+07   8.5581274e+04   2.7873004e-01   8.5120527e+02   2.6528125e-14   8.5148400e+02   1.0000000e+00   4.7439192e-03
   1.6239011e+07   3.3347771e+05   2.1215428e-01   5.4744841e+01   5.2757361e-14   5.4956996e+01   1.0000000e+00   4.7193993e-03
   1.7600401e+07   1.5810982e+05   1.0000000e-01   3.0062457e+02   3.4397097e-14   3.0072457e+02   1.0000000e+00   4.7010089e-03
   1.7715507e+07   4.1407438e+05   2.1095760e-01   2.8406011e+01   6.2657699e-14   2.8616968e+01   1.0000000e+00   4.6919877e-03
   5.8900299e+06   1.2238037e+06   1.0000000e-01   8.3631451e-01   1.8666278e-13   9.3631451e-01   1.0000000e+00   4.6910770e-03
   1.6380156e+07   1.2256233e+05   1.3231606e-01   4.8942302e+02   3.0456883e-14   4.8955533e+02   1.0000000e+00   4.6895961e-03
   2.8741101e+06   1.7800337e+06   1.0051538e-01   2.1225951e-01   3.0656653e-13   3.1277490e-01   1.0000000e+00   4.6877986e-03
   1.9101879e+07   1.2673677e+05   2.7904581e-01   4.0755579e+02   3.1840371e-14   4.0783484e+02   1.0000000e+00   4.6854464e-03
   1.7501427e+07   1.4541139e+05   1.0162296e-01   3.0325620e+02   3.4270812e-14   3.0335782e+02   1.0000000e+00   4.6784655e-03
   1.6934391e+07   8.1922212e+05   1.0000000e-01   3.2705054e+00   1.1789317e-13   3.3705054e+00   1.0000000e+00   4.6776791e-03
   1.5975955e+07   2.5197553e+05   1.0000237e-01   8.9518526e+01   4.6563929e-14   8.9618529e+01   1.0000000e+00   4.6629675e-03
   6.2755311e+06   1.0622810e+06   1.0355823e-01   1.6557168e+00   1.4745635e-13   1.7592750e+00   1.0000000e+00   4.6597832e-03
   1.9907446e+07   1.2255279e+05   2.0288155e-01   4.6258590e+02   3.0863683e-14   4.6278879e+02   1.0000000e+00   4.6538960e-03
   1.9195877e+07   8.1357172e+04   1.2035866e-01   9.3992695e+02   2.5885861e-14   9.4004730e+02   1.0000000e+00   4.6453955e-03
   1.3856747e+07   1.8339994e+05   1.0000000e-01   1.8766796e+02   3.8635511e-14   1.8776796e+02   1.0000000e+00   4.6365795e-03
   1.4773108e+07   5.6005208e+05   1.0137031e-01   1.4881120e+01   7.4670545e-14   1.4982491e+01   1.0000000e+00   4.6292065e-03
   5.4965140e+06   1.4209290e+06   1.0000001e-01   6.0034403e-01   2.1004317e-13   7.0034404e-01   1.0000000e+00   4.6197127e-03
   1.8172932e+07   1.0093838e+05   1.9183401e-01   6.9633572e+02   2.7892204e-14   6.9652755e+02   1.0000000e+00   4.5976895e-03
   7.4140669e+06   2.0607655e+06   1.0000000e-01   1.2718997e-01   3.7065287e-13   2.2718997e-01   1.0000000e+00   4.5691691e-03
   1.6828148e+07   7.9185631e+05   1.0086230e-01   5.7871018e+00   9.8358560e-14   5.8879641e+00   1.0000000e+00   4.5666698e-03
   1.9360670e+07   9.1440871e+04   3.0544199e-01   7.4574692e+02   2.7410876e-14   7.4605236e+02   1.0000000e+00   4.5653303e-03
   1.6610250e+07   1.1169604e+05   1.6147716e-01   4.9316386e+02   3.0372709e-14   4.9332534e+02   1.0000000e+00   4.5503407e-03
   5.3677801e+06   1.3402226e+06   1.0000000e-01   5.8452126e-01   2.1191726e-13   6.8452126e-01   1.0000000e+00   4.5292641e-03
   7.4055953e+06   1.7206760e+06   1.0000000e-01   2.2520185e-01   2.9919882e-13   3.2520185e-01   1.0000000e+00   4.5238144e-03
   8.4299996e+06   1.7052942e+06   1.0000000e-01   2.1443000e-01   3.0468469e-13   3.1443000e-01   1.0000000e+00   4.5135046e-03
   1.8725524e+07   1.4023880e+05   1.0000000e-01   3.1567532e+02   3.3932456e-14   3.1577532e+02   1.0000000e+00   4.5106805e-03
   5.7690145e+06   1.2599481e+06   1.0000000e-01   8.4405808e-01   1.8596668e-13   9.4405808e-01   1.0000000e+00   4.5083842e-03
   1.9885027e+07   8.1255789e+04   1.0240563e-01   9.8058771e+02   2.5613582e-14   9.8069012e+02   1.0000000e+00   4.5079433e-03
   1.7772722e+07   1.5105625e+05   1.0327344e-01   2.9277724e+02   3.4575198e-14   2.9288052e+02   1.0000000e+00   4.5033192e-03
   1.7036147e+07   7.8906693e+05   1.0945277e-01   4.1788993e+00   1.0881974e-13   4.2883520e+00   1.0000000e+00   4.4972466e-03
   1.9512665e+07   9.0826269e+04   1.0000019e-01   8.2639673e+02   2.6724895e-14   8.2649673e+02   1.0000000e+00   4.4904486e-03
   1.9965330e+07   9.6650520e+04   1.0026437e-01   7.1731235e+02   2.7675552e-14   7.1741261e+02   1.0000000e+00   4.4855260e-03
   5.9893871e+06   1.5685565e+06   1.0000000e-01   3.1581968e-01   2.6446310e-13   4.1581968e-01   1.0000000e+00   4.4734655e-03
   7.1729655e+06   1.7024856e+06   1.0000055e-01   2.6117103e-01   2.8344490e-13   3.6117158e-01   1.0000000e+00   4.4624057e-03
   5.4340546e+06   1.3391301e+06   1.0000009e-01   6.1605443e-01   2.0791029e-13   7.1605452e-01   1.0000000e+00   4.4439752e-03
   7.1199264e+06   1.7085244e+06   1.0003175e-01   2.5731155e-01   2.8500693e-13   3.5734330e-01   1.0000000e+00   4.4399394e-03
   1.9359348e+07   9.2907791e+04   1.0000534e-01   8.3375392e+02   2.6680297e-14   8.3385392e+02   1.0000000e+00   4.4254565e-03
   3.3293257e+06   1.9842227e+06   1.0000000e-01   1.2797217e-01   3.6963402e-13   2.2797217e-01   1.0000000e+00   4.4250684e-03
   6.5561102e+06   1.9491878e+06   1.0002753e-01   1.6338897e-01   3.3773935e-13   2.6341650e-01   1.0000000e+00   4.4220234e-03
   1.4231611e+07   5.7494730e+05   1.4966064e-01   1.3527618e+01   7.6687141e-14   1.3677278e+01   1.0000000e+00   4.4026506e-03
   6.6293075e+06   1.1339361e+06   1.0000436e-01   1.5458985e+00   1.5110970e-13   1.6459029e+00   1.0000000e+00   4.3976955e-03
   1.9860129e+07   8.1251911e+04   1.0361279e-01   9.8593131e+02   2.5579224e-14   9.8603492e+02   1.0000000e+00   4.3943383e-03
   1.5697230e+07   1.8895488e+05   1.6610618e-01   2.1533222e+02   3.7406818e-14   2.1549833e+02   1.0000000e+00   4.3939359e-03
   1.4764004e+07   5.6401445e+05   1.5288395e-01   1.9134844e+01   6.9936997e-14   1.9287728e+01   1.0000000e+00   4.3910514e-03
   5.4647719e+06   1.4103400e+06   1.0000000e-01   5.9356304e-01   2.1078523e-13   6.9356304e-01   1.0000000e+00   4.3675364e-03
   1.7271489e+07   1.0906652e+05   1.0070104e-01   5.9124590e+02   2.9044142e-14   5.9134660e+02   1.0000000e+00   4.3279553e-03
   1.3854936e+07   1.7822492e+05   1.0698758e-01   1.5607804e+02   4.0619935e-14   1.5618503e+02   1.0000000e+00   4.3030270e-03
   7.4734367e+06   1.7252058e+06   1.0000000e-01   2.2307518e-01   3.0024151e-13   3.2307518e-01   1.0000000e+00   4.2932770e-03
   1.5853146e+07   2.6259469e+05   1.0000000e-01   9.0237052e+01   4.6446945e-14   9.0337052e+01   1.0000000e+00   4.2927677e-03
   5.0660852e+06   1.5775336e+06   1.0000000e-01   3.4702597e-01   2.5566668e-13   4.4702597e-01   1.0000000e+00   4.2854636e-03
   8.0539704e+06   1.7213867e+06   1.0000000e-01   1.6923897e-01   3.3370587e-13   2.6923897e-01   1.0000000e+00   4.2807459e-03
   1.6988477e+07   8.1528788e+05   1.0000000e-01   4.0044431e+00   1.1018211e-13   4.1044431e+00   1.0000000e+00   4.2802659e-03
   5.4820870e+06   1.5597167e+06   1.0000027e-01   3.0450780e-01   2.6820782e-13   4.0450807e-01   1.0000000e+00   4.2706652e-03
   1.9160409e+07   5.0065920e+05   1.3933222e-01   2.3637163e+01   6.5843111e-14   2.3776495e+01   1.0000000e+00   4.2632613e-03
   1.7500763e+07   1.4457547e+05   1.0161006e-01   3.0485303e+02   3.4226217e-14   3.0495464e+02   1.0000000e+00   4.2593222e-03
   3.8682341e+06   1.1524201e+06   1.0031958e-01   1.1908162e+00   1.6540555e-13   1.2911358e+00   1.0000000e+00   4.2570632e-03
   6.0993702e+06   2.0013541e+06   1.0000032e-01   1.2600811e-01   3.7146595e-13   2.2600843e-01   1.0000000e+00   4.2544658e-03
   1.8065627e+07   9.1798906e+04   1.8024366e-01   6.7384329e+02   2.8135746e-14   6.7402353e+02   1.0000000e+00   4.2436114e-03
   1.9365148e+07   8.4591149e+04   1.0000000e-01   8.9538015e+02   2.6196085e-14   8.9548015e+02   1.0000000e+00   4.2229139e-03
   6.5833632e+06   1.2696552e+06   1.0000013e-01   7.6081735e-01   1.9279285e-13   8.6081747e-01   1.0000000e+00   4.2177007e-03
   1.6640336e+07   1.1330569e+05   1.6142590e-01   4.9813885e+02   3.0292661e-14   4.9830028e+02   1.0000000e+00   4.2163153e-03
   5.4843657e+06   1.5530446e+06   1.0000000e-01   3.0022678e-01   2.6969991e-13   4.0022678e-01   1.0000000e+00   4.2015499e-03
   1.6842897e+07   1.1325248e+05   1.1432732e-01   5.0849878e+02   3.0138258e-14   5.0861310e+02   1.0000000e+00   4.1848908e-03
   1.9898886e+07   9.2900405e+04   1.0000000e-01   7.3848329e+02   2.7475440e-14   7.3858329e+02   1.0000000e+00   4.1847864e-03
   1.9950504e+07   1.0564594e+05   1.0513589e-01   5.6135179e+02   2.9409130e-14   5.6145692e+02   1.0000000e+00   4.1669514e-03
   1.9918519e+07   8.2735859e+04   1.0000000e-01   9.1184575e+02   2.6080305e-14   9.1194575e+02   1.0000000e+00   4.1655517e-03
   1.9950032e+07   8.4290144e+04   1.0000004e-01   9.1092533e+02   2.6084550e-14   9.1102533e+02   1.0000000e+00   4.1446381e-03
   3.9539825e+06   1.1342897e+06   1.0033397e-01   1.2101983e+00   1.6448609e-13   1.3105322e+00   1.0000000e+00   4.1428686e-03
   1.3908273e+07   2.0289307e+05   1.0000000e-01   1.5619486e+02   4.0454085e-14   1.5629486e+02   1.0000000e+00   4.1233887e-03
   6.6357504e+06   1.1283143e+06   1.0000778e-01   1.5485905e+00   1.5097695e-13   1.6485982e+00   1.0000000e+00   4.1186042e-03
   5.4163888e+06   1.4580946e+06   1.0000040e-01   5.3211424e-01   2.1926045e-13   6.3211464e-01   1.0000000e+00   4.1183208e-03
   1.9156517e+07   8.3084431e+04   1.0000000e-01   9.5403412e+02   2.5788484e-14   9.5413412e+02   1.0000000e+00   4.1166561e-03
   1.6460086e+07   1.1487231e+05   1.2218145e-01   4.3936885e+02   3.1274786e-14   4.3949103e+02   1.0000000e+00   4.1115054e-03
   1.9999945e+07   1.0503890e+05   1.2916625e-01   5.7424127e+02   2.9242869e-14   5.7437043e+02   1.0000000e+00   4.0902683e-03
   2.0000000e+07   1.0593533e+05   1.0507109e-01   5.6180606e+02   2.9402548e-14   5.6191113e+02   1.0000000e+00   4.0854352e-03
   3.8295007e+06   1.4818557e+06   1.0000270e-01   4.6980015e-01   2.2944695e-13   5.6980285e-01   1.0000000e+00   4.0761856e-03
   1.9131762e+07   5.0091633e+05   1.3942158e-01   2.3442561e+01   6.5982050e-14   2.3581982e+01   1.0000000e+00   4.0742918e-03
   1.8007937e+07   8.6183021e+05   1.3553461e-01   3.2409336e+00   1.1781612e-13   3.3764682e+00   1.0000000e+00   4.0738494e-03
   1.9549857e+07   8.5684333e+04   3.8878068e-01   8.6817263e+02   2.6396887e-14   8.6856141e+02   1.0000000e+00   4.0632945e-03
   1.9225598e+07   8.5957227e+04   1.0123992e-01   9.0450299e+02   2.6131825e-14   9.0460423e+02   1.0000000e+00   4.0544785e-03
   1.4023459e+07   1.9240597e+05   1.0780749e-01   1.7336975e+02   3.9409282e-14   1.7347756e+02   1.0000000e+00   4.0035382e-03
   1.7199887e+07   1.1014689e+05   1.0564303e-01   4.9030694e+02   3.0425100e-14   4.9041258e+02   1.0000000e+00   3.9900211e-03
   1.4722391e+07   5.5813704e+05   1.0137540e-01   1.5541974e+01   7.3780752e-14   1.5643349e+01   1.0000000e+00   3.9889083e-03
   5.4817247e+06   1.5620089e+06   1.0000026e-01   2.8404408e-01   2.7534431e-13   3.8404434e-01   1.0000000e+00   3.9866392e-03
   1.9746306e+07   8.7857578e+04   3.1645458e-01   8.1610795e+02   2.6804766e-14   8.1642441e+02   1.0000000e+00   3.9820933e-03
   1.9493354e+07   9.0488401e+04   1.0005752e-01   8.0958557e+02   2.6857742e-14   8.0968563e+02   1.0000000e+00   3.9791684e-03
   1.6230275e+07   3.1904190e+05   2.1237994e-01   4.8341573e+01   5.4596670e-14   4.8553953e+01   1.0000000e+00   3.9481701e-03
