   2.6248214e+05   1.0000000e-01   1.0000000e-03   1.4244200e-12   1.0100000e-01   1.0000000e+00             Inf
   8.2377625e+04   1.0000000e+03   4.7188124e+01   2.5566319e-14   1.0471881e+03   1.0000000e+00             Inf
   9.5202384e+05   1.0000000e-01   1.2934415e-02   7.5222637e-13   1.1293442e-01   1.0000000e+00   1.6952539e-02
   1.4378446e+05   3.1792579e+02   1.6359058e+01   3.4286032e-14   3.3428485e+02   1.0000000e+00   1.5131089e-02
   9.0142845e+05   1.0000022e-01   1.1759038e-02   7.7012817e-13   1.1175925e-01   1.0000000e+00   1.5034676e-02
   8.0678713e+04   9.9386801e+02   3.3405713e+01   2.5662172e-14   1.0272737e+03   1.0000000e+00   1.4724562e-02
   1.6116636e+06   1.3343167e+00   7.7836113e-01   1.6280049e-13   2.1126778e+00   1.0000000e+00   1.4483399e-02
   3.2535753e+05   1.0000000e-01   1.4988479e-03   1.2870875e-12   1.0149885e-01   1.0000000e+00   1.3962807e-02
   1.5135764e+06   1.5077106e+00   1.2697828e+00   1.4843980e-13   2.7774934e+00   1.0000000e+00   1.3893993e-02
   1.3030523e+05   3.5870530e+02   1.8155518e+01   3.3236681e-14   3.7686082e+02   1.0000000e+00   1.3835828e-02
   9.6510160e+05   2.7484232e+00   7.7057896e-01   1.3616973e-13   3.5190022e+00   1.0000000e+00   1.3698062e-02
   2.8399144e+05   7.6108263e+01   6.6929494e+00   4.9916793e-14   8.2801212e+01   1.0000000e+00   1.3454834e-02
   1.0355182e+05   6.5801012e+02   2.8568253e+01   2.8455963e-14   6.8657837e+02   1.0000000e+00   1.3382186e-02
   7.0268332e+05   1.0000000e-01   7.4640181e-03   8.6209071e-13   1.0746402e-01   1.0000000e+00   1.3135554e-02
   1.1523489e+05   4.9174950e+02   2.2652951e+01   3.0646136e-14   5.1440245e+02   1.0000000e+00   1.2972505e-02
   4.7092828e+05   1.0000001e-01   3.3717475e-03   1.0509420e-12   1.0337175e-01   1.0000000e+00   1.2836027e-02
   9.7892385e+04   6.4915464e+02   2.9061824e+01   2.8549915e-14   6.7821646e+02   1.0000000e+00   1.2451546e-02
   1.1514902e+05   4.8328532e+02   2.4023950e+01   3.0761308e-14   5.0730927e+02   1.0000000e+00   1.2061099e-02
   1.2243265e+05   4.4454981e+02   2.3161986e+01   3.1414763e-14   4.6771180e+02   1.0000000e+00   1.1954980e-02
   4.9932469e+05   1.0000000e-01   3.8558175e-03   1.0164375e-12   1.0385582e-01   1.0000000e+00   1.1930718e-02
   1.2779898e+05   4.3966296e+02   1.8836037e+01   3.1592666e-14   4.5849900e+02   1.0000000e+00   1.1826372e-02
   3.8089220e+05   4.4142544e+01   6.1661890e+00   5.7350486e-14   5.0308733e+01   1.0000000e+00   1.1783832e-02
   3.0161850e+05   6.8350025e+01   7.0215177e+00   5.1194284e-14   7.5371543e+01   1.0000000e+00   1.1662246e-02
   2.3890263e+06   1.3168035e-01   1.1355272e-01   4.1760498e-13   2.4523307e-01   1.0000000e+00   1.1598591e-02
   8.5490801e+04   8.5716360e+02   3.1587973e+01   2.6634004e-14   8.8875157e+02   1.0000000e+00   1.1433573e-02
   6.3327742e+05   1.1613857e+01   2.8650697e+00   8.3077267e-14   1.4478927e+01   1.0000000e+00   1.1287441e-02
   1.2071035e+05   4.9705621e+02   2.3689967e+01   3.0565677e-14   5.2074618e+02   1.0000000e+00   1.1101535e-02
   3.2694759e+05   6.1726400e+01   6.3694922e+00   5.2709045e-14   6.8095892e+01   1.0000000e+00   1.1093480e-02
   1.6505898e+06   4.6715453e-01   3.3249410e-01   2.4463184e-13   7.9964863e-01   1.0000000e+00   1.1059094e-02
   1.5416744e+05   3.0909472e+02   1.6803576e+01   3.4544345e-14   3.2589830e+02   1.0000000e+00   1.1036363e-02
   5.8717994e+05   1.0000000e-01   5.1359083e-03   9.4611362e-13   1.0513591e-01   1.0000000e+00   1.1032006e-02
   9.8444458e+05   2.9889683e+00   8.8454926e-01   1.3074244e-13   3.8735176e+00   1.0000000e+00   1.0988641e-02
   1.3173109e+05   3.4997806e+02   1.8886139e+01   3.3424872e-14   3.6886420e+02   1.0000000e+00   1.0963516e-02
   1.5346020e+06   1.0000001e-01   4.0946947e-02   5.6829315e-13   1.4094696e-01   1.0000000e+00   1.0904256e-02
   8.2801970e+04   9.4206959e+02   3.0431273e+01   2.6022290e-14   9.7250087e+02   1.0000000e+00   1.0826582e-02
   1.6800554e+06   9.9521605e-01   7.3032286e-01   1.7657344e-13   1.7255389e+00   1.0000000e+00   1.0808585e-02
   9.0656768e+04   8.6495495e+02   3.0922969e+01   2.6578710e-14   8.9587792e+02   1.0000000e+00   1.0803481e-02
   8.5799419e+04   9.8980990e+02   4.7199526e+01   2.5640375e-14   1.0370094e+03   1.0000000e+00   1.0768103e-02
   1.8995394e+06   1.0169144e-01   6.9503829e-02   4.9972580e-13   1.7119527e-01   1.0000000e+00   1.0701547e-02
   1.5945756e+05   2.9085953e+02   1.6086876e+01   3.5096815e-14   3.0694641e+02   1.0000000e+00   1.0647564e-02
   1.4697657e+05   2.6800898e+02   1.6208347e+01   3.5805168e-14   2.8421733e+02   1.0000000e+00   1.0557657e-02
   1.0889693e+05   5.5576200e+02   2.1719693e+01   2.9744414e-14   5.7748169e+02   1.0000000e+00   1.0503238e-02
   8.8024308e+05   3.4326656e+00   1.2159531e+00   1.2230733e-13   4.6486186e+00   1.0000000e+00   1.0456911e-02
   1.7896872e+06   1.0000000e-01   4.5128715e-02   5.5467182e-13   1.4512871e-01   1.0000000e+00   1.0447043e-02
   7.1671975e+05   1.0000000e-01   7.7410744e-03   8.5430552e-13   1.0774107e-01   1.0000000e+00   1.0427573e-02
   8.8942816e+04   8.8079249e+02   2.9047798e+01   2.6470135e-14   9.0984029e+02   1.0000000e+00   1.0380364e-02
   3.2453232e+05   1.0000000e-01   1.4251519e-03   1.3037943e-12   1.0142515e-01   1.0000000e+00   1.0323974e-02
   8.7107732e+04   9.0287830e+02   3.1151071e+01   2.6291463e-14   9.3402937e+02   1.0000000e+00   1.0316078e-02
   7.0941410e+05   1.0000000e-01   7.1061859e-03   8.7267939e-13   1.0710619e-01   1.0000000e+00   1.0310728e-02
   1.7797801e+06   1.0000000e-01   4.8230561e-02   5.4574666e-13   1.4823056e-01   1.0000000e+00   1.0308789e-02
   3.3323180e+05   1.0000039e-01   1.5591885e-03   1.2744654e-12   1.0155957e-01   1.0000000e+00   1.0205379e-02
   4.4188988e+05   1.0000000e-01   2.6921662e-03   1.1117939e-12   1.0269217e-01   1.0000000e+00   1.0156954e-02
   2.8327726e+05   1.0000009e-01   1.2302906e-03   1.3525581e-12   1.0123038e-01   1.0000000e+00   1.0071241e-02
   6.4136520e+05   1.0000002e-01   6.5843538e-03   8.8980777e-13   1.0658437e-01   1.0000000e+00   1.0055897e-02
   9.5597336e+04   8.4314768e+02   2.9731026e+01   2.6783515e-14   8.7287870e+02   1.0000000e+00   1.0045789e-02
   1.8342266e+05   1.6845807e+02   1.0135790e+01   4.0524671e-14   1.7859386e+02   1.0000000e+00   1.0001376e-02
   1.3348655e+06   1.0004813e-01   2.0543838e-02   6.7371692e-13   1.2059196e-01   1.0000000e+00   9.9501924e-03
   1.2736214e+05   4.1136959e+02   1.7834609e+01   3.2124921e-14   4.2920420e+02   1.0000000e+00   9.9069574e-03
   1.5929505e+05   2.2941371e+02   1.2543929e+01   3.7362327e-14   2.4195764e+02   1.0000000e+00   9.8641545e-03
   1.6316186e+06   5.8469455e-01   2.9223247e-01   2.3572080e-13   8.7692702e-01   1.0000000e+00   9.8576848e-03
   5.8753186e+05   1.0000000e-01   5.3049148e-03   9.3864856e-13   1.0530492e-01   1.0000000e+00   9.8417440e-03
   9.8025327e+04   6.9467725e+02   2.8705018e+01   2.8069763e-14   7.2338227e+02   1.0000000e+00   9.8056549e-03
   5.8307288e+05   1.0000000e-01   4.8531297e-03   9.5955749e-13   1.0485313e-01   1.0000000e+00   9.7836891e-03
   1.8171905e+05   1.7315992e+02   1.1483407e+01   4.0142090e-14   1.8464332e+02   1.0000000e+00   9.6870152e-03
   1.5052520e+06   1.0000000e-01   3.0997778e-02   6.0736445e-13   1.3099778e-01   1.0000000e+00   9.6342041e-03
   8.4731910e+05   1.0000000e-01   1.0958260e-02   7.8376504e-13   1.1095826e-01   1.0000000e+00   9.6245127e-03
   2.1779425e+06   1.2584345e-01   1.0491401e-01   4.3008371e-13   2.3075746e-01   1.0000000e+00   9.6175452e-03
   6.1222664e+05   1.0000000e-01   4.9760762e-03   9.5408028e-13   1.0497608e-01   1.0000000e+00   9.6109027e-03
   1.6485166e+06   1.0000048e-01   5.4499602e-02   5.3254140e-13   1.5450008e-01   1.0000000e+00   9.6017644e-03
   8.4315481e+04   9.3119267e+02   3.2383391e+01   2.6082876e-14   9.6357606e+02   1.0000000e+00   9.5201569e-03
   1.4952553e+06   1.0000000e-01   3.8124520e-02   5.7798765e-13   1.3812452e-01   1.0000000e+00   9.5116262e-03
   6.4889125e+05   1.0000001e-01   6.8719742e-03   8.8060920e-13   1.0687199e-01   1.0000000e+00   9.5042320e-03
   8.0848111e+05   1.0000000e-01   1.0641181e-02   7.8995322e-13   1.1064118e-01   1.0000000e+00   9.4256292e-03
   1.0251468e+05   6.1287362e+02   2.5176982e+01   2.8989741e-14   6.3805060e+02   1.0000000e+00   9.3541263e-03
   1.8582923e+06   1.0000000e-01   5.6305592e-02   5.2614802e-13   1.5630559e-01   1.0000000e+00   9.3504395e-03
   1.6887606e+06   4.7528664e-01   2.2153377e-01   2.6243980e-13   6.9682041e-01   1.0000000e+00   9.3216505e-03
   1.2925632e+05   3.8398182e+02   1.8566233e+01   3.2661145e-14   4.0254805e+02   1.0000000e+00   9.2929889e-03
   9.5175483e+04   7.0417028e+02   2.8261484e+01   2.7982544e-14   7.3243177e+02   1.0000000e+00   9.2823822e-03
   1.0108751e+05   6.6574768e+02   2.6360802e+01   2.8389207e-14   6.9210848e+02   1.0000000e+00   9.2505357e-03
   8.0478351e+04   9.8924165e+02   3.2393538e+01   2.5698705e-14   1.0216352e+03   1.0000000e+00   9.2185688e-03
   1.3471771e+06   1.0000000e-01   2.2767784e-02   6.5563479e-13   1.2276778e-01   1.0000000e+00   9.1726784e-03
   1.5131697e+05   3.0671229e+02   1.6258103e+01   3.4608773e-14   3.2297039e+02   1.0000000e+00   9.1640654e-03
   8.0594206e+04   9.7920222e+02   3.3147974e+01   2.5760267e-14   1.0123502e+03   1.0000000e+00   9.1475859e-03
   4.0782829e+05   1.0000722e-01   2.5802806e-03   1.1237382e-12   1.0258750e-01   1.0000000e+00   9.1468321e-03
   2.7903817e+05   8.2643189e+01   8.6346210e+00   4.8543755e-14   9.1277810e+01   1.0000000e+00   9.1308543e-03
   1.7647360e+05   2.3898599e+02   1.6966383e+01   3.6825242e-14   2.5595237e+02   1.0000000e+00   9.1117501e-03
   6.1228492e+05   9.0081019e+00   2.1851523e+00   9.0840655e-14   1.1193254e+01   1.0000000e+00   9.0403264e-03
   1.2362683e+06   1.0000003e-01   2.1636661e-02   6.6279684e-13   1.2163669e-01   1.0000000e+00   9.0283404e-03
   3.9254563e+05   2.3011628e+01   5.3761784e+00   6.8819140e-14   2.8387807e+01   1.0000000e+00   8.9669875e-03
   4.9479998e+05   1.0000022e-01   3.4775859e-03   1.0427698e-12   1.0347780e-01   1.0000000e+00   8.9633541e-03
   1.0901006e+06   1.0000000e-01   1.4790283e-02   7.2896138e-13   1.1479028e-01   1.0000000e+00   8.9284893e-03
   1.6337808e+05   2.4840829e+02   1.1745842e+01   3.6661798e-14   2.6015413e+02   1.0000000e+00   8.9156106e-03
   8.1264222e+04   9.8475332e+02   3.2913233e+01   2.5722922e-14   1.0176666e+03   1.0000000e+00   8.9114552e-03
   1.5401295e+06   1.0000000e-01   2.9962321e-02   6.1316586e-13   1.2996232e-01   1.0000000e+00   8.8901659e-03
   9.5867037e+04   7.3703473e+02   2.8146086e+01   2.7666927e-14   7.6518081e+02   1.0000000e+00   8.8835295e-03
   6.6558721e+05   1.0000000e-01   8.4648271e-03   8.3923828e-13   1.0846483e-01   1.0000000e+00   8.8796669e-03
   2.1992228e+05   1.2303075e+02   9.9923714e+00   4.3812577e-14   1.3302312e+02   1.0000000e+00   8.8633826e-03
   4.7090573e+05   1.0000017e-01   3.2473830e-03   1.0607252e-12   1.0324756e-01   1.0000000e+00   8.8225230e-03
   1.8752525e+06   1.0210081e-01   7.8480959e-02   4.8747301e-13   1.8058177e-01   1.0000000e+00   8.8120026e-03
   1.6412499e+05   2.3617841e+02   1.1991993e+01   3.7105305e-14   2.4817040e+02   1.0000000e+00   8.7672369e-03
   1.0124379e+06   1.0000000e-01   1.5636592e-02   7.1783537e-13   1.1563659e-01   1.0000000e+00   8.7514789e-03
   9.8494585e+04   6.9845819e+02   2.8682595e+01   2.8032776e-14   7.2714078e+02   1.0000000e+00   8.7048938e-03
   1.2251485e+06   1.0093677e-01   2.8594367e-02   6.1979853e-13   1.2953114e-01   1.0000000e+00   8.6793785e-03
   1.5095682e+05   2.8654627e+02   1.5998530e+01   3.5193281e-14   3.0254480e+02   1.0000000e+00   8.6776103e-03
   1.2126097e+06   1.0000000e-01   2.7853969e-02   6.2530422e-13   1.2785397e-01   1.0000000e+00   8.6497086e-03
   1.4135491e+05   3.6383245e+02   1.9280385e+01   3.3106005e-14   3.8311284e+02   1.0000000e+00   8.6494873e-03
   8.9965401e+04   7.6895904e+02   2.5874555e+01   2.7405516e-14   7.9483359e+02   1.0000000e+00   8.6430904e-03
   1.5103488e+05   2.7635190e+02   1.6459880e+01   3.5498551e-14   2.9281178e+02   1.0000000e+00   8.6311802e-03
   6.2894718e+05   1.0000000e-01   5.9442095e-03   9.1231171e-13   1.0594421e-01   1.0000000e+00   8.5878142e-03
   5.6388483e+05   1.0000007e-01   4.5620360e-03   9.7445887e-13   1.0456211e-01   1.0000000e+00   8.5817506e-03
   8.1590747e+04   9.3379382e+02   3.1475821e+01   2.6078666e-14   9.6526964e+02   1.0000000e+00   8.5667708e-03
   4.2700575e+05   1.0000024e-01   2.6397031e-03   1.1170836e-12   1.0263995e-01   1.0000000e+00   8.5387354e-03
   1.8793618e+06   1.0886463e-01   6.0532410e-02   5.0625634e-13   1.6939704e-01   1.0000000e+00   8.4864252e-03
   1.0540328e+05   6.9004505e+02   2.6929134e+01   2.8167409e-14   7.1697419e+02   1.0000000e+00   8.4825662e-03
   4.8686877e+05   1.0000020e-01   3.7486715e-03   1.0238187e-12   1.0374887e-01   1.0000000e+00   8.4685156e-03
   1.5263863e+05   2.9716278e+02   1.6293519e+01   3.4876092e-14   3.1345630e+02   1.0000000e+00   8.4653295e-03
   1.0565536e+05   6.1108867e+02   2.2886150e+01   2.9038985e-14   6.3397482e+02   1.0000000e+00   8.4466906e-03
   1.6678211e+06   3.3993851e-01   2.2011079e-01   2.8696180e-13   5.6004929e-01   1.0000000e+00   8.4411914e-03
   1.5803809e+05   2.7180712e+02   1.6451412e+01   3.5647258e-14   2.8825853e+02   1.0000000e+00   8.4271580e-03
   1.7634781e+06   6.4953390e-01   5.8560229e-01   2.0377088e-13   1.2351362e+00   1.0000000e+00   8.4080173e-03
   2.8198168e+05   1.0000011e-01   1.1991606e-03   1.3611435e-12   1.0119927e-01   1.0000000e+00   8.4038346e-03
   1.2868031e+05   4.2221331e+02   2.0364824e+01   3.1871704e-14   4.4257813e+02   1.0000000e+00   8.3844386e-03
   4.6510357e+05   1.0000002e-01   2.7884068e-03   1.1028757e-12   1.0278843e-01   1.0000000e+00   8.3732517e-03
   9.5198832e+05   1.0000000e-01   1.4138420e-02   7.3599603e-13   1.1413842e-01   1.0000000e+00   8.3690902e-03
   1.0502784e+05   6.3719872e+02   2.5145790e+01   2.8716651e-14   6.6234451e+02   1.0000000e+00   8.3146211e-03
   9.2958987e+04   7.9086504e+02   2.8970242e+01   2.7182632e-14   8.1983528e+02   1.0000000e+00   8.3009901e-03
   2.1473126e+06   1.1601069e-01   8.7215717e-02   4.5761389e-13   2.0322641e-01   1.0000000e+00   8.2738011e-03
   8.6133940e+04   9.4961793e+02   3.1302295e+01   2.5968198e-14   9.8092023e+02   1.0000000e+00   8.2221997e-03
   2.0496315e+06   1.0000000e-01   5.9471969e-02   5.1946814e-13   1.5947197e-01   1.0000000e+00   8.2139177e-03
   8.8274335e+04   8.3645148e+02   2.8897789e+01   2.6808856e-14   8.6534927e+02   1.0000000e+00   8.2047702e-03
   1.0738938e+06   1.0000000e-01   1.7715609e-02   6.9612438e-13   1.1771561e-01   1.0000000e+00   8.1769933e-03
   8.8419961e+04   9.0781124e+02   3.0664188e+01   2.6264449e-14   9.3847543e+02   1.0000000e+00   8.1762474e-03
   7.6520039e+05   1.0000000e-01   1.0330150e-02   7.9694928e-13   1.1033015e-01   1.0000000e+00   8.1524696e-03
   1.8486742e+05   1.8099550e+02   1.1329259e+01   3.9688413e-14   1.9232476e+02   1.0000000e+00   8.1444236e-03
   1.0379470e+06   1.0000000e-01   1.7129198e-02   7.0209147e-13   1.1712920e-01   1.0000000e+00   8.1276505e-03
   1.2649203e+05   4.0392403e+02   2.0293688e+01   3.2217941e-14   4.2421772e+02   1.0000000e+00   8.0937223e-03
   1.2070266e+05   4.6675995e+02   2.4800695e+01   3.1017120e-14   4.9156065e+02   1.0000000e+00   8.0861328e-03
   1.5891512e+06   6.8130852e-01   4.6887652e-01   2.0892989e-13   1.1501850e+00   1.0000000e+00   8.0798295e-03
   8.6173006e+04   9.4373797e+02   3.2807394e+01   2.5997640e-14   9.7654536e+02   1.0000000e+00   8.0794150e-03
   9.5991194e+04   6.8272426e+02   2.7147436e+01   2.8209628e-14   7.0987169e+02   1.0000000e+00   8.0774384e-03
   1.2626337e+05   4.3068727e+02   1.7634082e+01   3.1770463e-14   4.4832136e+02   1.0000000e+00   8.0392983e-03
   2.3225708e+06   1.4429098e-01   1.3161749e-01   3.9487240e-13   2.7590847e-01   1.0000000e+00   8.0193892e-03
   3.2557257e+05   1.0000145e-01   1.3980350e-03   1.3104256e-12   1.0139948e-01   1.0000000e+00   8.0096143e-03
   2.8290759e+05   7.2526374e+01   6.2329941e+00   5.0641116e-14   7.8759368e+01   1.0000000e+00   8.0088017e-03
   8.7618330e+04   8.8604397e+02   3.0620863e+01   2.6417145e-14   9.1666483e+02   1.0000000e+00   7.9964542e-03
   2.6945779e+05   1.0000000e-01   1.1414426e-03   1.3785004e-12   1.0114145e-01   1.0000000e+00   7.9660712e-03
   8.4756909e+04   9.2294316e+02   3.2404044e+01   2.6140119e-14   9.5534720e+02   1.0000000e+00   7.9548662e-03
   9.8081645e+05   1.0000024e-01   1.5158332e-02   7.2350774e-13   1.1515857e-01   1.0000000e+00   7.9544681e-03
   9.4137269e+04   8.1706213e+02   2.6256268e+01   2.6999422e-14   8.4331840e+02   1.0000000e+00   7.9510758e-03
   1.2357277e+05   4.7882841e+02   2.3106422e+01   3.0861771e-14   5.0193484e+02   1.0000000e+00   7.9484022e-03
   9.0298062e+04   7.8471081e+02   2.7564691e+01   2.7248312e-14   8.1227550e+02   1.0000000e+00   7.9394838e-03
   1.1217790e+05   5.1090008e+02   2.3620030e+01   3.0345430e-14   5.3452011e+02   1.0000000e+00   7.9309444e-03
   2.8961758e+05   1.0000010e-01   1.1601604e-03   1.3725406e-12   1.0116026e-01   1.0000000e+00   7.9220398e-03
   2.8574996e+05   1.0000000e-01   1.2504303e-03   1.3470553e-12   1.0125043e-01   1.0000000e+00   7.9176137e-03
   5.3544165e+05   1.0000000e-01   4.7065115e-03   9.6776587e-13   1.0470651e-01   1.0000000e+00   7.8647933e-03
   9.8424716e+04   7.3704063e+02   2.4459125e+01   2.7712135e-14   7.6149976e+02   1.0000000e+00   7.8408559e-03
   2.1909241e+06   1.4413785e-01   1.1763778e-01   4.0500792e-13   2.6177562e-01   1.0000000e+00   7.8216745e-03
   7.2696912e+05   1.0000001e-01   8.5408470e-03   8.3416888e-13   1.0854085e-01   1.0000000e+00   7.8210305e-03
   2.7558599e+05   1.0000042e-01   1.0578220e-03   1.4046292e-12   1.0105824e-01   1.0000000e+00   7.8115714e-03
   3.4846941e+05   1.0000001e-01   1.7143649e-03   1.2445213e-12   1.0171438e-01   1.0000000e+00   7.7668157e-03
   9.0781548e+04   8.6897258e+02   3.1027672e+01   2.6549163e-14   9.0000025e+02   1.0000000e+00   7.7483645e-03
   8.5399767e+04   8.9792459e+02   2.9802581e+01   2.6336024e-14   9.2772717e+02   1.0000000e+00   7.7355146e-03
   1.0122099e+06   3.5660804e+00   1.4956619e+00   1.1770216e-13   5.0617423e+00   1.0000000e+00   7.7315203e-03
   1.0588579e+05   6.0580349e+02   2.3480099e+01   2.9093146e-14   6.2928359e+02   1.0000000e+00   7.7291955e-03
   4.6527572e+05   1.0000000e-01   3.0341474e-03   1.0789631e-12   1.0303415e-01   1.0000000e+00   7.6766190e-03
   1.9296460e+05   1.7795806e+02   1.0340185e+01   3.9938500e-14   1.8829825e+02   1.0000000e+00   7.6603233e-03
   1.6205839e+05   2.3884272e+02   1.2024262e+01   3.7000653e-14   2.5086698e+02   1.0000000e+00   7.6322292e-03
   1.5792953e+05   2.6265335e+02   1.4818251e+01   3.6005098e-14   2.7747160e+02   1.0000000e+00   7.6164746e-03
   3.7001772e+05   1.0000821e-01   1.9961085e-03   1.1979343e-12   1.0200432e-01   1.0000000e+00   7.6128997e-03
   1.7506953e+06   1.4088437e-01   7.4385143e-02   4.5256321e-13   2.1526951e-01   1.0000000e+00   7.6001476e-03
   8.4700161e+04   8.2089959e+02   2.8496750e+01   2.6960925e-14   8.4939634e+02   1.0000000e+00   7.5930166e-03
   2.7344324e+05   1.0000011e-01   1.1103156e-03   1.3875796e-12   1.0111043e-01   1.0000000e+00   7.5719827e-03
   1.1166351e+05   5.0331398e+02   2.2585200e+01   3.0475743e-14   5.2589918e+02   1.0000000e+00   7.5554470e-03
   1.6612193e+06   3.2385871e-01   1.6966007e-01   3.0555430e-13   4.9351878e-01   1.0000000e+00   7.5550678e-03
   3.6390128e+05   3.1394592e+01   5.7571746e+00   6.3035841e-14   3.7151766e+01   1.0000000e+00   7.5333351e-03
   8.7894822e+05   1.0000019e-01   1.1374077e-02   7.7649091e-13   1.1137427e-01   1.0000000e+00   7.5132968e-03
   9.8958300e+04   6.7693865e+02   2.9235538e+01   2.8245687e-14   7.0617419e+02   1.0000000e+00   7.5054537e-03
   1.7241126e+05   2.1589346e+02   1.2580762e+01   3.7908095e-14   2.2847422e+02   1.0000000e+00   7.4994462e-03
   3.8007292e+05   1.0000000e-01   2.1554166e-03   1.1752159e-12   1.0215542e-01   1.0000000e+00   7.4860246e-03
   7.8918407e+04   9.6050008e+02   3.0282913e+01   2.5916213e-14   9.9078299e+02   1.0000000e+00   7.4710690e-03
   2.8954276e+05   1.0000000e-01   1.2709781e-03   1.3414826e-12   1.0127098e-01   1.0000000e+00   7.4665460e-03
   1.0051176e+05   6.7509476e+02   2.6974953e+01   2.8285626e-14   7.0206972e+02   1.0000000e+00   7.4559373e-03
   2.4807271e+05   9.1243697e+01   9.0085950e+00   4.7335518e-14   1.0025229e+02   1.0000000e+00   7.4543002e-03
   3.7928638e+05   1.0000385e-01   1.7604630e-03   1.2384629e-12   1.0176431e-01   1.0000000e+00   7.4445623e-03
   3.5213561e+05   1.0000834e-01   2.1355739e-03   1.1799877e-12   1.0214392e-01   1.0000000e+00   7.4271070e-03
   2.7893657e+05   1.0000000e-01   1.0787882e-03   1.3977704e-12   1.0107879e-01   1.0000000e+00   7.4012401e-03
   1.8015834e+06   4.0956955e-01   3.2194048e-01   2.5377095e-13   7.3151003e-01   1.0000000e+00   7.3856110e-03
   9.4469489e+04   7.7721436e+02   2.9968981e+01   2.7293738e-14   8.0718334e+02   1.0000000e+00   7.3847918e-03
   1.2112371e+05   4.6306929e+02   2.3745398e+01   3.1091772e-14   4.8681469e+02   1.0000000e+00   7.3748924e-03
   1.2788793e+05   3.9612243e+02   1.8001778e+01   3.2422391e-14   4.1412421e+02   1.0000000e+00   7.3374506e-03
   4.8871648e+05   1.0000020e-01   4.1837294e-03   9.9784423e-13   1.0418393e-01   1.0000000e+00   7.3115573e-03
   2.2060141e+05   1.6428532e+02   1.0430668e+01   4.0870155e-14   1.7471599e+02   1.0000000e+00   7.2919508e-03
   2.7810518e+05   1.0000000e-01   1.0892943e-03   1.3942760e-12   1.0108929e-01   1.0000000e+00   7.2850992e-03
   8.6166625e+04   8.5296409e+02   3.1008744e+01   2.6668034e-14   8.8397283e+02   1.0000000e+00   7.2816644e-03
   1.1932245e+05   4.7005873e+02   2.5122755e+01   3.0958054e-14   4.9518149e+02   1.0000000e+00   7.2748852e-03
   3.9200579e+05   2.5607405e+01   5.1042947e+00   6.6742896e-14   3.0711700e+01   1.0000000e+00   7.2548661e-03
   1.0433717e+06   1.0000000e-01   1.8368829e-02   6.9065471e-13   1.1836883e-01   1.0000000e+00   7.2483387e-03
   2.3976709e+05   1.0254820e+02   1.0568959e+01   4.5791554e-14   1.1311716e+02   1.0000000e+00   7.2457067e-03
   1.7972445e+05   1.8741997e+02   1.4929617e+01   3.9159919e-14   2.0234959e+02   1.0000000e+00   7.2408084e-03
   4.9365420e+05   1.0000020e-01   3.6004228e-03   1.0337505e-12   1.0360062e-01   1.0000000e+00   7.2349129e-03
   9.0319691e+04   7.9330319e+02   2.7608100e+01   2.7173402e-14   8.2091129e+02   1.0000000e+00   7.2324087e-03
   1.8241588e+06   1.8904972e-01   1.3902971e-01   3.6659261e-13   3.2807943e-01   1.0000000e+00   7.2196028e-03
   4.1519651e+05   1.0000000e-01   2.8901609e-03   1.0934453e-12   1.0289016e-01   1.0000000e+00   7.2175102e-03
   1.4628023e+05   3.0062312e+02   1.5857073e+01   3.4781442e-14   3.1648020e+02   1.0000000e+00   7.1869501e-03
   2.2745666e+05   1.2947359e+02   1.0512842e+01   4.3213362e-14   1.3998643e+02   1.0000000e+00   7.1769971e-03
   3.3452739e+05   1.0000037e-01   1.5903186e-03   1.2681200e-12   1.0159068e-01   1.0000000e+00   7.1628355e-03
   9.4472185e+04   7.5852336e+02   2.9723069e+01   2.7458186e-14   7.8824643e+02   1.0000000e+00   7.1420691e-03
   1.5244496e+05   3.2530399e+02   1.6140107e+01   3.4146548e-14   3.4144410e+02   1.0000000e+00   7.1097403e-03
   1.8305524e+06   7.4090228e-01   6.6489174e-01   1.9284245e-13   1.4057940e+00   1.0000000e+00   7.1090672e-03
   4.7862660e+05   1.0000000e-01   3.6868839e-03   1.0282835e-12   1.0368689e-01   1.0000000e+00   7.1000736e-03
   2.2655153e+05   1.1766469e+02   9.3865959e+00   4.4361858e-14   1.2705129e+02   1.0000000e+00   7.0297108e-03
   3.3489922e+05   1.0000081e-01   1.4621455e-03   1.2959839e-12   1.0146295e-01   1.0000000e+00   7.0037021e-03
   1.1401824e+05   5.6472579e+02   2.2477243e+01   2.9636378e-14   5.8720303e+02   1.0000000e+00   6.9743597e-03
   8.4650062e+04   7.9856920e+02   2.8819252e+01   2.7156190e-14   8.2738845e+02   1.0000000e+00   6.9706050e-03
   9.4554997e+05   1.0000001e-01   1.3344905e-02   7.4641616e-13   1.1334492e-01   1.0000000e+00   6.9628529e-03
   5.5777496e+05   1.0000000e-01   4.4135193e-03   9.8256322e-13   1.0441352e-01   1.0000000e+00   6.9111218e-03
   4.1869240e+05   1.0000269e-01   2.3024273e-03   1.1566529e-12   1.0230512e-01   1.0000000e+00   6.9076484e-03
   4.2775541e+05   1.0000002e-01   2.4385051e-03   1.1399771e-12   1.0243852e-01   1.0000000e+00   6.9065973e-03
   5.0469722e+05   1.0000001e-01   4.0027920e-03   1.0071297e-12   1.0400280e-01   1.0000000e+00   6.8807092e-03
   6.3305281e+05   1.4937883e+01   2.8324312e+00   7.8160638e-14   1.7770314e+01   1.0000000e+00   6.8752501e-03
   8.0656774e+05   1.0000000e-01   8.7792878e-03   8.2829822e-13   1.0877929e-01   1.0000000e+00   6.8558267e-03
   6.5963531e+05   1.6946650e+01   2.6506339e+00   7.6661053e-14   1.9597284e+01   1.0000000e+00   6.8392160e-03
   2.4393718e+05   1.0606155e+02   1.0764941e+01   4.5378623e-14   1.1682649e+02   1.0000000e+00   6.8366334e-03
   9.2413756e+04   6.8724255e+02   2.7342954e+01   2.8183612e-14   7.1458550e+02   1.0000000e+00   6.8132772e-03
   1.1214727e+05   5.4928116e+02   2.1493104e+01   2.9838589e-14   5.7077426e+02   1.0000000e+00   6.8061773e-03
   3.0646521e+05   1.0000000e-01   1.6299549e-03   1.2627921e-12   1.0162995e-01   1.0000000e+00   6.8040552e-03
   2.2328904e+05   1.1204659e+02   8.9167970e+00   4.4990226e-14   1.2096339e+02   1.0000000e+00   6.7891711e-03
   1.7423585e+06   2.5849083e-01   2.0548313e-01   3.1337549e-13   4.6397396e-01   1.0000000e+00   6.7756182e-03
   3.0745856e+05   1.0000000e-01   1.3492610e-03   1.3214084e-12   1.0134926e-01   1.0000000e+00   6.7680589e-03
   3.4439813e+05   4.9569452e+01   6.3406764e+00   5.5643744e-14   5.5910129e+01   1.0000000e+00   6.7570535e-03
   1.4306498e+05   3.3191914e+02   1.7184547e+01   3.3901157e-14   3.4910369e+02   1.0000000e+00   6.7492146e-03
   1.6314657e+06   3.4214785e-01   1.9640202e-01   2.9283299e-13   5.3854987e-01   1.0000000e+00   6.7474037e-03
   4.0500796e+05   1.0000000e-01   2.8271253e-03   1.1000812e-12   1.0282713e-01   1.0000000e+00   6.7416344e-03
   1.3111696e+05   4.5358525e+02   2.3055698e+01   3.1312747e-14   4.7664095e+02   1.0000000e+00   6.7390200e-03
   1.5775660e+06   7.9576812e-01   8.4246687e-01   1.8547214e-13   1.6382350e+00   1.0000000e+00   6.7270513e-03
   6.4725492e+05   1.9469094e+01   2.6642290e+00   7.4422327e-14   2.2133323e+01   1.0000000e+00   6.7239715e-03
   1.8123715e+05   1.8182687e+02   1.4650255e+01   3.9472203e-14   1.9647713e+02   1.0000000e+00   6.7123607e-03
   5.9483400e+05   1.2838625e+01   2.8567000e+00   8.1065708e-14   1.5695325e+01   1.0000000e+00   6.6581303e-03
   5.0464247e+05   1.0000000e-01   4.0080857e-03   1.0068126e-12   1.0400809e-01   1.0000000e+00   6.6380845e-03
   1.7162605e+05   1.9139188e+02   1.5018669e+01   3.8987851e-14   2.0641055e+02   1.0000000e+00   6.6378293e-03
   1.7229744e+06   1.7201434e+00   8.0643345e-01   1.5427956e-13   2.5265768e+00   1.0000000e+00   6.6331742e-03
   1.6678211e+06   4.7333956e-01   1.6659657e-01   2.8025238e-13   6.3993613e-01   1.0000000e+00   6.6092741e-03
   1.0705674e+05   6.0171896e+02   2.4234031e+01   2.9134258e-14   6.2595299e+02   1.0000000e+00   6.6068377e-03
   1.6090649e+06   4.5406617e-01   2.1610647e-01   2.6672863e-13   6.7017264e-01   1.0000000e+00   6.5999902e-03
   1.7653196e+06   3.0224165e-01   1.5107375e-01   3.1852675e-13   4.5331541e-01   1.0000000e+00   6.5981371e-03
   1.8917443e+06   2.1128237e-01   1.3791534e-01   3.5552177e-13   3.4919771e-01   1.0000000e+00   6.5708883e-03
   1.0674162e+05   5.6817902e+02   2.7209137e+01   2.9516901e-14   5.9538816e+02   1.0000000e+00   6.5699731e-03
   1.7703175e+05   1.9585846e+02   1.3178615e+01   3.8808694e-14   2.0903707e+02   1.0000000e+00   6.5666279e-03
   8.5572883e+05   1.0000000e-01   9.5185266e-03   8.1223359e-13   1.0951853e-01   1.0000000e+00   6.5230220e-03
   1.1773176e+05   4.7683305e+02   2.2247430e+01   3.0886725e-14   4.9908048e+02   1.0000000e+00   6.5184847e-03
   1.1894100e+05   4.1601023e+02   1.8449725e+01   3.2042647e-14   4.3445995e+02   1.0000000e+00   6.5143087e-03
   1.9254751e+05   1.5016331e+02   1.1810280e+01   4.1584583e-14   1.6197359e+02   1.0000000e+00   6.4959257e-03
   2.8187778e+05   1.0000009e-01   1.1228852e-03   1.3836839e-12   1.0112298e-01   1.0000000e+00   6.4904941e-03
   1.6817051e+06   1.5952565e+00   7.7549280e-01   1.5717525e-13   2.3707493e+00   1.0000000e+00   6.4866478e-03
   1.0092509e+05   6.4312719e+02   2.4127412e+01   2.8656730e-14   6.6725461e+02   1.0000000e+00   6.4762120e-03
   4.8747731e+05   1.0000021e-01   3.5364813e-03   1.0384038e-12   1.0353669e-01   1.0000000e+00   6.4477558e-03
   1.6496311e+06   9.8156465e-01   7.2653492e-01   1.7737962e-13   1.7080996e+00   1.0000000e+00   6.4447998e-03
   1.6225390e+06   5.9591068e-01   3.8742321e-01   2.2313052e-13   9.8333389e-01   1.0000000e+00   6.4166493e-03
   1.2865905e+05   4.1934028e+02   2.0317491e+01   3.1924966e-14   4.3965777e+02   1.0000000e+00   6.4044366e-03
   9.5736825e+04   7.4721418e+02   2.9578134e+01   2.7562342e-14   7.7679232e+02   1.0000000e+00   6.3779549e-03
   6.9705856e+05   1.0000000e-01   6.3330307e-03   8.9869422e-13   1.0633303e-01   1.0000000e+00   6.3627815e-03
   8.8089140e+04   8.1979114e+02   3.1423861e+01   2.6927360e-14   8.5121500e+02   1.0000000e+00   6.3600039e-03
   3.2413839e+05   1.0000000e-01   1.4674632e-03   1.2939972e-12   1.0146746e-01   1.0000000e+00   6.3598357e-03
   6.4588436e+05   1.0000001e-01   6.4326621e-03   8.9467534e-13   1.0643267e-01   1.0000000e+00   6.3529041e-03
   1.1503070e+05   3.8964636e+02   1.8414506e+01   3.2659565e-14   4.0806087e+02   1.0000000e+00   6.3513139e-03
   1.4502977e+05   2.5726557e+02   1.6441664e+01   3.6209166e-14   2.7370724e+02   1.0000000e+00   6.2791794e-03
   1.3133289e+05   3.7440242e+02   1.7198854e+01   3.2899422e-14   3.9160127e+02   1.0000000e+00   6.2777171e-03
   3.8907948e+05   1.0000025e-01   2.5348027e-03   1.1298785e-12   1.0253505e-01   1.0000000e+00   6.2675464e-03
   1.6436589e+05   2.5319997e+02   1.1837349e+01   3.6490621e-14   2.6503732e+02   1.0000000e+00   6.2636127e-03
   1.4839671e+06   1.0000000e-01   3.7130267e-02   5.8159343e-13   1.3713027e-01   1.0000000e+00   6.2608370e-03
   1.0141167e+05   5.9906027e+02   2.3372612e+01   2.9182957e-14   6.2243288e+02   1.0000000e+00   6.2529039e-03
   1.0841779e+05   5.6631729e+02   2.4102768e+01   2.9573632e-14   5.9042006e+02   1.0000000e+00   6.2133309e-03
   1.7001317e+06   4.3017826e-01   2.1012884e-01   2.7191554e-13   6.4030709e-01   1.0000000e+00   6.1880314e-03
   8.4718597e+04   8.0328811e+02   2.8642002e+01   2.7114261e-14   8.3193012e+02   1.0000000e+00   6.1482802e-03
   4.4553101e+05   2.0481435e+01   4.0759233e+00   7.1064521e-14   2.4557358e+01   1.0000000e+00   6.1452530e-03
   1.0229566e+05   6.4295013e+02   2.6115806e+01   2.8636851e-14   6.6906593e+02   1.0000000e+00   6.1223986e-03
   1.1152948e+05   5.7480219e+02   2.7825124e+01   2.9434493e-14   6.0262732e+02   1.0000000e+00   6.0917527e-03
   1.0664839e+05   5.9055445e+02   2.3253083e+01   2.9279476e-14   6.1380753e+02   1.0000000e+00   6.0900632e-03
   2.6105356e+05   1.0011660e+02   6.8629101e+00   4.6628897e-14   1.0697951e+02   1.0000000e+00   6.0637187e-03
   3.6187456e+05   1.0000147e-01   1.8173356e-03   1.2265738e-12   1.0181881e-01   1.0000000e+00   6.0242535e-03
   1.8726049e+06   1.0000000e-01   6.2278802e-02   5.1428973e-13   1.6227880e-01   1.0000000e+00   6.0185698e-03
   9.7766031e+04   7.2385106e+02   2.7677162e+01   2.7796930e-14   7.5152822e+02   1.0000000e+00   6.0145661e-03
   2.8416528e+05   1.0000040e-01   1.0484629e-03   1.4086976e-12   1.0104886e-01   1.0000000e+00   6.0137447e-03
   9.0308794e+04   8.4640818e+02   2.9399350e+01   2.6727964e-14   8.7580753e+02   1.0000000e+00   6.0017331e-03
   9.0423802e+04   9.1174669e+02   3.0812170e+01   2.6249040e-14   9.4255886e+02   1.0000000e+00   5.9913213e-03
   1.7247514e+05   1.9758547e+02   1.5441473e+01   3.8641257e-14   2.1302694e+02   1.0000000e+00   5.9820476e-03
   1.3201103e+05   3.9774910e+02   2.3110154e+01   3.2298444e-14   4.2085925e+02   1.0000000e+00   5.9634674e-03
   3.6899259e+05   1.0000043e-01   1.8589147e-03   1.2197847e-12   1.0185934e-01   1.0000000e+00   5.9546453e-03
   1.2008319e+06   1.0000000e-01   2.4810399e-02   6.4175655e-13   1.2481040e-01   1.0000000e+00   5.9472916e-03
   3.7056709e+05   1.0000871e-01   1.9427448e-03   1.2061343e-12   1.0195146e-01   1.0000000e+00   5.9238445e-03
   7.1953464e+05   1.0000000e-01   8.0343585e-03   8.4658956e-13   1.0803436e-01   1.0000000e+00   5.9099231e-03
   8.1038968e+04   9.6421620e+02   3.1841119e+01   2.5866990e-14   9.9605732e+02   1.0000000e+00   5.8943998e-03
   1.0516493e+06   1.0000000e-01   1.6225809e-02   7.1126713e-13   1.1622581e-01   1.0000000e+00   5.8901471e-03
   2.6918622e+05   1.0000027e-01   1.1808571e-03   1.3674187e-12   1.0118113e-01   1.0000000e+00   5.8811299e-03
   2.1903332e+06   1.0195457e-01   7.9149586e-02   4.8333185e-13   1.8110415e-01   1.0000000e+00   5.8809758e-03
   1.4665706e+05   3.3063187e+02   1.5161089e+01   3.4011595e-14   3.4579296e+02   1.0000000e+00   5.8809750e-03
   1.4920872e+06   1.0000000e-01   3.2604101e-02   5.9969255e-13   1.3260410e-01   1.0000000e+00   5.8781985e-03
   3.9513162e+05   3.6185342e+01   5.0680336e+00   6.0695349e-14   4.1253375e+01   1.0000000e+00   5.8673829e-03
   3.6979304e+05   1.0000869e-01   1.9593540e-03   1.2035297e-12   1.0196805e-01   1.0000000e+00   5.8619813e-03
   4.6798423e+05   1.0000000e-01   2.9740314e-03   1.0845951e-12   1.0297403e-01   1.0000000e+00   5.8600716e-03
   7.0085806e+05   1.0000002e-01   6.1510584e-03   9.0583463e-13   1.0615108e-01   1.0000000e+00   5.8596613e-03
   1.7900896e+05   2.0381575e+02   1.4845544e+01   3.8345441e-14   2.1866129e+02   1.0000000e+00   5.8550480e-03
   2.5783195e+05   1.0000000e-01   1.0146968e-03   1.4194452e-12   1.0101470e-01   1.0000000e+00   5.8538220e-03
   1.7754570e+05   1.8462279e+02   1.4470860e+01   3.9341689e-14   1.9909365e+02   1.0000000e+00   5.8316233e-03
   8.2608058e+04   9.9471482e+02   4.7782074e+01   2.5598135e-14   1.0424969e+03   1.0000000e+00   5.8090095e-03
   1.2124987e+05   4.6011915e+02   2.3811151e+01   3.1139778e-14   4.8393031e+02   1.0000000e+00   5.8070954e-03
   1.6320977e+05   2.2211277e+02   1.2215966e+01   3.7675385e-14   2.3432874e+02   1.0000000e+00   5.7951495e-03
   1.3010731e+05   3.7607715e+02   1.8566936e+01   3.2830821e-14   3.9464409e+02   1.0000000e+00   5.7929082e-03
   1.7679190e+06   1.0000000e-01   4.3278107e-02   5.6035392e-13   1.4327811e-01   1.0000000e+00   5.7702444e-03
   1.0835487e+05   5.8345461e+02   2.7146112e+01   2.9324509e-14   6.1060072e+02   1.0000000e+00   5.7697619e-03
   1.2946377e+05   3.3495855e+02   1.7782744e+01   3.3853047e-14   3.5274130e+02   1.0000000e+00   5.7665886e-03
   2.2290199e+06   1.8434093e-01   1.2386135e-01   3.7727287e-13   3.0820228e-01   1.0000000e+00   5.7363566e-03
   1.8848213e+05   1.4709656e+02   1.1034981e+01   4.1904762e-14   1.5813154e+02   1.0000000e+00   5.7171783e-03
   1.7311919e+06   1.3347585e-01   8.4971265e-02   4.4700273e-13   2.1844712e-01   1.0000000e+00   5.6920062e-03
   1.6210090e+06   1.0000000e-01   4.2483361e-02   5.6274002e-13   1.4248336e-01   1.0000000e+00   5.6777490e-03
   1.4367454e+05   3.6977482e+02   1.8436642e+01   3.3018777e-14   3.8821146e+02   1.0000000e+00   5.6691898e-03
   7.0844315e+05   1.0000000e-01   6.9840673e-03   8.7651327e-13   1.0698407e-01   1.0000000e+00   5.6690127e-03
   1.6225390e+06   6.9736726e-01   3.5347304e-01   2.1759461e-13   1.0508403e+00   1.0000000e+00   5.6682642e-03
   9.1395889e+04   8.7560718e+02   3.0258334e+01   2.6510428e-14   9.0586551e+02   1.0000000e+00   5.6637391e-03
   1.1117259e+05   6.1851446e+02   2.5194702e+01   2.8958503e-14   6.4370916e+02   1.0000000e+00   5.6623655e-03
   1.0997908e+06   1.0000000e-01   1.9530978e-02   6.7989885e-13   1.1953098e-01   1.0000000e+00   5.6501596e-03
   1.0279511e+05   7.4239728e+02   2.8365911e+01   2.7660843e-14   7.7076320e+02   1.0000000e+00   5.6469672e-03
   8.8028986e+04   8.7252343e+02   3.1417764e+01   2.6511998e-14   9.0394119e+02   1.0000000e+00   5.6291967e-03
   1.7554355e+06   2.8666420e-01   1.8721850e-01   3.0907613e-13   4.7388270e-01   1.0000000e+00   5.6193570e-03
   3.0986268e+05   1.0000010e-01   1.2998069e-03   1.3342084e-12   1.0129990e-01   1.0000000e+00   5.6139260e-03
   2.2529477e+06   1.0000000e-01   9.4803285e-02   4.6664377e-13   1.9480329e-01   1.0000000e+00   5.6092146e-03
   8.9287107e+04   8.0773065e+02   2.6832267e+01   2.7059868e-14   8.3456292e+02   1.0000000e+00   5.6031507e-03
   4.0277410e+05   4.1406164e+01   3.9494418e+00   5.9510042e-14   4.5355606e+01   1.0000000e+00   5.5799964e-03
   1.1073849e+05   4.5074052e+02   2.1857682e+01   3.1386999e-14   4.7259820e+02   1.0000000e+00   5.5712367e-03
   1.2470467e+05   4.3059114e+02   2.0284937e+01   3.1711526e-14   4.5087608e+02   1.0000000e+00   5.5679132e-03
   8.5822894e+05   1.0000020e-01   9.2366128e-03   8.1880823e-13   1.0923681e-01   1.0000000e+00   5.5544255e-03
   2.2770481e+06   1.0000000e-01   8.7827398e-02   4.7426012e-13   1.8782740e-01   1.0000000e+00   5.5535836e-03
   5.1681497e+05   1.0000000e-01   4.3058588e-03   9.8923540e-13   1.0430586e-01   1.0000000e+00   5.5524890e-03
   7.9809175e+04   9.5333864e+02   3.1780353e+01   2.5949906e-14   9.8511899e+02   1.0000000e+00   5.5497518e-03
   2.2423553e+06   1.0000000e-01   9.7415642e-02   4.6411319e-13   1.9741564e-01   1.0000000e+00   5.5305370e-03
   5.7820927e+05   1.0000043e-01   5.4643824e-03   9.3234690e-13   1.0546481e-01   1.0000000e+00   5.5268321e-03
   1.5052521e+06   1.0000000e-01   5.3061410e-02   5.3957515e-13   1.5306141e-01   1.0000000e+00   5.5205623e-03
   9.1885483e+04   7.4497369e+02   3.0133283e+01   2.7583288e-14   7.7510698e+02   1.0000000e+00   5.5171343e-03
   7.2630660e+05   1.0000000e-01   7.9948883e-03   8.4750477e-13   1.0799489e-01   1.0000000e+00   5.5161989e-03
   1.6369258e+06   7.8350717e-01   8.0194318e-01   1.8662593e-13   1.5854503e+00   1.0000000e+00   5.4908094e-03
   1.5799927e+06   7.3516310e-01   6.0411114e-01   1.9742092e-13   1.3392742e+00   1.0000000e+00   5.4819215e-03
   9.5979465e+04   7.2998410e+02   2.7043071e+01   2.7742296e-14   7.5702717e+02   1.0000000e+00   5.4759013e-03
   1.2063289e+06   1.0000000e-01   2.5915587e-02   6.3539820e-13   1.2591559e-01   1.0000000e+00   5.4754199e-03
   9.4158482e+04   7.5396063e+02   2.7773279e+01   2.7514703e-14   7.8173391e+02   1.0000000e+00   5.4607311e-03
   4.1879685e+05   4.2570766e+01   3.8209761e+00   5.9411535e-14   4.6391742e+01   1.0000000e+00   5.4592912e-03
   1.0594956e+05   5.9372127e+02   2.3193892e+01   2.9241168e-14   6.1691517e+02   1.0000000e+00   5.4501936e-03
   1.7907071e+06   4.2172072e-01   3.2796838e-01   2.5102087e-13   7.4968910e-01   1.0000000e+00   5.4429906e-03
   8.4098267e+04   9.5514388e+02   3.1555054e+01   2.5924959e-14   9.8669894e+02   1.0000000e+00   5.4333766e-03
   1.0107320e+05   6.6977963e+02   2.6403244e+01   2.8346934e-14   6.9618288e+02   1.0000000e+00   5.4243243e-03
   2.1568712e+05   1.4285158e+02   1.0015152e+01   4.2213626e-14   1.5286673e+02   1.0000000e+00   5.4085038e-03
   8.3473429e+04   9.6737171e+02   3.3253386e+01   2.5833239e-14   1.0006251e+03   1.0000000e+00   5.4084638e-03
   2.5706618e+05   1.0000000e-01   1.0339610e-03   1.4130415e-12   1.0103396e-01   1.0000000e+00   5.3857652e-03
   7.8112984e+05   4.2790297e+00   1.6192274e+00   1.1316152e-13   5.8982570e+00   1.0000000e+00   5.3849646e-03
   1.0562659e+06   1.0000000e-01   1.6580465e-02   7.0749226e-13   1.1658047e-01   1.0000000e+00   5.3661376e-03
   1.1564445e+06   1.0006214e-01   2.3866233e-02   6.4826081e-13   1.2392838e-01   1.0000000e+00   5.3493963e-03
   4.0765004e+05   1.0000026e-01   2.4942857e-03   1.1330946e-12   1.0249455e-01   1.0000000e+00   5.3412547e-03
   1.5548504e+05   2.8157038e+02   1.6469025e+01   3.5336229e-14   2.9803940e+02   1.0000000e+00   5.3371764e-03
   1.1352066e+05   5.5817207e+02   2.3544392e+01   2.9699880e-14   5.8171646e+02   1.0000000e+00   5.3312915e-03
   2.1518421e+05   1.2039373e+02   1.0901316e+01   4.4000697e-14   1.3129504e+02   1.0000000e+00   5.3295677e-03
   1.0667693e+05   5.9623087e+02   2.3232425e+01   2.9211251e-14   6.1946329e+02   1.0000000e+00   5.3111966e-03
   2.2851583e+06   1.6671793e-01   1.1789965e-01   3.9108484e-13   2.8461759e-01   1.0000000e+00   5.2982807e-03
   9.5926137e+04   7.2858090e+02   2.7216304e+01   2.7753800e-14   7.5579720e+02   1.0000000e+00   5.2907177e-03
   1.6775041e+05   2.2602501e+02   1.2116061e+01   3.7505152e-14   2.3814107e+02   1.0000000e+00   5.2719627e-03
   8.0040088e+04   1.0000000e+03   3.8502291e+01   2.5599953e-14   1.0385023e+03   1.0000000e+00   5.2708948e-03
   3.9233038e+05   1.0000025e-01   2.3539894e-03   1.1497301e-12   1.0235424e-01   1.0000000e+00   5.2559801e-03
   5.1840554e+05   1.0000000e-01   4.2562847e-03   9.9189323e-13   1.0425628e-01   1.0000000e+00   5.2541371e-03
   2.9418177e+05   1.0000011e-01   1.3280318e-03   1.3269022e-12   1.0132814e-01   1.0000000e+00   5.2538845e-03
   2.1895356e+06   1.4444895e-01   1.1631403e-01   4.0579355e-13   2.6076298e-01   1.0000000e+00   5.2478395e-03
   3.4858967e+05   1.0000001e-01   1.8680737e-03   1.2182442e-12   1.0186809e-01   1.0000000e+00   5.2465708e-03
   1.1477657e+05   5.2254312e+02   2.3561216e+01   3.0178714e-14   5.4610433e+02   1.0000000e+00   5.2393211e-03
   3.4936712e+05   1.0000001e-01   1.6411172e-03   1.2586022e-12   1.0164113e-01   1.0000000e+00   5.2335359e-03
   3.0533511e+05   1.0000000e-01   1.3198321e-03   1.3287578e-12   1.0131983e-01   1.0000000e+00   5.2229909e-03
   2.8244504e+05   1.0000009e-01   1.2928588e-03   1.3366108e-12   1.0129295e-01   1.0000000e+00   5.2001558e-03
   1.0721088e+05   5.7195996e+02   2.7186714e+01   2.9467596e-14   5.9914667e+02   1.0000000e+00   5.1877966e-03
   1.8160496e+06   2.1222722e-01   1.4483856e-01   3.5217921e-13   3.5706578e-01   1.0000000e+00   5.1567467e-03
   2.2148526e+06   1.4435445e-01   1.0843743e-01   4.1233687e-13   2.5279188e-01   1.0000000e+00   5.1536242e-03
   9.3147408e+04   8.5056249e+02   2.8551239e+01   2.6717642e-14   8.7911373e+02   1.0000000e+00   5.1474526e-03
   9.9427980e+04   6.2423437e+02   2.4481339e+01   2.8873549e-14   6.4871571e+02   1.0000000e+00   5.1405954e-03
   1.2104315e+06   1.0000000e-01   2.1854731e-02   6.6108928e-13   1.2185473e-01   1.0000000e+00   5.1210260e-03
   1.5677766e+05   2.8124907e+02   1.5840035e+01   3.5370690e-14   2.9708911e+02   1.0000000e+00   5.1085763e-03
   2.1335751e+06   2.6064667e-01   2.4685215e-01   2.9855260e-13   5.0749882e-01   1.0000000e+00   5.1041137e-03
   4.0689449e+05   1.0000405e-01   2.0906271e-03   1.1856052e-12   1.0209468e-01   1.0000000e+00   5.0796842e-03
   1.0174863e+05   7.2360738e+02   2.5955070e+01   2.7838001e-14   7.4956245e+02   1.0000000e+00   5.0792701e-03
   8.1452016e+04   9.6131293e+02   3.3173195e+01   2.5877308e-14   9.9448613e+02   1.0000000e+00   5.0723311e-03
   1.1412155e+05   5.3692983e+02   2.4288135e+01   2.9969667e-14   5.6121796e+02   1.0000000e+00   5.0663828e-03
   8.7280743e+05   1.0000019e-01   9.7816984e-03   8.0691535e-13   1.0978189e-01   1.0000000e+00   5.0312949e-03
   1.0039303e+05   5.8236690e+02   2.3113607e+01   2.9407794e-14   6.0548050e+02   1.0000000e+00   5.0184993e-03
   3.5450008e+05   1.0000001e-01   1.6903005e-03   1.2493274e-12   1.0169031e-01   1.0000000e+00   5.0141847e-03
   3.0057129e+05   1.0000087e-01   1.3764001e-03   1.3149985e-12   1.0137727e-01   1.0000000e+00   5.0106990e-03
   3.9122674e+05   1.0000025e-01   2.3982606e-03   1.1446045e-12   1.0239851e-01   1.0000000e+00   4.9857716e-03
   2.7733589e+05   5.6944528e+01   5.6105509e+00   5.4273468e-14   6.2555079e+01   1.0000000e+00   4.9832688e-03
   1.0793295e+05   5.8420396e+02   2.3618101e+01   2.9354250e-14   6.0782206e+02   1.0000000e+00   4.9495008e-03
   3.7301409e+05   1.0000000e-01   2.3473447e-03   1.1519568e-12   1.0234734e-01   1.0000000e+00   4.9489386e-03
   3.9537865e+05   1.0000024e-01   2.2460780e-03   1.1631215e-12   1.0224632e-01   1.0000000e+00   4.9331133e-03
   1.3082155e+05   3.6760820e+02   1.8153153e+01   3.3027964e-14   3.8576136e+02   1.0000000e+00   4.9317013e-03
   1.8149911e+06   2.1151914e-01   1.5421984e-01   3.4833034e-13   3.6573898e-01   1.0000000e+00   4.9192958e-03
   1.2469546e+06   1.0000001e-01   2.6408613e-02   6.3189404e-13   1.2640862e-01   1.0000000e+00   4.9151911e-03
   9.5032068e+04   7.8441705e+02   2.7161848e+01   2.7258713e-14   8.1157890e+02   1.0000000e+00   4.8956442e-03
   2.8593477e+05   8.7296390e+01   8.6493268e+00   4.7940472e-14   9.5945716e+01   1.0000000e+00   4.8831494e-03
   1.7191162e+06   3.6453167e-01   2.1992546e-01   2.8108633e-13   5.8445714e-01   1.0000000e+00   4.8726635e-03
   5.7291048e+05   1.0000000e-01   5.6324633e-03   9.2611687e-13   1.0563246e-01   1.0000000e+00   4.8345381e-03
   1.3026607e+05   3.7985725e+02   1.8540001e+01   3.2749005e-14   3.9839725e+02   1.0000000e+00   4.8319365e-03
   8.8305773e+04   8.2694218e+02   2.9056419e+01   2.6884482e-14   8.5599860e+02   1.0000000e+00   4.8278812e-03
   2.0471834e+05   1.6037617e+02   1.0894412e+01   4.0941522e-14   1.7127058e+02   1.0000000e+00   4.8252789e-03
   3.8642694e+05   1.0000027e-01   2.1974088e-03   1.1695160e-12   1.0219767e-01   1.0000000e+00   4.7866592e-03
   5.0676654e+05   1.0000000e-01   4.6961620e-03   9.7055898e-13   1.0469616e-01   1.0000000e+00   4.7847657e-03
   4.6682210e+05   1.0000000e-01   3.1659647e-03   1.0674714e-12   1.0316597e-01   1.0000000e+00   4.7788483e-03
   6.3654602e+05   7.6853134e+00   2.2304547e+00   9.4751919e-14   9.9157681e+00   1.0000000e+00   4.7749347e-03
   1.8935951e+06   1.8765034e-01   1.2960967e-01   3.7164421e-13   3.1726001e-01   1.0000000e+00   4.7732104e-03
   1.5665120e+05   2.5444552e+02   1.2086460e+01   3.6420397e-14   2.6653198e+02   1.0000000e+00   4.7723575e-03
   5.2996260e+05   1.0000008e-01   4.3902989e-03   9.8412629e-13   1.0439038e-01   1.0000000e+00   4.7698548e-03
   9.5109462e+04   7.1380370e+02   2.7845130e+01   2.7890636e-14   7.4164883e+02   1.0000000e+00   4.7689709e-03
   1.0060351e+05   7.0799099e+02   2.8804725e+01   2.7946569e-14   7.3679572e+02   1.0000000e+00   4.7521358e-03
   1.1239554e+05   5.0777109e+02   2.2930946e+01   3.0401121e-14   5.3070204e+02   1.0000000e+00   4.7314131e-03
   3.8454710e+05   1.0000024e-01   2.0708098e-03   1.1870934e-12   1.0207105e-01   1.0000000e+00   4.7220815e-03
   1.2865302e+05   3.9065299e+02   1.9731257e+01   3.2496813e-14   4.1038425e+02   1.0000000e+00   4.7173088e-03
   1.5750364e+06   1.0016947e-01   3.4584495e-02   5.9112889e-13   1.3475397e-01   1.0000000e+00   4.7068533e-03
   8.6645023e+05   1.0000020e-01   9.3673768e-03   8.1603955e-13   1.0936758e-01   1.0000000e+00   4.7002940e-03
   1.3121218e+05   4.4759111e+02   2.3285576e+01   3.1405345e-14   4.7087669e+02   1.0000000e+00   4.6865117e-03
   8.5983207e+04   8.4989877e+02   3.1271319e+01   2.6691525e-14   8.8117009e+02   1.0000000e+00   4.6760520e-03
   9.4831131e+04   7.0956042e+02   2.7810592e+01   2.7933572e-14   7.3737101e+02   1.0000000e+00   4.6748530e-03
   1.8685941e+06   1.0159281e-01   6.8102507e-02   5.0242837e-13   1.6969532e-01   1.0000000e+00   4.6702150e-03
   1.0358216e+05   6.2867505e+02   2.4323913e+01   2.8816474e-14   6.5299896e+02   1.0000000e+00   4.6600696e-03
   2.3278963e+06   1.7073986e-01   1.2157777e-01   3.8641925e-13   2.9231763e-01   1.0000000e+00   4.6562590e-03
   1.1565505e+06   1.0017436e-01   2.3850777e-02   6.4815344e-13   1.2402513e-01   1.0000000e+00   4.6505514e-03
   1.8347180e+06   6.1085815e-01   4.5719446e-01   2.1485016e-13   1.0680526e+00   1.0000000e+00   4.6427024e-03
   1.1304998e+05   5.1951160e+02   2.2798550e+01   3.0229697e-14   5.4231015e+02   1.0000000e+00   4.6425613e-03
   9.6865291e+05   1.0000003e-01   1.3768381e-02   7.4066715e-13   1.1376841e-01   1.0000000e+00   4.6408942e-03
   8.4918182e+04   9.7177743e+02   3.3330932e+01   2.5807174e-14   1.0051084e+03   1.0000000e+00   4.6394980e-03
   8.1144183e+05   6.9440071e+00   1.1627889e+00   1.0259069e-13   8.1067959e+00   1.0000000e+00   4.6315251e-03
   3.8785760e+05   1.0000024e-01   2.2582496e-03   1.1616195e-12   1.0225849e-01   1.0000000e+00   4.6242872e-03
   2.1440534e+05   1.3867534e+02   9.7985959e+00   4.2539808e-14   1.4847393e+02   1.0000000e+00   4.6187102e-03
   9.3215744e+04   8.3432889e+02   2.5671005e+01   2.6866486e-14   8.5999990e+02   1.0000000e+00   4.6031868e-03
   3.6992109e+05   1.0000149e-01   1.9033420e-03   1.2124456e-12   1.0190483e-01   1.0000000e+00   4.5952438e-03
   1.0378658e+05   6.1995455e+02   2.5197869e+01   2.8905764e-14   6.4515242e+02   1.0000000e+00   4.5830213e-03
   8.4379825e+04   8.9290171e+02   3.3075289e+01   2.6354765e-14   9.2597699e+02   1.0000000e+00   4.5824062e-03
   3.0140268e+05   1.0000085e-01   1.3658941e-03   1.3174348e-12   1.0136674e-01   1.0000000e+00   4.5822696e-03
   2.6390696e+05   1.0000000e-01   1.0232983e-03   1.4162314e-12   1.0102330e-01   1.0000000e+00   4.5778507e-03
   2.1562044e+06   2.3794230e-01   1.6309216e-01   3.3292362e-13   4.0103445e-01   1.0000000e+00   4.5718092e-03
   3.8705491e+05   1.0000027e-01   2.2049070e-03   1.1685201e-12   1.0220517e-01   1.0000000e+00   4.5712320e-03
   4.6761265e+05   1.0000000e-01   3.0998736e-03   1.0731546e-12   1.0309988e-01   1.0000000e+00   4.5648199e-03
   8.9423556e+05   1.0005963e-01   1.1561189e-02   7.7325593e-13   1.1162082e-01   1.0000000e+00   4.5489115e-03
   1.2823930e+06   1.0000000e-01   2.4981760e-02   6.3983533e-13   1.2498176e-01   1.0000000e+00   4.5464533e-03
   6.2808367e+05   5.3804881e+00   2.0260360e+00   1.0708423e-13   7.4065241e+00   1.0000000e+00   4.5429420e-03
   1.5240449e+06   1.0016766e-01   3.5619453e-02   5.8674253e-13   1.3578711e-01   1.0000000e+00   4.5426980e-03
   2.1868522e+06   2.0524050e-01   1.7687261e-01   3.3918667e-13   3.8211311e-01   1.0000000e+00   4.5364233e-03
   3.3293186e+05   1.0000039e-01   1.5671329e-03   1.2728117e-12   1.0156752e-01   1.0000000e+00   4.5361598e-03
   9.5059813e+04   7.1861617e+02   2.7630085e+01   2.7845654e-14   7.4624626e+02   1.0000000e+00   4.5355894e-03
   1.8382642e+06   1.3522730e-01   8.7397290e-02   4.4121467e-13   2.2262459e-01   1.0000000e+00   4.5294646e-03
   3.1556431e+05   1.0000081e-01   1.9490087e-03   1.2118163e-12   1.0194982e-01   1.0000000e+00   4.5118298e-03
   4.4617756e+05   1.0000947e-01   2.9119859e-03   1.0899850e-12   1.0292145e-01   1.0000000e+00   4.4929237e-03
   2.9397909e+05   1.0000000e-01   1.1884993e-03   1.3643138e-12   1.0118850e-01   1.0000000e+00   4.4859946e-03
   2.1668335e+06   1.2768515e-01   1.0036827e-01   4.3268569e-13   2.2805342e-01   1.0000000e+00   4.4851829e-03
   1.2356453e+05   4.3593870e+02   1.8129340e+01   3.1659034e-14   4.5406804e+02   1.0000000e+00   4.4644011e-03
   5.7105442e+05   1.0000000e-01   5.5101694e-03   9.3091760e-13   1.0551017e-01   1.0000000e+00   4.4538331e-03
   3.7611875e+05   2.8859899e+01   5.4089279e+00   6.4550564e-14   3.4268827e+01   1.0000000e+00   4.4528365e-03
   1.0370881e+05   6.4952072e+02   2.4121375e+01   2.8591665e-14   6.7364210e+02   1.0000000e+00   4.4228643e-03
   1.2243610e+06   1.0000000e-01   1.9925665e-02   6.7671342e-13   1.1992567e-01   1.0000000e+00   4.4202995e-03
   1.5946191e+06   1.0000000e-01   5.1375689e-02   5.4025968e-13   1.5137569e-01   1.0000000e+00   4.4164445e-03
   1.0370901e+05   6.4948800e+02   2.4128775e+01   2.8591922e-14   6.7361678e+02   1.0000000e+00   4.4026778e-03
   2.1260128e+06   2.3266542e-01   1.4366872e-01   3.4455194e-13   3.7633414e-01   1.0000000e+00   4.3926190e-03
   1.1171183e+05   5.4634409e+02   2.4082191e+01   2.9839597e-14   5.7042628e+02   1.0000000e+00   4.3830135e-03
   1.1796419e+05   5.2714932e+02   2.2123065e+01   3.0151275e-14   5.4927239e+02   1.0000000e+00   4.3824860e-03
   8.6923333e+04   9.1231753e+02   3.2395446e+01   2.6216510e-14   9.4471298e+02   1.0000000e+00   4.3732091e-03
   9.3889501e+04   8.0124773e+02   2.6920645e+01   2.7117632e-14   8.2816837e+02   1.0000000e+00   4.3674033e-03
   3.8316600e+05   3.5545584e+01   4.2826112e+00   6.1439556e-14   3.9828195e+01   1.0000000e+00   4.3571493e-03
   5.5970873e+05   1.0000002e-01   5.8023248e-03   9.2104448e-13   1.0580235e-01   1.0000000e+00   4.3535966e-03
   1.0899633e+06   1.0000000e-01   1.8980622e-02   6.8461590e-13   1.1898062e-01   1.0000000e+00   4.3525526e-03
   3.8411886e+05   2.7654369e+01   5.5993331e+00   6.5171226e-14   3.3253702e+01   1.0000000e+00   4.3476886e-03
   3.4974847e+05   1.0000000e-01   1.6570742e-03   1.2554712e-12   1.0165707e-01   1.0000000e+00   4.3442570e-03
   1.8075195e+06   1.8957461e-01   1.5041029e-01   3.6134810e-13   3.3998490e-01   1.0000000e+00   4.3363625e-03
   6.3420230e+05   7.3101505e+00   1.8521815e+00   9.7407373e-14   9.1623320e+00   1.0000000e+00   4.3342540e-03
   3.2509462e+05   1.0000000e-01   1.7824485e-03   1.2341075e-12   1.0178245e-01   1.0000000e+00   4.3257825e-03
   1.0707408e+06   1.0000000e-01   1.8852494e-02   6.8598653e-13   1.1885249e-01   1.0000000e+00   4.3175523e-03
   2.1817328e+05   1.1706033e+02   1.0762729e+01   4.4320853e-14   1.2782306e+02   1.0000000e+00   4.3111015e-03
   2.4809803e+05   1.0152237e+02   8.3046517e+00   4.6163375e-14   1.0982702e+02   1.0000000e+00   4.3010864e-03
   8.2393259e+04   9.6978688e+02   3.1902616e+01   2.5825635e-14   1.0016895e+03   1.0000000e+00   4.3002903e-03
   1.1195448e+05   5.1588497e+02   2.3030656e+01   3.0279813e-14   5.3891563e+02   1.0000000e+00   4.2977864e-03
   1.2352368e+05   4.3760206e+02   1.7891359e+01   3.1635005e-14   4.5549342e+02   1.0000000e+00   4.2791481e-03
   2.0797976e+05   1.4281485e+02   9.7839541e+00   4.2230744e-14   1.5259880e+02   1.0000000e+00   4.2687845e-03
   4.8907198e+05   1.0000021e-01   4.2065109e-03   9.9658504e-13   1.0420672e-01   1.0000000e+00   4.2542681e-03
   1.0901360e+05   5.4443042e+02   2.1797445e+01   2.9896030e-14   5.6622786e+02   1.0000000e+00   4.2372710e-03
   3.4859705e+05   1.0000044e-01   1.7823393e-03   1.2324118e-12   1.0178278e-01   1.0000000e+00   4.2147776e-03
   8.4550549e+04   9.7503441e+02   3.3101381e+01   2.5786453e-14   1.0081358e+03   1.0000000e+00   4.2064383e-03
   9.6585223e+04   7.4151126e+02   2.9544281e+01   2.7615973e-14   7.7105554e+02   1.0000000e+00   4.2038849e-03
   3.6170990e+05   1.0000147e-01   1.8078571e-03   1.2282117e-12   1.0180932e-01   1.0000000e+00   4.1734129e-03
   9.8986300e+04   6.6903460e+02   2.9393492e+01   2.8327074e-14   6.9842809e+02   1.0000000e+00   4.1630052e-03
   1.7756030e+06   2.5522339e-01   1.7193083e-01   3.2416430e-13   4.2715422e-01   1.0000000e+00   4.1589350e-03
   4.6791258e+05   1.0000000e-01   3.0919292e-03   1.0738568e-12   1.0309193e-01   1.0000000e+00   4.1523742e-03
   1.7568908e+06   1.3257228e-01   8.7713183e-02   4.4460762e-13   2.2028546e-01   1.0000000e+00   4.1417024e-03
   1.0209677e+05   6.3142982e+02   2.3897996e+01   2.8789860e-14   6.5532782e+02   1.0000000e+00   4.1409291e-03
   3.7690009e+05   1.0000793e-01   2.0347800e-03   1.1922106e-12   1.0204271e-01   1.0000000e+00   4.1370520e-03
   1.0357773e+05   6.2617538e+02   2.4314050e+01   2.8844785e-14   6.5048943e+02   1.0000000e+00   4.1314409e-03
   7.9567707e+05   1.0000007e-01   8.9615586e-03   8.2380883e-13   1.0896163e-01   1.0000000e+00   4.1257193e-03
   8.9555711e+05   4.2990114e+00   1.6702173e+00   1.1138174e-13   5.9692287e+00   1.0000000e+00   4.1189437e-03
   6.5698668e+05   1.0000000e-01   5.8094897e-03   9.1784727e-13   1.0580949e-01   1.0000000e+00   4.1130956e-03
   9.2612254e+05   1.0000000e-01   1.3654422e-02   7.4248732e-13   1.1365442e-01   1.0000000e+00   4.1102085e-03
   4.6028132e+05   1.0000000e-01   3.2177053e-03   1.0632833e-12   1.0321771e-01   1.0000000e+00   4.1067651e-03
   1.5258430e+06   1.0000000e-01   3.3794086e-02   5.9452774e-13   1.3379409e-01   1.0000000e+00   4.1021322e-03
   1.6143044e+06   5.4410116e-01   4.1754676e-01   2.2645140e-13   9.6164792e-01   1.0000000e+00   4.0928658e-03
