   5.0000000e+06   1.0000000e-01   1.0000000e-02   3.0029511e-13   1.1000000e-01   1.0000000e+00             Inf
   8.2954832e+04   1.0000000e+03   1.4954163e+01   2.5432957e-14   1.0149542e+03   1.0000000e+00             Inf
   5.0000000e+06   1.0000000e-01   1.0000000e-02   3.0029511e-13   1.1000000e-01   1.0000000e+00             Inf
   9.3973091e+05   8.2912007e+00   4.1737292e-01   8.4245358e-14   8.7085737e+00   1.0000000e+00   1.4137011e-02
   5.0000000e+06   1.0000000e-01   1.2963259e-02   2.9288705e-13   1.1296326e-01   1.0000000e+00   1.4047540e-02
   9.1026649e+05   7.4066242e+00   2.2765548e-01   8.7059991e-14   7.6342797e+00   1.0000000e+00   1.3890712e-02
   1.3536581e+05   4.3370467e+02   2.7006076e+00   3.1338441e-14   4.3640528e+02   1.0000000e+00   1.3462147e-02
   1.1678559e+06   5.7443872e+00   3.9503788e-01   9.2434336e-14   6.1394251e+00   1.0000000e+00   1.3377516e-02
   9.1922521e+05   6.4099182e+00   2.6311838e-01   9.0328312e-14   6.6730365e+00   1.0000000e+00   1.3336821e-02
   1.3005110e+05   4.6697165e+02   2.8627543e+00   3.0764536e-14   4.6983441e+02   1.0000000e+00   1.3142683e-02
   4.9989403e+06   1.0000000e-01   1.4209138e-02   2.9066627e-13   1.1420914e-01   1.0000000e+00   1.2955972e-02
   1.2545420e+05   4.3954505e+02   2.7323564e+00   3.1193547e-14   4.4227741e+02   1.0000000e+00   1.2897565e-02
   4.8631494e+06   1.1617963e-01   2.6607273e-02   2.6746485e-13   1.4278691e-01   1.0000000e+00   1.2717891e-02
   1.7076670e+05   2.2042528e+02   1.5437648e+00   3.7056695e-14   2.2196905e+02   1.0000000e+00   1.2602034e-02
   4.9999756e+06   1.0000000e-01   1.2172653e-02   2.9452686e-13   1.1217265e-01   1.0000000e+00   1.2567609e-02
   4.9304756e+06   1.0000000e-01   2.1728400e-02   2.8312472e-13   1.2172840e-01   1.0000000e+00   1.2567605e-02
   9.6767739e+04   7.4513823e+02   2.9947994e+00   2.7369927e-14   7.4813303e+02   1.0000000e+00   1.2439023e-02
   1.2038660e+05   4.7545763e+02   3.2131473e+00   3.0587954e-14   4.7867078e+02   1.0000000e+00   1.2327369e-02
   4.9997366e+06   1.7347706e-01   3.3568390e-02   2.3403012e-13   2.0704545e-01   1.0000000e+00   1.1903786e-02
   1.0090973e+05   7.0093494e+02   2.4908725e+00   2.7794008e-14   7.0342582e+02   1.0000000e+00   1.1869439e-02
   1.5604294e+05   2.4362735e+02   1.7877448e+00   3.6176985e-14   2.4541510e+02   1.0000000e+00   1.1769885e-02
   1.6411281e+05   2.5026044e+02   1.6706139e+00   3.5893583e-14   2.5193105e+02   1.0000000e+00   1.1525878e-02
   4.2298720e+06   2.8252674e-01   5.2295801e-02   2.0275118e-13   3.3482254e-01   1.0000000e+00   1.1504012e-02
   1.3144471e+05   4.4592030e+02   2.7218869e+00   3.1107655e-14   4.4864219e+02   1.0000000e+00   1.1500197e-02
   1.7317309e+05   2.2982138e+02   1.5569948e+00   3.6664606e-14   2.3137838e+02   1.0000000e+00   1.1455882e-02
   4.8596940e+05   3.0206504e+01   4.7351345e-01   6.0985605e-14   3.0680017e+01   1.0000000e+00   1.1443005e-02
   1.7687380e+05   1.7345667e+02   1.3207525e+00   3.9463159e-14   1.7477742e+02   1.0000000e+00   1.1369237e-02
   1.0462803e+05   6.2328090e+02   2.6516306e+00   2.8609122e-14   6.2593253e+02   1.0000000e+00   1.1349795e-02
   4.9877828e+06   1.0898825e-01   2.1254134e-02   2.7528593e-13   1.3024238e-01   1.0000000e+00   1.1141125e-02
   3.5174592e+05   6.4677963e+01   1.4375869e+00   5.0340422e-14   6.6115550e+01   1.0000000e+00   1.1070777e-02
   4.9285806e+06   1.3210925e-01   2.6809916e-02   2.5643090e-13   1.5891917e-01   1.0000000e+00   1.0983318e-02
   1.7723255e+05   1.8200453e+02   1.3120700e+00   3.8942565e-14   1.8331660e+02   1.0000000e+00   1.0961446e-02
   8.8973491e+04   8.7153027e+02   3.1780065e+00   2.6328316e-14   8.7470828e+02   1.0000000e+00   1.0862148e-02
   4.9983695e+06   1.6419832e-01   2.8150714e-02   2.3991469e-13   1.9234903e-01   1.0000000e+00   1.0794933e-02
   1.7650402e+05   1.8824471e+02   1.3007054e+00   3.8597798e-14   1.8954541e+02   1.0000000e+00   1.0752521e-02
   8.8686309e+04   8.6480034e+02   3.0014555e+00   2.6380159e-14   8.6780179e+02   1.0000000e+00   1.0723578e-02
   1.1904779e+05   4.9771296e+02   2.6286290e+00   3.0249758e-14   5.0034159e+02   1.0000000e+00   1.0684767e-02
   5.0000000e+06   1.1313707e-01   2.4847045e-02   2.6959894e-13   1.3798411e-01   1.0000000e+00   1.0597205e-02
   9.9268381e+04   7.2844959e+02   2.5954811e+00   2.7530201e-14   7.3104507e+02   1.0000000e+00   1.0592995e-02
   1.6551780e+05   2.3988897e+02   1.5286730e+00   3.6281209e-14   2.4141764e+02   1.0000000e+00   1.0553993e-02
   9.0770183e+04   8.9423694e+02   3.5075222e+00   2.6167377e-14   8.9774446e+02   1.0000000e+00   1.0328284e-02
   4.9958800e+06   1.1180631e-01   2.0872811e-02   2.7334351e-13   1.3267912e-01   1.0000000e+00   1.0283585e-02
   8.7454605e+05   6.8600351e+00   2.2229440e-01   8.9023926e-14   7.0823295e+00   1.0000000e+00   1.0245975e-02
   1.0879082e+05   5.9820782e+02   2.9892586e+00   2.8899812e-14   6.0119707e+02   1.0000000e+00   1.0245148e-02
   5.0000000e+06   2.4237973e-01   3.5215589e-02   2.1453442e-13   2.7759532e-01   1.0000000e+00   1.0132290e-02
   2.6827740e+06   8.9700456e-01   7.9305563e-02   1.5000509e-13   9.7631012e-01   1.0000000e+00   1.0119336e-02
   4.4771830e+06   2.7066132e-01   5.1271009e-02   2.0488369e-13   3.2193233e-01   1.0000000e+00   1.0042820e-02
   1.7941710e+05   2.0250476e+02   1.3059342e+00   3.7852772e-14   2.0381069e+02   1.0000000e+00   9.9691024e-03
   4.8580279e+05   3.2328197e+01   6.1161226e-01   5.9932472e-14   3.2939809e+01   1.0000000e+00   9.9689346e-03
   2.3397057e+06   1.2365851e+00   1.0491669e-01   1.3756812e-13   1.3415018e+00   1.0000000e+00   9.9626008e-03
   4.9571378e+06   2.4190469e-01   3.2918362e-02   2.1546037e-13   2.7482305e-01   1.0000000e+00   9.9278860e-03
   9.3990332e+04   8.0750691e+02   3.0782400e+00   2.6832606e-14   8.1058515e+02   1.0000000e+00   9.9276792e-03
   5.7365604e+05   2.6378705e+01   3.4725031e-01   6.3449337e-14   2.6725955e+01   1.0000000e+00   9.9139609e-03
   4.8488311e+06   1.7959920e-01   3.4755589e-02   2.3180180e-13   2.1435479e-01   1.0000000e+00   9.9059843e-03
   2.6827739e+06   8.2128418e-01   6.7504228e-02   1.5405164e-13   8.8878840e-01   1.0000000e+00   9.8228413e-03
   9.7630429e+04   7.0818639e+02   2.6112937e+00   2.7719962e-14   7.1079769e+02   1.0000000e+00   9.8021138e-03
   4.4270199e+06   2.6525083e-01   4.7037943e-02   2.0672624e-13   3.1228877e-01   1.0000000e+00   9.7717519e-03
   8.5033211e+04   9.2568425e+02   3.7160997e+00   2.5937118e-14   9.2940035e+02   1.0000000e+00   9.7324008e-03
   8.3288252e+05   1.1030348e+01   3.4676920e-01   7.8606655e-14   1.1377117e+01   1.0000000e+00   9.7274065e-03
   1.1124038e+05   5.5030211e+02   2.8581932e+00   2.9503008e-14   5.5316030e+02   1.0000000e+00   9.7054145e-03
   4.9895084e+06   1.0000000e-01   1.5980654e-02   2.8814747e-13   1.1598065e-01   1.0000000e+00   9.6917282e-03
   5.0000000e+06   2.1523176e-01   3.7177543e-02   2.2006575e-13   2.5240930e-01   1.0000000e+00   9.6901495e-03
   8.9290761e+04   9.6263748e+02   3.8674805e+00   2.5705064e-14   9.6650496e+02   1.0000000e+00   9.6709342e-03
   4.9955448e+06   1.1998180e-01   2.3860710e-02   2.6534919e-13   1.4384250e-01   1.0000000e+00   9.6454844e-03
   1.9113452e+05   2.0944100e+02   1.2841284e+00   3.7561887e-14   2.1072513e+02   1.0000000e+00   9.6121569e-03
   9.5979324e+04   7.7573323e+02   3.0236799e+00   2.7100890e-14   7.7875691e+02   1.0000000e+00   9.5872235e-03
   4.0889909e+05   4.5816566e+01   6.0384525e-01   5.4952309e-14   4.6420411e+01   1.0000000e+00   9.5529197e-03
   3.4137310e+05   6.9201960e+01   1.3393909e+00   4.9514496e-14   7.0541351e+01   1.0000000e+00   9.5288125e-03
   8.7805880e+04   8.6125611e+02   2.8697252e+00   2.6409652e-14   8.6412583e+02   1.0000000e+00   9.4961502e-03
   9.4453367e+04   7.3708594e+02   3.0503809e+00   2.7446001e-14   7.4013632e+02   1.0000000e+00   9.4657492e-03
   1.1555474e+06   4.9472443e+00   3.0014183e-01   9.5987497e-14   5.2473861e+00   1.0000000e+00   9.4610638e-03
   1.4548758e+05   2.8173639e+02   1.5369935e+00   3.4898898e-14   2.8327339e+02   1.0000000e+00   9.4409015e-03
   4.9181980e+06   3.3678914e-01   5.1683074e-02   1.9542375e-13   3.8847221e-01   1.0000000e+00   9.3425550e-03
   6.9867979e+05   1.4743788e+01   5.4570673e-01   7.2872746e-14   1.5289495e+01   1.0000000e+00   9.2874098e-03
   1.5059282e+05   2.6685181e+02   2.0316445e+00   3.5350737e-14   2.6888346e+02   1.0000000e+00   9.2743995e-03
   2.6002719e+06   7.5622591e-01   7.3717454e-02   1.5709803e-13   8.2994336e-01   1.0000000e+00   9.2658822e-03
   9.3921919e+04   7.3593781e+02   2.9206098e+00   2.7459752e-14   7.3885842e+02   1.0000000e+00   9.2646113e-03
   3.0475871e+06   6.1774353e-01   8.7648133e-02   1.6413563e-13   7.0539166e-01   1.0000000e+00   9.1659749e-03
   4.9032142e+06   1.0000000e-01   1.5606041e-02   2.8932666e-13   1.1560604e-01   1.0000000e+00   9.1656190e-03
   3.7309667e+05   4.7437529e+01   1.2859845e+00   5.4314712e-14   4.8723514e+01   1.0000000e+00   9.1458237e-03
   9.3766927e+04   8.0196600e+02   3.0637888e+00   2.6877196e-14   8.0502979e+02   1.0000000e+00   9.0952708e-03
   4.9999931e+06   1.5464350e-01   2.8971910e-02   2.4353639e-13   1.8361542e-01   1.0000000e+00   9.0838673e-03
   1.1248486e+05   4.5013164e+02   3.3704752e+00   3.1072696e-14   4.5350211e+02   1.0000000e+00   9.0830622e-03
   8.3056923e+05   1.0194633e+01   3.9744200e-01   8.0015785e-14   1.0592075e+01   1.0000000e+00   9.0231684e-03
   1.0472196e+05   6.2893749e+02   2.6500157e+00   2.8545186e-14   6.3158750e+02   1.0000000e+00   9.0195985e-03
   8.9439054e+04   8.5521021e+02   3.2173322e+00   2.6451353e-14   8.5842754e+02   1.0000000e+00   9.0020178e-03
   1.7503478e+05   1.9614741e+02   1.5315074e+00   3.8178517e-14   1.9767892e+02   1.0000000e+00   8.9173488e-03
   2.6674586e+06   7.1598056e-01   8.6980212e-02   1.5858870e-13   8.0296077e-01   1.0000000e+00   8.9149109e-03
   1.9553128e+05   1.6026179e+02   1.3083713e+00   4.0143705e-14   1.6157016e+02   1.0000000e+00   8.7832705e-03
   5.0000000e+06   1.2720265e-01   2.3433924e-02   2.6094877e-13   1.5063657e-01   1.0000000e+00   8.7669359e-03
   4.9582385e+06   2.2118455e-01   4.1912313e-02   2.1725929e-13   2.6309686e-01   1.0000000e+00   8.7546114e-03
   1.9072653e+05   1.5091704e+02   1.1633327e+00   4.0848767e-14   1.5208037e+02   1.0000000e+00   8.7432956e-03
   1.2897827e+06   4.6815736e+00   2.8568322e-01   9.7502638e-14   4.9672568e+00   1.0000000e+00   8.7040983e-03
   4.9954149e+06   1.3965976e-01   2.7157684e-02   2.5170002e-13   1.6681745e-01   1.0000000e+00   8.6902270e-03
   2.6381364e+06   9.0714319e-01   9.1625722e-02   1.4899356e-13   9.9876891e-01   1.0000000e+00   8.6780363e-03
   4.9684350e+06   1.3569372e-01   2.9310087e-02   2.5296430e-13   1.6500381e-01   1.0000000e+00   8.6555312e-03
   8.4980015e+05   9.8352171e+00   3.7457541e-01   8.0770622e-14   1.0209793e+01   1.0000000e+00   8.6397151e-03
   4.9956479e+06   1.3435496e-01   2.7047938e-02   2.5464645e-13   1.6140290e-01   1.0000000e+00   8.5640578e-03
   4.9522782e+06   1.0811383e-01   1.9999568e-02   2.7727542e-13   1.2811340e-01   1.0000000e+00   8.5436986e-03
   3.8241051e+06   3.9525123e-01   6.7390065e-02   1.8468430e-13   4.6264129e-01   1.0000000e+00   8.5290832e-03
   2.1825656e+05   1.5678601e+02   1.3997177e+00   4.0345994e-14   1.5818573e+02   1.0000000e+00   8.5229905e-03
   1.5342120e+06   3.0646849e+00   1.4445018e-01   1.0915813e-13   3.2091351e+00   1.0000000e+00   8.5047703e-03
   2.3042796e+05   1.1986823e+02   1.2569366e+00   4.3134784e-14   1.2112516e+02   1.0000000e+00   8.4926281e-03
   1.0569087e+05   6.1782684e+02   2.7063377e+00   2.8670843e-14   6.2053318e+02   1.0000000e+00   8.4568598e-03
   1.1686047e+05   5.3461398e+02   2.5783160e+00   2.9724639e-14   5.3719230e+02   1.0000000e+00   8.4533187e-03
   5.4774867e+05   1.8825331e+01   4.8321808e-01   6.8729949e-14   1.9308550e+01   1.0000000e+00   8.4397573e-03
   1.1658849e+05   5.1838310e+02   2.5900248e+00   2.9946683e-14   5.2097313e+02   1.0000000e+00   8.3982173e-03
   1.4235938e+05   3.5104523e+02   1.6532683e+00   3.3004507e-14   3.5269849e+02   1.0000000e+00   8.3945775e-03
   2.4684227e+05   1.0992252e+02   1.1406463e+00   4.4069977e-14   1.1106316e+02   1.0000000e+00   8.3927134e-03
   2.6744728e+06   8.4185141e-01   8.1805202e-02   1.5223335e-13   9.2365662e-01   1.0000000e+00   8.3912754e-03
   1.7401558e+05   1.6479495e+02   1.3305560e+00   4.0082228e-14   1.6612550e+02   1.0000000e+00   8.3462564e-03
   1.0487955e+05   6.0370511e+02   2.9854990e+00   2.8834963e-14   6.0669061e+02   1.0000000e+00   8.3078979e-03
   5.0135523e+05   3.4690430e+01   2.7072126e-01   5.9405032e-14   3.4961151e+01   1.0000000e+00   8.2880362e-03
   5.7393347e+05   1.6152345e+01   3.9220109e-01   7.1589152e-14   1.6544546e+01   1.0000000e+00   8.2795655e-03
   2.4494479e+05   1.4460123e+02   1.8700716e+00   4.1268882e-14   1.4647130e+02   1.0000000e+00   8.2681976e-03
   1.3650896e+06   3.7345857e+00   3.0369674e-01   1.0294971e-13   4.0382824e+00   1.0000000e+00   8.2632808e-03
   2.9250877e+05   8.8962312e+01   1.1591770e+00   4.6482421e-14   9.0121489e+01   1.0000000e+00   8.2523287e-03
   1.6856699e+05   2.8485480e+02   1.6351320e+00   3.4817994e-14   2.8648994e+02   1.0000000e+00   8.2342721e-03
   5.0000000e+06   1.4229754e-01   2.8907818e-02   2.4945327e-13   1.7120536e-01   1.0000000e+00   8.1730149e-03
   1.4636758e+06   3.1660308e+00   1.2980421e-01   1.0841361e-13   3.2958350e+00   1.0000000e+00   8.1647368e-03
   2.7193630e+06   8.5641492e-01   7.8687016e-02   1.5175774e-13   9.3510194e-01   1.0000000e+00   8.1587061e-03
   9.5557690e+04   6.8007208e+02   2.4516279e+00   2.8017849e-14   6.8252371e+02   1.0000000e+00   8.1418706e-03
   1.2887321e+05   4.6349527e+02   2.6625418e+00   3.0811346e-14   4.6615781e+02   1.0000000e+00   8.1285589e-03
   1.0717406e+05   5.6411262e+02   2.8796126e+00   2.9328374e-14   5.6699224e+02   1.0000000e+00   8.1117769e-03
   2.1568220e+05   1.3090764e+02   1.4570676e+00   4.2210952e-14   1.3236471e+02   1.0000000e+00   8.0924630e-03
   9.6284113e+04   7.8522969e+02   3.0418488e+00   2.7022344e-14   7.8827154e+02   1.0000000e+00   8.0545110e-03
   1.9284512e+06   1.8006590e+00   1.1066739e-01   1.2514158e-13   1.9113264e+00   1.0000000e+00   8.0439899e-03
   4.9688479e+06   2.1232411e-01   4.5060665e-02   2.1877875e-13   2.5738477e-01   1.0000000e+00   8.0227282e-03
   1.5402389e+05   3.0388074e+02   1.6835044e+00   3.4208978e-14   3.0556424e+02   1.0000000e+00   8.0104738e-03
   4.4490728e+06   3.1214264e-01   6.0744269e-02   1.9647829e-13   3.7288691e-01   1.0000000e+00   8.0004505e-03
   4.9985393e+06   1.8503901e-01   3.3099506e-02   2.3019291e-13   2.1813852e-01   1.0000000e+00   7.9931002e-03
   1.8490809e+06   2.2637009e+00   1.9212909e-01   1.1733753e-13   2.4558300e+00   1.0000000e+00   7.9883438e-03
   9.4528779e+04   7.5990080e+02   2.9368361e+00   2.7237721e-14   7.6283763e+02   1.0000000e+00   7.9258342e-03
   8.2787907e+04   9.5256768e+02   3.8500717e+00   2.5756773e-14   9.5641775e+02   1.0000000e+00   7.9166741e-03
   4.9970356e+06   1.6559612e-01   2.3775184e-02   2.4197249e-13   1.8937130e-01   1.0000000e+00   7.8992485e-03
   1.9289095e+05   2.0488197e+02   1.3723529e+00   3.7760965e-14   2.0625432e+02   1.0000000e+00   7.8715908e-03
   4.5905638e+05   2.3678803e+01   4.2926427e-01   6.5188968e-14   2.4108068e+01   1.0000000e+00   7.8573223e-03
   1.2879817e+06   4.5065699e+00   3.2127283e-01   9.8266295e-14   4.8278427e+00   1.0000000e+00   7.8561244e-03
   2.6887023e+05   1.1676149e+02   1.1464248e+00   4.3531101e-14   1.1790791e+02   1.0000000e+00   7.8420140e-03
   9.0767599e+04   8.8425580e+02   2.9112940e+00   2.6241688e-14   8.8716710e+02   1.0000000e+00   7.8310576e-03
   1.6346625e+05   2.5388334e+02   1.7047636e+00   3.5764232e-14   2.5558810e+02   1.0000000e+00   7.8290678e-03
   8.8298879e+04   8.8684494e+02   3.5374896e+00   2.6213136e-14   8.9038243e+02   1.0000000e+00   7.8103244e-03
   9.1224085e+04   8.4730928e+02   2.9155676e+00   2.6515363e-14   8.5022485e+02   1.0000000e+00   7.8054167e-03
   9.1400996e+04   8.9772049e+02   2.9131840e+00   2.6150745e-14   9.0063367e+02   1.0000000e+00   7.8035860e-03
   2.2871535e+05   1.2289140e+02   1.1915556e+00   4.2869259e-14   1.2408296e+02   1.0000000e+00   7.7865459e-03
   2.5421688e+05   1.0548540e+02   1.1354080e+00   4.4523359e-14   1.0662081e+02   1.0000000e+00   7.7722631e-03
   3.9396841e+06   4.4993165e-01   6.5897149e-02   1.7923256e-13   5.1582880e-01   1.0000000e+00   7.7702954e-03
   1.1954804e+05   4.9038274e+02   2.5992953e+00   3.0360934e-14   4.9298204e+02   1.0000000e+00   7.7632251e-03
   1.3991236e+05   3.4402954e+02   1.5281136e+00   3.3172129e-14   3.4555765e+02   1.0000000e+00   7.7411166e-03
   3.7568756e+06   4.4789849e-01   5.4638791e-02   1.8045955e-13   5.0253728e-01   1.0000000e+00   7.7229706e-03
   2.5953539e+06   7.7614300e-01   7.3098727e-02   1.5605439e-13   8.4924173e-01   1.0000000e+00   7.7071216e-03
   4.9903447e+06   1.1744501e-01   2.5610680e-02   2.6610465e-13   1.4305569e-01   1.0000000e+00   7.6982229e-03
   3.3867587e+05   6.2349309e+01   1.4486874e+00   5.0731052e-14   6.3797997e+01   1.0000000e+00   7.6925241e-03
   9.2251752e+05   7.1893206e+00   2.2699006e-01   8.7713391e-14   7.4163106e+00   1.0000000e+00   7.6890397e-03
   1.2040474e+05   4.5453238e+02   2.7047652e+00   3.0938939e-14   4.5723715e+02   1.0000000e+00   7.6813049e-03
   4.1011483e+05   3.9678806e+01   5.5846492e-01   5.6924467e-14   4.0237271e+01   1.0000000e+00   7.6793838e-03
   4.7607808e+05   3.5951216e+01   3.9718435e-01   5.8577593e-14   3.6348400e+01   1.0000000e+00   7.6550101e-03
   1.4282090e+05   3.8121375e+02   1.6778870e+00   3.2364728e-14   3.8289163e+02   1.0000000e+00   7.6425190e-03
   1.2980024e+05   4.0134094e+02   1.5808783e+00   3.1926336e-14   4.0292182e+02   1.0000000e+00   7.6365614e-03
   4.4289717e+06   3.0597649e-01   5.9191606e-02   1.9761646e-13   3.6516809e-01   1.0000000e+00   7.6350870e-03
   4.8532659e+05   2.8393430e+01   4.2269822e-01   6.1960856e-14   2.8816128e+01   1.0000000e+00   7.6242834e-03
   1.6270300e+05   2.7617635e+02   1.5472743e+00   3.5038656e-14   2.7772362e+02   1.0000000e+00   7.6105763e-03
   2.5654717e+05   7.7637571e+01   1.3506561e+00   4.8292474e-14   7.8988227e+01   1.0000000e+00   7.5992204e-03
   9.4103801e+04   8.1173805e+02   3.0781104e+00   2.6799011e-14   8.1481616e+02   1.0000000e+00   7.5653870e-03
   1.9763297e+06   1.3376259e+00   1.4431089e-01   1.3442824e-13   1.4819368e+00   1.0000000e+00   7.5580166e-03
   2.2442613e+05   1.3730058e+02   1.1767744e+00   4.1694584e-14   1.3847735e+02   1.0000000e+00   7.5461579e-03
   5.0000000e+06   1.0000000e-01   1.8583025e-02   2.8512840e-13   1.1858303e-01   1.0000000e+00   7.5444572e-03
   1.2956850e+05   4.2226371e+02   2.6963965e+00   3.1507455e-14   4.2496011e+02   1.0000000e+00   7.5389246e-03
   3.1700444e+06   5.5826477e-01   5.6889983e-02   1.7056749e-13   6.1515476e-01   1.0000000e+00   7.5380693e-03
   1.0236356e+05   6.9196791e+02   2.4807597e+00   2.7885330e-14   6.9444867e+02   1.0000000e+00   7.4998961e-03
   4.1071216e+05   2.8080603e+01   5.7716647e-01   6.2533523e-14   2.8657769e+01   1.0000000e+00   7.4749719e-03
   4.5599603e+06   2.5526455e-01   4.9585050e-02   2.0818934e-13   3.0484960e-01   1.0000000e+00   7.4675338e-03
   3.1057237e+06   6.3024505e-01   9.1085433e-02   1.6310775e-13   7.2133049e-01   1.0000000e+00   7.4427306e-03
   1.5236338e+06   3.3722715e+00   1.2845175e-01   1.0699293e-13   3.5007232e+00   1.0000000e+00   7.4295308e-03
   2.4276638e+06   1.2842394e+00   1.0774406e-01   1.3643971e-13   1.3919835e+00   1.0000000e+00   7.4228615e-03
   4.9987948e+06   1.0023896e-01   1.1318834e-02   2.9634103e-13   1.1155780e-01   1.0000000e+00   7.4065668e-03
   1.0128246e+05   6.6739136e+02   2.6790357e+00   2.8128704e-14   6.7007040e+02   1.0000000e+00   7.3812011e-03
   1.1145878e+06   5.4377947e+00   3.0079030e-01   9.3752196e-14   5.7385850e+00   1.0000000e+00   7.3737130e-03
   9.2576241e+04   8.4349543e+02   3.0507178e+00   2.6547071e-14   8.4654614e+02   1.0000000e+00   7.3636068e-03
   9.4798367e+05   9.3235339e+00   3.4356528e-01   8.2139994e-14   9.6670992e+00   1.0000000e+00   7.3605107e-03
   1.6368853e+05   2.6216251e+02   1.6864438e+00   3.5481969e-14   2.6384895e+02   1.0000000e+00   7.3413034e-03
   8.2840414e+04   9.3185282e+02   3.7388516e+00   2.5901625e-14   9.3559167e+02   1.0000000e+00   7.3157810e-03
   9.8007193e+04   6.9659404e+02   2.5803611e+00   2.7834350e-14   6.9917440e+02   1.0000000e+00   7.3019649e-03
   1.0094715e+05   6.6109682e+02   2.7722976e+00   2.8194494e-14   6.6386911e+02   1.0000000e+00   7.2941469e-03
   8.8275690e+04   9.6781262e+02   3.5920107e+00   2.5666757e-14   9.7140463e+02   1.0000000e+00   7.2887971e-03
   1.2788631e+05   4.2675221e+02   2.7118258e+00   3.1423386e-14   4.2946404e+02   1.0000000e+00   7.2764759e-03
   9.9332799e+04   6.7151175e+02   2.4940110e+00   2.8090039e-14   6.7400576e+02   1.0000000e+00   7.2695694e-03
   1.2389753e+05   5.0413410e+02   2.9872723e+00   3.0175357e-14   5.0712138e+02   1.0000000e+00   7.2694604e-03
   1.6443830e+05   2.5729394e+02   1.6724582e+00   3.5647135e-14   2.5896640e+02   1.0000000e+00   7.2639499e-03
   5.0000000e+06   1.1017514e-01   1.8803220e-02   2.7640479e-13   1.2897836e-01   1.0000000e+00   7.2402572e-03
   5.7926269e+05   2.0856982e+01   3.2677037e-01   6.7032677e-14   2.1183753e+01   1.0000000e+00   7.2190199e-03
   3.5982129e+06   5.9671596e-01   9.5149791e-02   1.6561914e-13   6.9186575e-01   1.0000000e+00   7.1886791e-03
   2.6657159e+06   9.6924158e-01   7.2853857e-02   1.4763764e-13   1.0420954e+00   1.0000000e+00   7.1743747e-03
   2.7573739e+06   7.1702309e-01   6.5982881e-02   1.5953569e-13   7.8300597e-01   1.0000000e+00   7.1687658e-03
   9.7027958e+04   7.9107805e+02   3.0947852e+00   2.6977681e-14   7.9417283e+02   1.0000000e+00   7.1572353e-03
   1.8613106e+06   1.8812236e+00   1.1045886e-01   1.2377366e-13   1.9916825e+00   1.0000000e+00   7.1558901e-03
   5.5961186e+05   1.7534782e+01   3.8060639e-01   7.0090663e-14   1.7915388e+01   1.0000000e+00   7.1536792e-03
   4.2453007e+06   3.9070702e-01   4.7066713e-02   1.8828291e-13   4.3777373e-01   1.0000000e+00   7.1533680e-03
   1.9396930e+05   1.6733162e+02   1.2997675e+00   3.9702623e-14   1.6863139e+02   1.0000000e+00   7.1437780e-03
   2.7344470e+05   7.9831556e+01   1.4810043e+00   4.7752777e-14   8.1312560e+01   1.0000000e+00   7.1208541e-03
   1.0574925e+05   5.4063990e+02   2.7780096e+00   2.9663306e-14   5.4341791e+02   1.0000000e+00   7.0805224e-03
   3.5425827e+06   5.3017135e-01   7.0206687e-02   1.7159177e-13   6.0037803e-01   1.0000000e+00   7.0759936e-03
   1.3711247e+05   3.2591165e+02   1.7003218e+00   3.3640627e-14   3.2761197e+02   1.0000000e+00   7.0518274e-03
   1.0582448e+05   6.5700233e+02   2.6871410e+00   2.8246289e-14   6.5968947e+02   1.0000000e+00   7.0436053e-03
   5.0000000e+06   1.4407583e-01   3.4457330e-02   2.4638835e-13   1.7853316e-01   1.0000000e+00   7.0243751e-03
   4.9467887e+06   1.9805333e-01   3.6822727e-02   2.2492681e-13   2.3487606e-01   1.0000000e+00   7.0121825e-03
   1.2947948e+05   3.6665230e+02   1.7723245e+00   3.2668482e-14   3.6842462e+02   1.0000000e+00   6.9864719e-03
   3.0082870e+05   8.1687995e+01   1.4004893e+00   4.7445741e-14   8.3088485e+01   1.0000000e+00   6.9726643e-03
   1.1675151e+05   5.0058736e+02   2.6624750e+00   3.0205043e-14   5.0324983e+02   1.0000000e+00   6.9513055e-03
   1.4248043e+05   3.7254107e+02   1.5922956e+00   3.2540168e-14   3.7413336e+02   1.0000000e+00   6.9453328e-03
   1.7980647e+06   2.5381153e+00   1.9405837e-01   1.1419109e-13   2.7321736e+00   1.0000000e+00   6.9348784e-03
   5.0000000e+06   1.2323887e-01   2.3416819e-02   2.6345444e-13   1.4665569e-01   1.0000000e+00   6.9031383e-03
   3.9162729e+05   5.1266903e+01   6.1495388e-01   5.3454300e-14   5.1881857e+01   1.0000000e+00   6.8957177e-03
   4.8832066e+06   2.0616737e-01   4.1237583e-02   2.2143950e-13   2.4740496e-01   1.0000000e+00   6.8578555e-03
   3.3492420e+06   4.9672354e-01   6.6234125e-02   1.7467059e-13   5.6295767e-01   1.0000000e+00   6.8394410e-03
   9.6223119e+04   7.6913767e+02   2.9679275e+00   2.7158168e-14   7.7210560e+02   1.0000000e+00   6.8371320e-03
   4.2351277e+06   2.9089164e-01   5.2567744e-02   2.0115750e-13   3.4345939e-01   1.0000000e+00   6.8185727e-03
   8.7291566e+04   8.2177991e+02   2.7944447e+00   2.6730529e-14   8.2457435e+02   1.0000000e+00   6.8071275e-03
   4.9587678e+06   2.4486151e-01   3.9229265e-02   2.1267790e-13   2.8409078e-01   1.0000000e+00   6.8069498e-03
   6.8353968e+05   1.6489862e+01   4.1354212e-01   7.1034121e-14   1.6903404e+01   1.0000000e+00   6.8025715e-03
   2.2067082e+06   1.3911997e+00   1.1346199e-01   1.3337179e-13   1.5046617e+00   1.0000000e+00   6.7859592e-03
   1.1133314e+05   5.5560601e+02   2.7848148e+00   2.9433552e-14   5.5839082e+02   1.0000000e+00   6.7705645e-03
   7.2525797e+05   8.8441023e+00   3.8738480e-01   8.3606852e-14   9.2314870e+00   1.0000000e+00   6.7604910e-03
   4.9420626e+06   1.4388292e-01   3.3536618e-02   2.4708782e-13   1.7741954e-01   1.0000000e+00   6.7490408e-03
   2.4099692e+06   1.1800492e+00   1.0639738e-01   1.3914947e-13   1.2864466e+00   1.0000000e+00   6.7396441e-03
   2.0535641e+05   1.7624170e+02   1.9505515e+00   3.9167131e-14   1.7819226e+02   1.0000000e+00   6.7388799e-03
   5.0000000e+06   1.0157406e-01   2.5457774e-02   2.7875260e-13   1.2703183e-01   1.0000000e+00   6.7367028e-03
   4.9069549e+06   2.6711842e-01   5.2061017e-02   2.0550733e-13   3.1917943e-01   1.0000000e+00   6.7130214e-03
   1.0997192e+05   5.6025191e+02   2.8253777e+00   2.9372881e-14   5.6307728e+02   1.0000000e+00   6.7069003e-03
   8.6106860e+04   9.0158068e+02   3.8574502e+00   2.6106234e-14   9.0543813e+02   1.0000000e+00   6.7057027e-03
   8.6159051e+04   9.4666970e+02   3.2000240e+00   2.5796428e-14   9.4986973e+02   1.0000000e+00   6.6733654e-03
   2.2896815e+05   1.2691155e+02   1.1848797e+00   4.2519674e-14   1.2809643e+02   1.0000000e+00   6.6496690e-03
   1.0221985e+05   6.8565202e+02   2.4820840e+00   2.7946640e-14   6.8813410e+02   1.0000000e+00   6.6088911e-03
   8.7641097e+04   9.4999981e+02   3.2080546e+00   2.5778993e-14   9.5320786e+02   1.0000000e+00   6.5965207e-03
   1.4152646e+05   2.8882426e+02   2.0404489e+00   3.4691656e-14   2.9086471e+02   1.0000000e+00   6.5692947e-03
   4.9979035e+06   1.0000000e-01   1.7144412e-02   2.8666318e-13   1.1714441e-01   1.0000000e+00   6.5691123e-03
   4.7296759e+05   3.7436881e+01   5.8993972e-01   5.7900510e-14   3.8026821e+01   1.0000000e+00   6.5686973e-03
   8.5492995e+04   9.1014458e+02   3.6634576e+00   2.6046675e-14   9.1380804e+02   1.0000000e+00   6.5448963e-03
   4.2453007e+06   3.0690250e-01   5.1426255e-02   1.9857295e-13   3.5832875e-01   1.0000000e+00   6.5366329e-03
   2.5665488e+05   9.1881890e+01   1.1611924e+00   4.6120351e-14   9.3043083e+01   1.0000000e+00   6.5350807e-03
   1.4458173e+06   4.1594993e+00   1.7552108e-01   1.0131275e-13   4.3350203e+00   1.0000000e+00   6.4915708e-03
   3.7621053e+06   4.1768112e-01   5.4344925e-02   1.8357406e-13   4.7202605e-01   1.0000000e+00   6.4810357e-03
   1.0140731e+05   6.8643911e+02   2.4923144e+00   2.7936794e-14   6.8893143e+02   1.0000000e+00   6.4452653e-03
   4.2209501e+06   3.6558636e-01   5.7596854e-02   1.8942242e-13   4.2318322e-01   1.0000000e+00   6.4408947e-03
   1.1426737e+06   5.1451765e+00   3.0813386e-01   9.5033794e-14   5.4533104e+00   1.0000000e+00   6.4323453e-03
   1.0638073e+05   5.8656054e+02   3.0340344e+00   2.9041037e-14   5.8959457e+02   1.0000000e+00   6.4282549e-03
   9.3929601e+04   7.9638852e+02   2.8121597e+00   2.6925332e-14   7.9920068e+02   1.0000000e+00   6.4250209e-03
   1.5254048e+05   3.2253918e+02   1.6333926e+00   3.3720238e-14   3.2417257e+02   1.0000000e+00   6.4233796e-03
   1.0999448e+05   5.7871754e+02   2.9984103e+00   2.9136745e-14   5.8171595e+02   1.0000000e+00   6.4205671e-03
   2.4713372e+06   1.0307391e+00   8.9260291e-02   1.4443734e-13   1.1199994e+00   1.0000000e+00   6.3872716e-03
   4.2756289e+06   2.9616606e-01   5.4874584e-02   1.9985539e-13   3.5104064e-01   1.0000000e+00   6.3677338e-03
   4.3453359e+06   3.3103293e-01   5.8636811e-02   1.9391492e-13   3.8966974e-01   1.0000000e+00   6.3666082e-03
   1.0336492e+05   6.6429954e+02   2.4919262e+00   2.8164921e-14   6.6679147e+02   1.0000000e+00   6.3499338e-03
   2.5637231e+05   1.1413083e+02   1.0778709e+00   4.3687833e-14   1.1520871e+02   1.0000000e+00   6.3393116e-03
   5.7076646e+05   1.8044834e+01   3.8968501e-01   6.9482535e-14   1.8434519e+01   1.0000000e+00   6.3233155e-03
   4.9998670e+06   1.0889269e-01   2.5613854e-02   2.7246051e-13   1.3450654e-01   1.0000000e+00   6.3136442e-03
   5.0000000e+06   1.1319087e-01   2.3506235e-02   2.7037597e-13   1.3669711e-01   1.0000000e+00   6.3083609e-03
   9.5747376e+04   6.7478881e+02   2.4545079e+00   2.8073301e-14   6.7724332e+02   1.0000000e+00   6.3015317e-03
   3.6532508e+06   5.4410694e-01   9.4728805e-02   1.6923057e-13   6.3883575e-01   1.0000000e+00   6.3000955e-03
   1.1297861e+05   5.2585730e+02   2.8042293e+00   2.9838278e-14   5.2866153e+02   1.0000000e+00   6.2829918e-03
   1.6456156e+05   2.3436017e+02   1.5402277e+00   3.6500899e-14   2.3590039e+02   1.0000000e+00   6.2685549e-03
   4.0020507e+05   5.4276890e+01   6.0351216e-01   5.2834415e-14   5.4880402e+01   1.0000000e+00   6.2600401e-03
   1.3180027e+06   3.8210542e+00   3.0920854e-01   1.0233962e-13   4.1302627e+00   1.0000000e+00   6.2479660e-03
   3.6694203e+05   4.9716876e+01   1.2895855e+00   5.3680562e-14   5.1006461e+01   1.0000000e+00   6.2424861e-03
   1.3619288e+05   3.5674721e+02   1.8157649e+00   3.2868239e-14   3.5856297e+02   1.0000000e+00   6.2295825e-03
   2.9877916e+06   5.7403826e-01   8.2266717e-02   1.6772110e-13   6.5630497e-01   1.0000000e+00   6.2187798e-03
   8.8135835e+04   8.2774543e+02   2.9470078e+00   2.6674684e-14   8.3069244e+02   1.0000000e+00   6.2098601e-03
   4.9958800e+06   1.0000000e-01   1.0843627e-02   2.9781697e-13   1.1084363e-01   1.0000000e+00   6.2067682e-03
   2.5257422e+06   1.0725042e+00   1.0249253e-01   1.4261121e-13   1.1749967e+00   1.0000000e+00   6.1935862e-03
   1.4925028e+06   3.6648714e+00   1.5748085e-01   1.0452748e-13   3.8223523e+00   1.0000000e+00   6.1741782e-03
   1.6926564e+06   2.4606991e+00   1.7479164e-01   1.1491348e-13   2.6354907e+00   1.0000000e+00   6.1646563e-03
   2.0207750e+05   1.5334022e+02   1.2004192e+00   4.0582465e-14   1.5454064e+02   1.0000000e+00   6.1574268e-03
   3.7252926e+06   3.7242633e-01   7.0021207e-02   1.8746145e-13   4.4244754e-01   1.0000000e+00   6.1537084e-03
   1.3923148e+05   3.6169227e+02   1.8749732e+00   3.2753099e-14   3.6356724e+02   1.0000000e+00   6.1246801e-03
   5.0000000e+06   1.3531093e-01   2.7069545e-02   2.5407790e-13   1.6238048e-01   1.0000000e+00   6.1235275e-03
   1.9339584e+06   1.5231504e+00   1.0653042e-01   1.3062343e-13   1.6296808e+00   1.0000000e+00   6.1216877e-03
   1.4257102e+05   3.3359073e+02   1.6494891e+00   3.3422290e-14   3.3524022e+02   1.0000000e+00   6.1212763e-03
   9.0333974e+04   8.7500840e+02   3.5307342e+00   2.6302686e-14   8.7853913e+02   1.0000000e+00   6.0974585e-03
   8.8514326e+04   9.0758836e+02   3.5453220e+00   2.6065583e-14   9.1113368e+02   1.0000000e+00   6.0936362e-03
   4.9478756e+06   1.9672144e-01   3.4590330e-02   2.2606105e-13   2.3131177e-01   1.0000000e+00   6.0885379e-03
   1.3752948e+06   4.2356894e+00   1.7238617e-01   1.0063057e-13   4.4080756e+00   1.0000000e+00   6.0873396e-03
   2.6698065e+06   1.0326698e+00   7.3085275e-02   1.4551024e-13   1.1057551e+00   1.0000000e+00   6.0778806e-03
   9.9803588e+04   6.3842999e+02   2.6995766e+00   2.8449457e-14   6.4112956e+02   1.0000000e+00   6.0706182e-03
   1.1639296e+05   5.0756579e+02   2.6786167e+00   3.0101365e-14   5.1024441e+02   1.0000000e+00   6.0696241e-03
   1.3098640e+05   4.0926664e+02   1.8556368e+00   3.1765168e-14   4.1112228e+02   1.0000000e+00   6.0309758e-03
   9.0598895e+04   8.1518902e+02   2.8442795e+00   2.6770438e-14   8.1803330e+02   1.0000000e+00   6.0134167e-03
   1.5317556e+05   3.1580957e+02   1.5739872e+00   3.3894652e-14   3.1738356e+02   1.0000000e+00   6.0061307e-03
   1.7386912e+05   1.9493223e+02   1.3300797e+00   3.8259396e-14   1.9626231e+02   1.0000000e+00   5.9796956e-03
   1.8867319e+06   1.9522296e+00   1.5002464e-01   1.2199063e-13   2.1022542e+00   1.0000000e+00   5.9531341e-03
   1.7021239e+05   2.7081223e+02   1.5560941e+00   3.5240190e-14   2.7236833e+02   1.0000000e+00   5.9303225e-03
   1.0009657e+05   6.4300284e+02   2.6874911e+00   2.8396141e-14   6.4569034e+02   1.0000000e+00   5.9196197e-03
   9.5529450e+04   7.9859383e+02   3.0468256e+00   2.6910009e-14   8.0164065e+02   1.0000000e+00   5.9189761e-03
   1.1003451e+05   5.6807025e+02   2.8650478e+00   2.9271538e-14   5.7093530e+02   1.0000000e+00   5.8969038e-03
   6.4485236e+05   1.1764477e+01   3.4497523e-01   7.7753058e-14   1.2109452e+01   1.0000000e+00   5.8735869e-03
   3.0737291e+05   7.5135224e+01   1.0669267e+00   4.8457403e-14   7.6202151e+01   1.0000000e+00   5.8664695e-03
   2.1800697e+05   1.7912747e+02   1.2792848e+00   3.9135554e-14   1.8040675e+02   1.0000000e+00   5.8663987e-03
   4.8591224e+06   1.8115736e-01   3.4493289e-02   2.3130967e-13   2.1565065e-01   1.0000000e+00   5.8571656e-03
   1.4487351e+06   2.8896063e+00   1.4678152e-01   1.1068098e-13   3.0363878e+00   1.0000000e+00   5.8260437e-03
   1.4834008e+05   3.3612319e+02   1.5527023e+00   3.3374573e-14   3.3767589e+02   1.0000000e+00   5.8172461e-03
   1.1760020e+05   4.8406447e+02   2.9260477e+00   3.0455902e-14   4.8699052e+02   1.0000000e+00   5.8120288e-03
   8.9499113e+04   8.4005170e+02   2.9071953e+00   2.6571416e-14   8.4295890e+02   1.0000000e+00   5.8083516e-03
   4.1741934e+06   2.8564978e-01   5.6232006e-02   2.0172708e-13   3.4188178e-01   1.0000000e+00   5.8066109e-03
   9.2160400e+04   8.3773489e+02   3.0739405e+00   2.6589662e-14   8.4080883e+02   1.0000000e+00   5.8061027e-03
   1.0179437e+05   6.5170534e+02   2.6726580e+00   2.8295298e-14   6.5437800e+02   1.0000000e+00   5.8006237e-03
   4.7751561e+06   2.5988651e-01   3.8890269e-02   2.0963888e-13   2.9877678e-01   1.0000000e+00   5.7860519e-03
   1.7850308e+05   2.1644104e+02   1.5901292e+00   3.7213799e-14   2.1803117e+02   1.0000000e+00   5.7741088e-03
   9.0122274e+05   9.0249127e+00   3.5747711e-01   8.2569653e-14   9.3823898e+00   1.0000000e+00   5.7659474e-03
   4.9994368e+06   1.0000000e-01   1.0352086e-02   2.9920740e-13   1.1035209e-01   1.0000000e+00   5.7547265e-03
   9.4483949e+04   7.5453672e+02   3.0504263e+00   2.7285041e-14   7.5758715e+02   1.0000000e+00   5.7507522e-03
   1.2122520e+05   4.5928942e+02   2.6378681e+00   3.0857192e-14   4.6192729e+02   1.0000000e+00   5.7401158e-03
   4.3297729e+05   4.2939618e+01   1.4095523e+00   5.5755694e-14   4.4349170e+01   1.0000000e+00   5.7379870e-03
   1.1473675e+05   5.1421107e+02   2.6298056e+00   3.0005445e-14   5.1684088e+02   1.0000000e+00   5.7320601e-03
   3.6899427e+06   3.8541432e-01   6.8912255e-02   1.8591358e-13   4.5432658e-01   1.0000000e+00   5.7197464e-03
   8.7325789e+04   9.1724530e+02   3.2549568e+00   2.5997795e-14   9.2050026e+02   1.0000000e+00   5.7188633e-03
   1.2014146e+05   4.7938019e+02   2.7925704e+00   3.0529418e-14   4.8217276e+02   1.0000000e+00   5.7006665e-03
   2.3734814e+06   9.7218856e-01   8.1233666e-02   1.4703640e-13   1.0534222e+00   1.0000000e+00   5.6421632e-03
   8.3253773e+04   1.0000000e+03   1.0157921e+01   2.5435067e-14   1.0101579e+03   1.0000000e+00   5.6336708e-03
   8.3098225e+04   9.9876829e+02   9.8630278e+00   2.5442927e-14   1.0086313e+03   1.0000000e+00   5.6242581e-03
   1.5784277e+05   3.0897491e+02   1.7321992e+00   3.4089605e-14   3.1070710e+02   1.0000000e+00   5.6107812e-03
   2.6654719e+06   1.0140556e+00   7.3063608e-02   1.4609902e-13   1.0871192e+00   1.0000000e+00   5.6040308e-03
   4.0350452e+05   2.3479295e+01   3.8832198e-01   6.6290261e-14   2.3867617e+01   1.0000000e+00   5.5797416e-03
   1.5320366e+06   3.5592875e+00   1.2912532e-01   1.0575371e-13   3.6884128e+00   1.0000000e+00   5.5766522e-03
   5.0000000e+06   1.0424270e-01   2.1210026e-02   2.7912637e-13   1.2545272e-01   1.0000000e+00   5.5655295e-03
   1.7106123e+06   2.3766636e+00   1.6910535e-01   1.1595196e-13   2.5457690e+00   1.0000000e+00   5.5549693e-03
   5.0000000e+06   2.1261277e-01   4.9163700e-02   2.1786315e-13   2.6177647e-01   1.0000000e+00   5.5336813e-03
   1.3291603e+05   4.1146450e+02   1.8241186e+00   3.1729310e-14   4.1328862e+02   1.0000000e+00   5.5170869e-03
   1.3229773e+06   4.2602402e+00   3.5744778e-01   9.9567312e-14   4.6176879e+00   1.0000000e+00   5.4818574e-03
   8.8115893e+04   8.3076472e+02   2.9486434e+00   2.6649997e-14   8.3371337e+02   1.0000000e+00   5.4776017e-03
   2.8311838e+05   1.1214403e+02   1.2309421e+00   4.4045829e-14   1.1337497e+02   1.0000000e+00   5.4752166e-03
   1.5534931e+05   3.1138010e+02   2.0893479e+00   3.4004765e-14   3.1346945e+02   1.0000000e+00   5.4613931e-03
   4.9829553e+06   1.9541647e-01   3.1158191e-02   2.2775311e-13   2.2657466e-01   1.0000000e+00   5.4588003e-03
   8.4851354e+04   9.5850942e+02   3.2631054e+00   2.5716153e-14   9.6177252e+02   1.0000000e+00   5.4548945e-03
   3.0545440e+06   6.4627864e-01   9.1108955e-02   1.6209857e-13   7.3738759e-01   1.0000000e+00   5.4538019e-03
   2.3863578e+05   8.5380381e+01   1.2036835e+00   4.7263999e-14   8.6584064e+01   1.0000000e+00   5.4459468e-03
   1.8287944e+06   1.4888513e+00   1.3529498e-01   1.3120598e-13   1.6241463e+00   1.0000000e+00   5.4419508e-03
   8.1867701e+05   1.3990121e+01   2.6701375e-01   7.4706791e-14   1.4257135e+01   1.0000000e+00   5.4308815e-03
   4.9587951e+06   2.5038850e-01   3.9250650e-02   2.1156310e-13   2.8963915e-01   1.0000000e+00   5.4285851e-03
   1.2919285e+05   4.1362110e+02   2.7380438e+00   3.1667091e-14   4.1635915e+02   1.0000000e+00   5.4262116e-03
   8.5013691e+04   9.5776873e+02   3.2597428e+00   2.5721146e-14   9.6102847e+02   1.0000000e+00   5.4242257e-03
   9.7444503e+04   6.5450721e+02   2.5424533e+00   2.8283524e-14   6.5704967e+02   1.0000000e+00   5.4120817e-03
   1.5976192e+05   2.6028068e+02   1.8574137e+00   3.5541657e-14   2.6213809e+02   1.0000000e+00   5.4120367e-03
   9.9652136e+04   6.7754064e+02   2.6205867e+00   2.8025143e-14   6.8016122e+02   1.0000000e+00   5.4048919e-03
   1.1642299e+05   5.1020953e+02   2.6565925e+00   3.0062963e-14   5.1286612e+02   1.0000000e+00   5.4024950e-03
   1.0623880e+05   5.9014208e+02   3.0230738e+00   2.8996980e-14   5.9316516e+02   1.0000000e+00   5.3860409e-03
   8.6137222e+05   1.3245663e+01   2.4533596e-01   7.5965789e-14   1.3490999e+01   1.0000000e+00   5.3831642e-03
   4.9999260e+06   1.6019695e-01   2.2750233e-02   2.4487758e-13   1.8294718e-01   1.0000000e+00   5.3712803e-03
   4.9988826e+06   1.0000563e-01   1.1311429e-02   2.9656241e-13   1.1131705e-01   1.0000000e+00   5.3704684e-03
   1.0525701e+05   5.8381733e+02   3.1096884e+00   2.9078635e-14   5.8692701e+02   1.0000000e+00   5.3619794e-03
   9.5901595e+04   7.4932666e+02   3.0105640e+00   2.7331498e-14   7.5233723e+02   1.0000000e+00   5.3618664e-03
   9.5050798e+04   7.5679220e+02   3.0549163e+00   2.7264258e-14   7.5984711e+02   1.0000000e+00   5.3458488e-03
   1.2521206e+05   4.8685777e+02   3.1588712e+00   3.0429929e-14   4.9001664e+02   1.0000000e+00   5.3452721e-03
   3.6656024e+06   4.7207230e-01   6.3900984e-02   1.7707937e-13   5.3597329e-01   1.0000000e+00   5.3435421e-03
   4.9985637e+06   1.0000000e-01   1.7425605e-02   2.8634226e-13   1.1742561e-01   1.0000000e+00   5.3336420e-03
   4.9988519e+06   1.0000000e-01   2.2935525e-02   2.8167522e-13   1.2293552e-01   1.0000000e+00   5.3271286e-03
   1.0843506e+05   5.9359453e+02   3.1345007e+00   2.8952956e-14   5.9672903e+02   1.0000000e+00   5.3258636e-03
   1.0516768e+05   6.0629085e+02   2.9817732e+00   2.8803480e-14   6.0927262e+02   1.0000000e+00   5.3189457e-03
   1.0383790e+05   5.7389677e+02   3.0884114e+00   2.9215703e-14   5.7698518e+02   1.0000000e+00   5.3096976e-03
   2.5481179e+05   1.0023764e+02   1.1627382e+00   4.5096884e-14   1.0140038e+02   1.0000000e+00   5.3078155e-03
   8.5143872e+04   9.2000911e+02   3.3148769e+00   2.5978981e-14   9.2332398e+02   1.0000000e+00   5.3027751e-03
   1.7866770e+06   1.5947722e+00   1.0182704e-01   1.2954298e-13   1.6965993e+00   1.0000000e+00   5.2935305e-03
   5.0000000e+06   1.5364400e-01   3.2823910e-02   2.4238172e-13   1.8646791e-01   1.0000000e+00   5.2857989e-03
   5.0000000e+06   1.7113318e-01   3.3105068e-02   2.3507096e-13   2.0423825e-01   1.0000000e+00   5.2490318e-03
   1.4112751e+05   3.9305840e+02   2.0058234e+00   3.2115190e-14   3.9506422e+02   1.0000000e+00   5.2319489e-03
   2.3027634e+05   1.2587940e+02   1.1923020e+00   4.2605128e-14   1.2707170e+02   1.0000000e+00   5.2266212e-03
   8.2615910e+04   9.8959104e+02   3.8843397e+00   2.5511510e-14   9.9347538e+02   1.0000000e+00   5.2250949e-03
   2.6666069e+05   9.8488001e+01   1.0986878e+00   4.5295236e-14   9.9586689e+01   1.0000000e+00   5.2152404e-03
   1.2454689e+05   4.1741160e+02   2.7118025e+00   3.1602703e-14   4.2012341e+02   1.0000000e+00   5.1870841e-03
   4.9482850e+06   1.2699633e-01   3.0707772e-02   2.5766435e-13   1.5770410e-01   1.0000000e+00   5.1680000e-03
   7.3418621e+05   1.2100628e+01   3.4592582e-01   7.6735002e-14   1.2446554e+01   1.0000000e+00   5.1465047e-03
   9.0598923e+04   7.9252545e+02   2.7866216e+00   2.6961961e-14   7.9531207e+02   1.0000000e+00   5.1447588e-03
   1.9264771e+05   2.1340598e+02   1.2967596e+00   3.7407131e-14   2.1470274e+02   1.0000000e+00   5.1424310e-03
   9.9254244e+04   7.8325297e+02   3.0355535e+00   2.7056160e-14   7.8628852e+02   1.0000000e+00   5.1411353e-03
   2.4898621e+05   1.3416595e+02   1.8599197e+00   4.1998269e-14   1.3602587e+02   1.0000000e+00   5.1384541e-03
   1.4472369e+05   3.0179864e+02   1.4911321e+00   3.4282457e-14   3.0328977e+02   1.0000000e+00   5.1364581e-03
   6.3028001e+05   2.0012970e+01   4.3353920e-01   6.7707696e-14   2.0446509e+01   1.0000000e+00   5.1243216e-03
   7.9576799e+04   9.8055478e+02   3.3336394e+00   2.5587679e-14   9.8388842e+02   1.0000000e+00   5.1235393e-03
   3.0475870e+06   5.9073970e-01   8.2450137e-02   1.6631059e-13   6.7318984e-01   1.0000000e+00   5.1024232e-03
   8.2659889e+04   9.8496258e+02   3.9085070e+00   2.5541183e-14   9.8887109e+02   1.0000000e+00   5.0895220e-03
   9.0103248e+04   8.5131716e+02   2.9151340e+00   2.6483388e-14   8.5423230e+02   1.0000000e+00   5.0802265e-03
   2.4917643e+06   1.5054865e+00   1.0878926e-01   1.3211505e-13   1.6142758e+00   1.0000000e+00   5.0773834e-03
   4.5494049e+05   2.4655700e+01   6.9370985e-01   6.4362454e-14   2.5349409e+01   1.0000000e+00   5.0609362e-03
   3.6494623e+06   4.8799483e-01   6.2824469e-02   1.7577701e-13   5.5081930e-01   1.0000000e+00   5.0454274e-03
   3.3492421e+06   5.1898058e-01   6.9051089e-02   1.7250507e-13   5.8803167e-01   1.0000000e+00   5.0334152e-03
   1.6535266e+06   2.6414664e+00   1.6283457e-01   1.1305307e-13   2.8043010e+00   1.0000000e+00   5.0237534e-03
   1.8451073e+06   1.6424951e+00   1.8950721e-01   1.2708646e-13   1.8320023e+00   1.0000000e+00   5.0206218e-03
   5.0000000e+06   1.0000000e-01   2.4960843e-02   2.8045495e-13   1.2496084e-01   1.0000000e+00   5.0191728e-03
   1.3025760e+05   3.8877379e+02   2.7047433e+00   3.2160963e-14   3.9147853e+02   1.0000000e+00   5.0184487e-03
   9.5713974e+04   7.6465705e+02   2.9807780e+00   2.7195799e-14   7.6763783e+02   1.0000000e+00   5.0115156e-03
   4.9944384e+06   1.5175134e-01   2.8353251e-02   2.4515781e-13   1.8010460e-01   1.0000000e+00   5.0096779e-03
   1.7683267e+06   1.6440856e+00   1.7659089e-01   1.2742762e-13   1.8206765e+00   1.0000000e+00   5.0012065e-03
   2.4486397e+06   1.1191935e+00   1.1097749e-01   1.4083488e-13   1.2301710e+00   1.0000000e+00   4.9962472e-03
   3.0299292e+05   7.3362465e+01   1.2681193e+00   4.8724712e-14   7.4630584e+01   1.0000000e+00   4.9928923e-03
   9.0192015e+04   8.7864083e+02   3.6288282e+00   2.6275380e-14   8.8226966e+02   1.0000000e+00   4.9924124e-03
   2.5851095e+05   8.6319244e+01   1.1663358e+00   4.6883400e-14   8.7485580e+01   1.0000000e+00   4.9889243e-03
   4.9792837e+06   1.9392388e-01   2.9260395e-02   2.2907660e-13   2.2318427e-01   1.0000000e+00   4.9570752e-03
   1.1020135e+05   5.7768100e+02   2.9931300e+00   2.9149864e-14   5.8067413e+02   1.0000000e+00   4.9488331e-03
   1.2404070e+06   5.3127785e+00   3.9118816e-01   9.4343150e-14   5.7039667e+00   1.0000000e+00   4.9437944e-03
   1.4124577e+05   3.3023165e+02   1.7220278e+00   3.3507266e-14   3.3195368e+02   1.0000000e+00   4.9379259e-03
   1.3329921e+05   3.9699089e+02   1.8277450e+00   3.2007069e-14   3.9881863e+02   1.0000000e+00   4.9369058e-03
   2.5184403e+05   9.6564237e+01   1.1913824e+00   4.5543202e-14   9.7755619e+01   1.0000000e+00   4.9266252e-03
   3.7378758e+06   4.5876440e-01   6.4139996e-02   1.7832931e-13   5.2290440e-01   1.0000000e+00   4.9253386e-03
   1.2196942e+05   4.5794306e+02   2.6398276e+00   3.0879165e-14   4.6058289e+02   1.0000000e+00   4.9189513e-03
   8.9303828e+04   9.4348230e+02   3.1440980e+00   2.5830713e-14   9.4662640e+02   1.0000000e+00   4.9171326e-03
   1.2953015e+05   4.0531720e+02   1.5276332e+00   3.1849900e-14   4.0684483e+02   1.0000000e+00   4.9010092e-03
   1.0222921e+05   7.1309794e+02   2.4859934e+00   2.7684946e-14   7.1558393e+02   1.0000000e+00   4.8882428e-03
   3.3999677e+06   5.0589431e-01   6.5378649e-02   1.7390264e-13   5.7127296e-01   1.0000000e+00   4.8483326e-03
   9.7134120e+04   7.1042685e+02   2.5956669e+00   2.7698966e-14   7.1302252e+02   1.0000000e+00   4.8436338e-03
   1.0240805e+05   6.9380690e+02   2.4806824e+00   2.7867709e-14   6.9628758e+02   1.0000000e+00   4.8420744e-03
   8.2621835e+04   9.7544580e+02   4.1958755e+00   2.5602272e-14   9.7964168e+02   1.0000000e+00   4.8354084e-03
   5.0000000e+06   1.0000000e-01   2.5279398e-02   2.8028188e-13   1.2527940e-01   1.0000000e+00   4.8341263e-03
   2.4038560e+05   1.4006320e+02   1.8759972e+00   4.1525692e-14   1.4193919e+02   1.0000000e+00   4.8320086e-03
   1.4020119e+05   3.3915281e+02   1.5080704e+00   3.3291490e-14   3.4066088e+02   1.0000000e+00   4.8282265e-03
   4.9914750e+06   1.7010965e-01   3.3127597e-02   2.3547185e-13   2.0323725e-01   1.0000000e+00   4.8163679e-03
   1.0117457e+05   7.2438186e+02   2.6285634e+00   2.7574704e-14   7.2701042e+02   1.0000000e+00   4.8022939e-03
   9.2117022e+04   8.3416128e+02   3.0744129e+00   2.6617213e-14   8.3723570e+02   1.0000000e+00   4.8001365e-03
   4.9999918e+06   1.7363066e-01   2.7734831e-02   2.3653318e-13   2.0136549e-01   1.0000000e+00   4.7927361e-03
   7.9287016e+04   9.9791957e+02   4.6710087e+00   2.5468608e-14   1.0025906e+03   1.0000000e+00   4.7887929e-03
   4.1514888e+06   3.6446911e-01   5.3536583e-02   1.9004791e-13   4.1800569e-01   1.0000000e+00   4.7756536e-03
   1.4237824e+05   3.2891656e+02   1.7405669e+00   3.3538246e-14   3.3065713e+02   1.0000000e+00   4.7634007e-03
   9.5079767e+04   7.8020981e+02   2.9877261e+00   2.7061194e-14   7.8319753e+02   1.0000000e+00   4.7593634e-03
   1.1214150e+05   5.2820086e+02   2.8223608e+00   2.9806362e-14   5.3102322e+02   1.0000000e+00   4.7551867e-03
   2.6395266e+05   7.2532030e+01   1.1605050e+00   4.9150051e-14   7.3692535e+01   1.0000000e+00   4.7399268e-03
   8.3087345e+04   1.0000000e+03   1.4312556e+01   2.5433162e-14   1.0143126e+03   1.0000000e+00   4.7337623e-03
   1.0693309e+05   5.6992512e+02   2.7761509e+00   2.9253784e-14   5.7270127e+02   1.0000000e+00   4.7293583e-03
   3.6041479e+05   6.0261135e+01   1.3096521e+00   5.1223894e-14   6.1570787e+01   1.0000000e+00   4.7285421e-03
   4.1649778e+05   4.0942984e+01   5.7111421e-01   5.6482676e-14   4.1514098e+01   1.0000000e+00   4.6804383e-03
   2.1825597e+06   1.4250378e+00   1.1352184e-01   1.3257838e-13   1.5385597e+00   1.0000000e+00   4.6802808e-03
   4.2214372e+06   3.0186147e-01   5.1545547e-02   1.9940995e-13   3.5340702e-01   1.0000000e+00   4.6729506e-03
   4.3313092e+05   4.2133480e+01   1.4179012e+00   5.5999544e-14   4.3551381e+01   1.0000000e+00   4.6643235e-03
   1.4231948e+05   3.5524919e+02   1.5961685e+00   3.2910987e-14   3.5684536e+02   1.0000000e+00   4.6465129e-03
   8.2659857e+04   9.8495240e+02   3.9293437e+00   2.5541162e-14   9.8888174e+02   1.0000000e+00   4.6448964e-03
   1.4287914e+05   3.7709474e+02   1.6079849e+00   3.2449390e-14   3.7870272e+02   1.0000000e+00   4.6408390e-03
   2.9230072e+05   6.0302505e+01   1.2416187e+00   5.1420307e-14   6.1544124e+01   1.0000000e+00   4.6382960e-03
   1.4240064e+05   3.7335712e+02   1.5800911e+00   3.2523354e-14   3.7493721e+02   1.0000000e+00   4.6276087e-03
   1.2771311e+05   4.2454750e+02   2.7123885e+00   3.1463396e-14   4.2725989e+02   1.0000000e+00   4.6161850e-03
   4.9150258e+06   2.0667663e-01   3.8072375e-02   2.2211388e-13   2.4474900e-01   1.0000000e+00   4.6148145e-03
   1.3337605e+05   3.8376938e+02   2.0310499e+00   3.2271105e-14   3.8580043e+02   1.0000000e+00   4.6102451e-03
   4.9469587e+06   1.9514738e-01   3.4411954e-02   2.2659888e-13   2.2955934e-01   1.0000000e+00   4.6097406e-03
   2.4424054e+05   1.4357649e+02   1.8774096e+00   4.1326657e-14   1.4545390e+02   1.0000000e+00   4.5937936e-03
   1.4542517e+06   3.6371443e+00   1.5648851e-01   1.0458050e-13   3.7936328e+00   1.0000000e+00   4.5932341e-03
   3.9268090e+06   3.5100472e-01   6.2787682e-02   1.9073253e-13   4.1379240e-01   1.0000000e+00   4.5788581e-03
   3.3733905e+06   4.6288541e-01   6.6174273e-02   1.7788236e-13   5.2905969e-01   1.0000000e+00   4.5603885e-03
   4.9579853e+06   1.7059229e-01   2.7801928e-02   2.3771056e-13   1.9839422e-01   1.0000000e+00   4.5547727e-03
   1.0329809e+05   6.1508622e+02   2.6248000e+00   2.8706864e-14   6.1771102e+02   1.0000000e+00   4.5430566e-03
   2.5485990e+05   9.3494788e+01   1.1738278e+00   4.5917726e-14   9.4668616e+01   1.0000000e+00   4.5231892e-03
   1.3499402e+05   4.0608649e+02   1.5159042e+00   3.1846930e-14   4.0760240e+02   1.0000000e+00   4.5231530e-03
   9.6871160e+04   7.7854088e+02   3.0076691e+00   2.7080547e-14   7.8154855e+02   1.0000000e+00   4.5200912e-03
   2.3282343e+06   1.1088597e+00   8.7104370e-02   1.4193518e-13   1.1959640e+00   1.0000000e+00   4.5141456e-03
   1.9495755e+06   1.9016223e+00   1.5069312e-01   1.2283624e-13   2.0523154e+00   1.0000000e+00   4.4959960e-03
   1.0361571e+05   6.4860867e+02   2.7186581e+00   2.8328047e-14   6.5132733e+02   1.0000000e+00   4.4928964e-03
   1.7675188e+05   1.9112920e+02   1.4235828e+00   3.8433739e-14   1.9255279e+02   1.0000000e+00   4.4893324e-03
   4.9990050e+06   1.1085559e-01   2.4871411e-02   2.7133226e-13   1.3572700e-01   1.0000000e+00   4.4867857e-03
   4.9577659e+06   1.7044595e-01   2.7767338e-02   2.3778426e-13   1.9821329e-01   1.0000000e+00   4.4835702e-03
   1.1262196e+05   5.4622413e+02   2.7772278e+00   2.9558143e-14   5.4900136e+02   1.0000000e+00   4.4738249e-03
   1.7443552e+06   2.0306816e+00   1.7971240e-01   1.2047160e-13   2.2103940e+00   1.0000000e+00   4.4715618e-03
   5.0000000e+06   1.2517362e-01   2.3498195e-02   2.6216603e-13   1.4867181e-01   1.0000000e+00   4.4589257e-03
   1.7917397e+05   2.1867011e+02   1.6006670e+00   3.7120025e-14   2.2027077e+02   1.0000000e+00   4.4518567e-03
   4.9985493e+06   1.6779379e-01   2.7311629e-02   2.3894203e-13   1.9510542e-01   1.0000000e+00   4.4513348e-03
   4.9988529e+06   1.0000000e-01   2.2957723e-02   2.8166083e-13   1.2295772e-01   1.0000000e+00   4.4415592e-03
   2.9719382e+06   5.7719984e-01   8.2494837e-02   1.6750161e-13   6.5969468e-01   1.0000000e+00   4.4385100e-03
   5.0000000e+06   2.1292792e-01   3.0448168e-02   2.2323034e-13   2.4337609e-01   1.0000000e+00   4.4324292e-03
   2.9130689e+05   7.0560765e+01   1.2238159e+00   4.9256723e-14   7.1784581e+01   1.0000000e+00   4.4310106e-03
   1.3950891e+05   3.5146591e+02   1.9199240e+00   3.2984975e-14   3.5338583e+02   1.0000000e+00   4.4264487e-03
   1.0428891e+05   6.3382531e+02   2.9756194e+00   2.8487570e-14   6.3680093e+02   1.0000000e+00   4.4218654e-03
   5.0000000e+06   1.0000000e-01   1.8512464e-02   2.8519754e-13   1.1851246e-01   1.0000000e+00   4.4173888e-03
   4.9999249e+06   1.4556757e-01   2.7965151e-02   2.4826319e-13   1.7353273e-01   1.0000000e+00   4.4089225e-03
   2.5500149e+05   9.4973230e+01   1.2038311e+00   4.5725910e-14   9.6177061e+01   1.0000000e+00   4.4044403e-03
   1.0033646e+05   6.3708658e+02   2.6870258e+00   2.8462226e-14   6.3977360e+02   1.0000000e+00   4.4039783e-03
   4.2214372e+06   3.8760621e-01   5.9885958e-02   1.8659412e-13   4.4749217e-01   1.0000000e+00   4.4039371e-03
   1.9876839e+06   1.6243085e+00   1.0793771e-01   1.2843409e-13   1.7322462e+00   1.0000000e+00   4.3816764e-03
   2.4201423e+05   1.3272375e+02   1.8694723e+00   4.2054967e-14   1.3459322e+02   1.0000000e+00   4.3813885e-03
   1.5556636e+05   2.7267293e+02   1.4752872e+00   3.5146632e-14   2.7414821e+02   1.0000000e+00   4.3766590e-03
   1.0227393e+05   6.1050609e+02   2.9728102e+00   2.8762678e-14   6.1347890e+02   1.0000000e+00   4.3751968e-03
   1.0561172e+05   6.1313465e+02   2.9789776e+00   2.8722558e-14   6.1611363e+02   1.0000000e+00   4.3732758e-03
   1.0354932e+05   5.7251209e+02   3.0926480e+00   2.9236296e-14   5.7560474e+02   1.0000000e+00   4.3597895e-03
   9.4412479e+04   7.6482572e+02   2.9368099e+00   2.7194113e-14   7.6776253e+02   1.0000000e+00   4.3584981e-03
   4.9746417e+06   1.3063813e-01   2.2389152e-02   2.5975751e-13   1.5302728e-01   1.0000000e+00   4.3561909e-03
   1.5373721e+06   2.6778230e+00   1.4189594e-01   1.1283396e-13   2.8197189e+00   1.0000000e+00   4.3450792e-03
   8.2240394e+04   9.8987519e+02   4.1908400e+00   2.5509102e-14   9.9406603e+02   1.0000000e+00   4.3378411e-03
   4.9999259e+06   1.4096788e-01   2.7987349e-02   2.5057675e-13   1.6895523e-01   1.0000000e+00   4.3374497e-03
   1.3314559e+05   3.9779703e+02   1.8193961e+00   3.1991146e-14   3.9961642e+02   1.0000000e+00   4.3368870e-03
   9.6223114e+04   7.6894074e+02   2.9870307e+00   2.7159707e-14   7.7192777e+02   1.0000000e+00   4.3355942e-03
   8.1811430e+04   9.3869993e+02   3.7577251e+00   2.5859272e-14   9.4245765e+02   1.0000000e+00   4.3344332e-03
   1.7359453e+05   2.3049931e+02   1.5510667e+00   3.6638352e-14   2.3205038e+02   1.0000000e+00   4.3272758e-03
   1.4277882e+05   3.6600873e+02   1.5496890e+00   3.2679715e-14   3.6755842e+02   1.0000000e+00   4.3194754e-03
   8.2098633e+04   1.0000000e+03   4.4816815e+00   2.5443600e-14   1.0044817e+03   1.0000000e+00   4.3188998e-03
   4.9950413e+06   1.2538243e-01   2.7855662e-02   2.5961245e-13   1.5323809e-01   1.0000000e+00   4.3130769e-03
   7.9511707e+04   9.9338625e+02   4.4401487e+00   2.5497639e-14   9.9782640e+02   1.0000000e+00   4.3085435e-03
   1.0555849e+05   6.0888095e+02   2.9764500e+00   2.8772370e-14   6.1185740e+02   1.0000000e+00   4.2932023e-03
   1.7161074e+06   2.1236967e+00   1.8063215e-01   1.1912004e-13   2.3043288e+00   1.0000000e+00   4.2910055e-03
   1.0930601e+05   5.3078757e+02   2.4969884e+00   2.9783366e-14   5.3328455e+02   1.0000000e+00   4.2805433e-03
   4.9674881e+06   1.4122165e-01   3.3808301e-02   2.4824245e-13   1.7502995e-01   1.0000000e+00   4.2800502e-03
   9.6484922e+04   7.5120339e+02   2.9957810e+00   2.7315225e-14   7.5419917e+02   1.0000000e+00   4.2627932e-03
   1.6503422e+05   2.3375062e+02   1.5032735e+00   3.6524852e-14   2.3525389e+02   1.0000000e+00   4.2610453e-03
   8.9510556e+04   8.5234861e+02   2.8853749e+00   2.6475684e-14   8.5523399e+02   1.0000000e+00   4.2504282e-03
   4.0402610e+05   2.3431791e+01   5.1388177e-01   6.6247061e-14   2.3945673e+01   1.0000000e+00   4.2436430e-03
   8.1439237e+04   9.9407660e+02   4.2693990e+00   2.5483781e-14   9.9834600e+02   1.0000000e+00   4.2386389e-03
   7.9576768e+04   9.8054800e+02   3.2961088e+00   2.5587934e-14   9.8384411e+02   1.0000000e+00   4.2377136e-03
   4.7100404e+05   2.4407682e+01   6.9743020e-01   6.4401405e-14   2.5105112e+01   1.0000000e+00   4.2301981e-03
   2.2610961e+06   1.0582481e+00   8.6916488e-02   1.4375501e-13   1.1451646e+00   1.0000000e+00   4.2281581e-03
