   2.9015060e+05   1.0000000e-01   1.0580336e-12   1.0000000e-01   1.0000000e+00             Inf
   4.4849674e+04   1.0000000e+03   2.6803304e-14   1.0000000e+03   1.0000000e+00             Inf
   7.1914970e+04   9.9428060e+01   6.7468882e-14   9.9428060e+01   1.0000000e+00   1.8306538e-02
   1.9934756e+05   5.0587115e-01   5.5593461e-13   5.0587115e-01   1.0000000e+00   1.7713660e-02
   2.0096392e+05   5.3982187e-01   5.4102523e-13   5.3982187e-01   1.0000000e+00   1.5672668e-02
   2.1376842e+05   4.6305658e-01   5.7487914e-13   4.6305658e-01   1.0000000e+00   1.4006719e-02
   4.7978343e+04   6.5212372e+02   3.1817406e-14   6.5212372e+02   1.0000000e+00   1.4006502e-02
   1.7665247e+05   9.8507760e-01   4.2585460e-13   9.8507760e-01   1.0000000e+00   1.3864252e-02
   7.2038300e+04   1.0981829e+02   6.4890321e-14   1.0981829e+02   1.0000000e+00   1.3797965e-02
   1.8760718e+05   7.8187907e-01   4.6666669e-13   7.8187907e-01   1.0000000e+00   1.3145431e-02
   8.2946523e+04   2.5676697e+01   1.1743413e-13   2.5676697e+01   1.0000000e+00   1.3064102e-02
   2.7232072e+05   1.3050322e-01   9.5178723e-13   1.3050322e-01   1.0000000e+00   1.2832468e-02
   1.8488882e+05   8.2439830e-01   4.5698029e-13   8.2439830e-01   1.0000000e+00   1.2664001e-02
   1.8062200e+05   9.3718642e-01   4.3417221e-13   9.3718642e-01   1.0000000e+00   1.2343144e-02
   2.0705361e+05   4.7679698e-01   5.6835694e-13   4.7679698e-01   1.0000000e+00   1.2245677e-02
   1.3210665e+05   6.0617573e+00   2.0667638e-13   6.0617573e+00   1.0000000e+00   1.2131655e-02
   6.6740682e+04   7.5569664e+01   7.6298448e-14   7.5569664e+01   1.0000000e+00   1.1910588e-02
   1.3876976e+05   3.1225122e+00   2.6894936e-13   3.1225122e+00   1.0000000e+00   1.1781178e-02
   4.7685268e+04   7.3936220e+02   3.0247482e-14   7.3936220e+02   1.0000000e+00   1.1610633e-02
   5.1514763e+04   5.0118303e+02   3.5339225e-14   5.0118303e+02   1.0000000e+00   1.1509785e-02
   2.8684680e+05   1.0953933e-01   1.0204298e-12   1.0953933e-01   1.0000000e+00   1.1395411e-02
   2.7608899e+05   1.3312930e-01   9.4427866e-13   1.3312930e-01   1.0000000e+00   1.1296532e-02
   9.8878615e+04   2.2159129e+01   1.2294085e-13   2.2159129e+01   1.0000000e+00   1.1289938e-02
   6.2524542e+04   1.5215243e+02   5.7042950e-14   1.5215243e+02   1.0000000e+00   1.1167983e-02
   4.8757659e+04   5.9433467e+02   3.3024434e-14   5.9433467e+02   1.0000000e+00   1.1142336e-02
   2.4115668e+05   2.5388513e-01   7.3029737e-13   2.5388513e-01   1.0000000e+00   1.1062841e-02
   2.8525473e+05   1.0377416e-01   1.0426473e-12   1.0377416e-01   1.0000000e+00   1.0866873e-02
   1.4284605e+05   3.3203507e+00   2.6212574e-13   3.3203507e+00   1.0000000e+00   1.0744587e-02
   2.4861849e+05   2.6173746e-01   7.2280445e-13   2.6173746e-01   1.0000000e+00   1.0616223e-02
   4.9548154e+04   6.4393611e+02   3.1970863e-14   6.4393611e+02   1.0000000e+00   1.0587311e-02
   4.7148233e+04   8.5647258e+02   2.8528459e-14   8.5647258e+02   1.0000000e+00   1.0416719e-02
   2.4687941e+05   2.1966388e-01   7.7359873e-13   2.1966388e-01   1.0000000e+00   1.0362146e-02
   1.9167872e+05   8.9291482e-01   4.4299205e-13   8.9291482e-01   1.0000000e+00   1.0242688e-02
   2.7350163e+05   1.4375421e-01   9.1600746e-13   1.4375421e-01   1.0000000e+00   1.0087543e-02
   4.5809167e+04   8.2277213e+02   2.8990018e-14   8.2277213e+02   1.0000000e+00   9.9135364e-03
   2.4117976e+05   2.7059417e-01   7.1223180e-13   2.7059417e-01   1.0000000e+00   9.9064502e-03
   2.1959039e+05   4.0435559e-01   6.0676456e-13   4.0435559e-01   1.0000000e+00   9.9052931e-03
   1.6553569e+05   1.4289120e+00   3.6699819e-13   1.4289120e+00   1.0000000e+00   9.8779524e-03
   2.6743859e+05   1.4628981e-01   9.0945530e-13   1.4628981e-01   1.0000000e+00   9.8771299e-03
   2.7198086e+05   1.7900797e-01   8.4183431e-13   1.7900797e-01   1.0000000e+00   9.8383377e-03
   2.8508286e+05   1.0521780e-01   1.0368968e-12   1.0521780e-01   1.0000000e+00   9.7959325e-03
   2.1364264e+05   4.2422701e-01   5.9530955e-13   4.2422701e-01   1.0000000e+00   9.7208644e-03
   8.2235955e+04   6.8237707e+01   7.8756649e-14   6.8237707e+01   1.0000000e+00   9.7184134e-03
   2.8710732e+05   1.0161200e-01   1.0513793e-12   1.0161200e-01   1.0000000e+00   9.6350891e-03
   7.2078189e+04   1.1448970e+02   6.3857297e-14   1.1448970e+02   1.0000000e+00   9.5766248e-03
   9.9247708e+04   1.9766656e+01   1.2861934e-13   1.9766656e+01   1.0000000e+00   9.5299361e-03
   2.6813681e+05   1.4218033e-01   9.1985364e-13   1.4218033e-01   1.0000000e+00   9.3766514e-03
   1.5905484e+05   1.5314592e+00   3.5753333e-13   1.5314592e+00   1.0000000e+00   9.3732736e-03
   2.7416514e+05   1.3998204e-01   9.2567306e-13   1.3998204e-01   1.0000000e+00   9.3466188e-03
   1.1413972e+05   1.4034644e+01   1.4829326e-13   1.4034644e+01   1.0000000e+00   9.3409553e-03
   9.0000900e+04   3.7772983e+01   9.9436157e-14   3.7772983e+01   1.0000000e+00   9.2959269e-03
   1.6736635e+05   1.4686124e+00   3.6289566e-13   1.4686124e+00   1.0000000e+00   9.2807753e-03
   2.2400990e+05   3.1082626e-01   6.7418999e-13   3.1082626e-01   1.0000000e+00   9.2669664e-03
   1.9150415e+05   6.2261824e-01   5.1170733e-13   6.2261824e-01   1.0000000e+00   9.2667750e-03
   5.5137511e+04   2.5807854e+02   4.6274623e-14   2.5807854e+02   1.0000000e+00   9.2521968e-03
   1.1438590e+05   8.0086261e+00   1.8473117e-13   8.0086261e+00   1.0000000e+00   9.2193377e-03
   2.3665116e+05   2.7427775e-01   7.0815684e-13   2.7427775e-01   1.0000000e+00   9.2073969e-03
   2.4115662e+05   3.0225205e-01   6.8248853e-13   3.0225205e-01   1.0000000e+00   9.1782878e-03
   1.7676422e+05   1.0192241e+00   4.1995958e-13   1.0192241e+00   1.0000000e+00   9.1694320e-03
   2.6255341e+05   1.8701145e-01   8.2543908e-13   1.8701145e-01   1.0000000e+00   9.1550352e-03
   2.0491180e+05   5.8068901e-01   5.2534666e-13   5.8068901e-01   1.0000000e+00   9.1364108e-03
   4.8628103e+04   6.0295818e+02   3.2834287e-14   6.0295818e+02   1.0000000e+00   9.1187145e-03
   6.1544009e+04   2.0837502e+02   5.0195894e-14   2.0837502e+02   1.0000000e+00   8.9882969e-03
   4.4533202e+04   8.5023961e+02   2.8645088e-14   8.5023961e+02   1.0000000e+00   8.9759830e-03
   2.5474285e+05   2.3023897e-01   7.6053416e-13   2.3023897e-01   1.0000000e+00   8.9726406e-03
   4.9240137e+04   7.3472264e+02   3.0353171e-14   7.3472264e+02   1.0000000e+00   8.9598982e-03
   2.7078081e+05   1.2382653e-01   9.7239555e-13   1.2382653e-01   1.0000000e+00   8.9095236e-03
   5.6937093e+04   3.3857650e+02   4.1357315e-14   3.3857650e+02   1.0000000e+00   8.8912370e-03
   2.4914753e+05   1.9276912e-01   8.1512419e-13   1.9276912e-01   1.0000000e+00   8.8747451e-03
   9.9110718e+04   2.3288835e+01   1.2060935e-13   2.3288835e+01   1.0000000e+00   8.8578700e-03
   4.9236035e+04   7.1969482e+02   3.0597564e-14   7.1969482e+02   1.0000000e+00   8.8550221e-03
   2.0306329e+05   4.9061751e-01   5.6227946e-13   4.9061751e-01   1.0000000e+00   8.8533484e-03
   5.1468180e+04   5.1651144e+02   3.4916349e-14   5.1651144e+02   1.0000000e+00   8.8505768e-03
   6.4441268e+04   1.6520549e+02   5.5076630e-14   1.6520549e+02   1.0000000e+00   8.8077262e-03
   5.6596240e+04   3.2244589e+02   4.2156848e-14   3.2244589e+02   1.0000000e+00   8.7997071e-03
   2.1866982e+05   3.4477650e-01   6.4702625e-13   3.4477650e-01   1.0000000e+00   8.7742750e-03
   1.6497162e+05   1.8652997e+00   3.3025036e-13   1.8652997e+00   1.0000000e+00   8.7549461e-03
   2.6701268e+05   1.6129827e-01   8.7497314e-13   1.6129827e-01   1.0000000e+00   8.7010310e-03
   1.5772986e+05   1.7932987e+00   3.3524845e-13   1.7932987e+00   1.0000000e+00   8.6655215e-03
   1.7700821e+05   1.0923310e+00   4.0835901e-13   1.0923310e+00   1.0000000e+00   8.6273396e-03
   2.0179927e+05   9.3513456e-01   4.3853171e-13   9.3513456e-01   1.0000000e+00   8.5970038e-03
   2.4861078e+05   2.8204002e-01   7.0274866e-13   2.8204002e-01   1.0000000e+00   8.5916006e-03
   5.4433338e+04   3.2651429e+02   4.1988326e-14   3.2651429e+02   1.0000000e+00   8.5891360e-03
   4.5260995e+04   8.8659715e+02   2.8132985e-14   8.8659715e+02   1.0000000e+00   8.5578149e-03
   5.2322385e+04   4.1732075e+02   3.8043703e-14   4.1732075e+02   1.0000000e+00   8.5485645e-03
   1.8380098e+05   1.3952890e+00   3.7300648e-13   1.3952890e+00   1.0000000e+00   8.5093775e-03
   4.5398379e+04   9.0168405e+02   2.7939407e-14   9.0168405e+02   1.0000000e+00   8.4979790e-03
   2.3569095e+05   2.8309397e-01   6.9930602e-13   2.8309397e-01   1.0000000e+00   8.4887761e-03
   1.3273563e+05   4.1865474e+00   2.3906709e-13   4.1865474e+00   1.0000000e+00   8.4817452e-03
   6.2448135e+04   2.1296329e+02   4.9777748e-14   2.1296329e+02   1.0000000e+00   8.4759091e-03
   2.9015053e+05   1.0240604e-01   1.0481001e-12   1.0240604e-01   1.0000000e+00   8.4697231e-03
   1.2489212e+05   6.6057988e+00   1.9922977e-13   6.6057988e+00   1.0000000e+00   8.4562432e-03
   9.8436517e+04   1.6161969e+01   1.3967072e-13   1.6161969e+01   1.0000000e+00   8.4556724e-03
   1.5017358e+05   2.9817365e+00   2.7392563e-13   2.9817365e+00   1.0000000e+00   8.4435345e-03
   2.7505022e+05   1.0672378e-01   1.0325485e-12   1.0672378e-01   1.0000000e+00   8.4159175e-03
   5.3323391e+04   3.5881016e+02   4.0438081e-14   3.5881016e+02   1.0000000e+00   8.3863612e-03
   1.5332450e+05   1.9783127e+00   3.2250203e-13   1.9783127e+00   1.0000000e+00   8.3619615e-03
   5.3310648e+04   4.2221485e+02   3.7847984e-14   4.2221485e+02   1.0000000e+00   8.3489410e-03
   2.6680264e+05   1.8466308e-01   8.3040471e-13   1.8466308e-01   1.0000000e+00   8.3283780e-03
   4.5040834e+04   9.2204648e+02   2.7692609e-14   9.2204648e+02   1.0000000e+00   8.3279554e-03
   2.1671823e+05   4.4765059e-01   5.8277103e-13   4.4765059e-01   1.0000000e+00   8.2947627e-03
   7.0275784e+04   1.1840750e+02   6.2938431e-14   1.1840750e+02   1.0000000e+00   8.2835426e-03
   2.1524489e+05   4.1555818e-01   6.0019253e-13   4.1555818e-01   1.0000000e+00   8.2792552e-03
   6.0670203e+04   2.2802209e+02   4.8420610e-14   2.2802209e+02   1.0000000e+00   8.2641113e-03
   1.3705644e+05   3.5987705e+00   2.5392595e-13   3.5987705e+00   1.0000000e+00   8.2570449e-03
   1.4577886e+05   3.4578111e+00   2.5821502e-13   3.4578111e+00   1.0000000e+00   8.2299098e-03
   4.9133153e+04   6.9631558e+02   3.0992345e-14   6.9631558e+02   1.0000000e+00   8.1452349e-03
   4.7258173e+04   8.0179857e+02   2.9283378e-14   8.0179857e+02   1.0000000e+00   8.1416926e-03
   8.4368595e+04   2.8271527e+01   1.1227607e-13   2.8271527e+01   1.0000000e+00   8.1397773e-03
   1.2395811e+05   7.0583754e+00   1.9406134e-13   7.0583754e+00   1.0000000e+00   8.1221163e-03
   4.7454103e+04   6.8275664e+02   3.1240271e-14   6.8275664e+02   1.0000000e+00   8.1159293e-03
   2.2812994e+05   3.3580588e-01   6.5335768e-13   3.3580588e-01   1.0000000e+00   8.1146919e-03
   5.1059451e+04   5.2886839e+02   3.4587155e-14   5.2886839e+02   1.0000000e+00   8.0707675e-03
   6.0290083e+04   2.6320202e+02   4.5752141e-14   2.6320202e+02   1.0000000e+00   8.0476998e-03
   4.6143612e+04   9.1379941e+02   2.7791262e-14   9.1379941e+02   1.0000000e+00   8.0373631e-03
   2.7897850e+05   1.1922353e-01   9.8657478e-13   1.1922353e-01   1.0000000e+00   8.0368455e-03
   1.5068925e+05   2.2428940e+00   3.0663952e-13   2.2428940e+00   1.0000000e+00   8.0289460e-03
   4.7554480e+04   7.8337225e+02   2.9557923e-14   7.8337225e+02   1.0000000e+00   8.0243793e-03
   6.3550707e+04   1.7022583e+02   5.4426047e-14   1.7022583e+02   1.0000000e+00   8.0102037e-03
   2.1878247e+05   3.2952392e-01   6.5915038e-13   3.2952392e-01   1.0000000e+00   7.9927078e-03
   5.4145734e+04   3.4566727e+02   4.1027817e-14   3.4566727e+02   1.0000000e+00   7.9746890e-03
   2.6759421e+05   1.2272396e-01   9.7665393e-13   1.2272396e-01   1.0000000e+00   7.9613057e-03
   5.1458785e+04   4.2541223e+02   3.7779041e-14   4.2541223e+02   1.0000000e+00   7.9410021e-03
   5.3072367e+04   4.0393313e+02   3.8532412e-14   4.0393313e+02   1.0000000e+00   7.9320829e-03
   2.5049446e+05   2.3631116e-01   7.5207333e-13   2.3631116e-01   1.0000000e+00   7.9265996e-03
   1.9316804e+05   6.3649911e-01   5.0679967e-13   6.3649911e-01   1.0000000e+00   7.9170197e-03
   5.9853886e+04   2.3374352e+02   4.7944049e-14   2.3374352e+02   1.0000000e+00   7.8770328e-03
   1.7701647e+05   1.1781846e+00   3.9625091e-13   1.1781846e+00   1.0000000e+00   7.8768378e-03
   4.7323237e+04   7.3054714e+02   3.0395940e-14   7.3054714e+02   1.0000000e+00   7.8683319e-03
   1.0879252e+05   1.2974556e+01   1.5217153e-13   1.2974556e+01   1.0000000e+00   7.8506916e-03
   2.7949328e+05   1.3611857e-01   9.3652101e-13   1.3611857e-01   1.0000000e+00   7.8296546e-03
   4.9713475e+04   7.1459261e+02   3.0700754e-14   7.1459261e+02   1.0000000e+00   7.8166582e-03
   1.6281659e+05   1.6461702e+00   3.4676318e-13   1.6461702e+00   1.0000000e+00   7.8138535e-03
   6.1583899e+04   1.5857832e+02   5.6143710e-14   1.5857832e+02   1.0000000e+00   7.8104999e-03
   9.8868546e+04   1.7230730e+01   1.3597850e-13   1.7230730e+01   1.0000000e+00   7.8084561e-03
   4.6312320e+04   9.6947838e+02   2.7156229e-14   9.6947838e+02   1.0000000e+00   7.8007392e-03
   5.5052618e+04   3.9018348e+02   3.9069501e-14   3.9018348e+02   1.0000000e+00   7.7976506e-03
   2.2221919e+05   3.6340975e-01   6.3309096e-13   3.6340975e-01   1.0000000e+00   7.7860331e-03
   2.4959924e+05   2.1685010e-01   7.7762952e-13   2.1685010e-01   1.0000000e+00   7.7798624e-03
   2.3569086e+05   2.1532807e-01   7.8161709e-13   2.1532807e-01   1.0000000e+00   7.7748350e-03
   4.4345560e+04   9.0638053e+02   2.7905020e-14   9.0638053e+02   1.0000000e+00   7.7448720e-03
   6.1657063e+04   1.8611592e+02   5.2537990e-14   1.8611592e+02   1.0000000e+00   7.7361664e-03
   4.6822497e+04   8.9797173e+02   2.7996119e-14   8.9797173e+02   1.0000000e+00   7.7086632e-03
   6.5358791e+04   1.4867836e+02   5.7450315e-14   1.4867836e+02   1.0000000e+00   7.6970026e-03
   6.1370048e+04   1.4560884e+02   5.8231705e-14   1.4560884e+02   1.0000000e+00   7.6736137e-03
   4.4705556e+04   9.2564354e+02   2.7654952e-14   9.2564354e+02   1.0000000e+00   7.6690359e-03
   6.4779680e+04   1.5889419e+02   5.5941531e-14   1.5889419e+02   1.0000000e+00   7.6625964e-03
   1.5017994e+05   2.3161241e+00   3.0270116e-13   2.3161241e+00   1.0000000e+00   7.6611713e-03
   5.0411323e+04   5.1057382e+02   3.5090158e-14   5.1057382e+02   1.0000000e+00   7.6398256e-03
   1.8257068e+05   1.2299622e+00   3.9045436e-13   1.2299622e+00   1.0000000e+00   7.6392575e-03
   5.2248935e+04   4.1398082e+02   3.8171488e-14   4.1398082e+02   1.0000000e+00   7.6137505e-03
   5.6988046e+04   2.5457391e+02   4.6394829e-14   2.5457391e+02   1.0000000e+00   7.5971478e-03
   2.6760206e+05   1.8174003e-01   8.3567468e-13   1.8174003e-01   1.0000000e+00   7.5783419e-03
   4.6300893e+04   8.9212856e+02   2.8058829e-14   8.9212856e+02   1.0000000e+00   7.5674709e-03
   2.8079045e+05   1.0759244e-01   1.0279916e-12   1.0759244e-01   1.0000000e+00   7.5566701e-03
   2.4630133e+05   2.0042937e-01   8.0268318e-13   2.0042937e-01   1.0000000e+00   7.5480439e-03
   2.0306330e+05   5.4899170e-01   5.3718828e-13   5.4899170e-01   1.0000000e+00   7.5470441e-03
   4.5112472e+04   9.0933927e+02   2.7847739e-14   9.0933927e+02   1.0000000e+00   7.5299410e-03
   2.7322838e+05   1.3457961e-01   9.4014211e-13   1.3457961e-01   1.0000000e+00   7.5257036e-03
   1.9300961e+05   6.8077456e-01   4.9313709e-13   6.8077456e-01   1.0000000e+00   7.5118874e-03
   5.1028316e+04   4.9427434e+02   3.5542302e-14   4.9427434e+02   1.0000000e+00   7.4948207e-03
   1.4401739e+05   4.4607186e+00   2.3432696e-13   4.4607186e+00   1.0000000e+00   7.4934128e-03
   5.0958075e+04   5.2363815e+02   3.4725301e-14   5.2363815e+02   1.0000000e+00   7.4894991e-03
   2.6940051e+05   1.5815151e-01   8.8200862e-13   1.5815151e-01   1.0000000e+00   7.4581721e-03
   8.1468418e+04   6.1881477e+01   8.1642272e-14   6.1881477e+01   1.0000000e+00   7.4366763e-03
   2.7949327e+05   1.5178878e-01   8.9830817e-13   1.5178878e-01   1.0000000e+00   7.4307101e-03
   7.7303572e+04   4.6996249e+01   9.1457693e-14   4.6996249e+01   1.0000000e+00   7.4262453e-03
   4.4973177e+04   9.6284406e+02   2.7213417e-14   9.6284406e+02   1.0000000e+00   7.4100509e-03
   4.9097081e+04   7.2328484e+02   3.0533772e-14   7.2328484e+02   1.0000000e+00   7.3979863e-03
   4.9739119e+04   7.2699683e+02   3.0499342e-14   7.2699683e+02   1.0000000e+00   7.3966876e-03
   9.9346012e+04   3.5821077e+01   1.0315819e-13   3.5821077e+01   1.0000000e+00   7.3846969e-03
   4.8024840e+04   7.7730612e+02   2.9656529e-14   7.7730612e+02   1.0000000e+00   7.3244346e-03
   2.6915530e+05   1.6345190e-01   8.7074676e-13   1.6345190e-01   1.0000000e+00   7.2930831e-03
   2.0069926e+05   5.6261739e-01   5.3204826e-13   5.6261739e-01   1.0000000e+00   7.2888370e-03
   2.7433172e+05   1.7379513e-01   8.5204922e-13   1.7379513e-01   1.0000000e+00   7.2850336e-03
   5.1945348e+04   5.4451620e+02   3.4205539e-14   5.4451620e+02   1.0000000e+00   7.2784069e-03
   4.9000594e+04   7.0064454e+02   3.0914020e-14   7.0064454e+02   1.0000000e+00   7.2476216e-03
   1.2771936e+05   8.4530182e+00   1.8186288e-13   8.4530182e+00   1.0000000e+00   7.2321256e-03
   4.8488168e+04   7.4613300e+02   3.0147824e-14   7.4613300e+02   1.0000000e+00   7.2255399e-03
   1.2114170e+05   1.2810730e+01   1.5512687e-13   1.2810730e+01   1.0000000e+00   7.2248878e-03
   2.2806901e+05   2.9618419e-01   6.8703383e-13   2.9618419e-01   1.0000000e+00   7.1826532e-03
   7.0839978e+04   9.1968097e+01   6.9643349e-14   9.1968097e+01   1.0000000e+00   7.1808006e-03
   1.9286050e+05   8.6302870e-01   4.4901992e-13   8.6302870e-01   1.0000000e+00   7.1726445e-03
   5.2994749e+04   4.4143066e+02   3.7180164e-14   4.4143066e+02   1.0000000e+00   7.1676611e-03
   2.4762924e+05   1.6744627e-01   8.6406998e-13   1.6744627e-01   1.0000000e+00   7.1664640e-03
   4.9354189e+04   6.6180091e+02   3.1623819e-14   6.6180091e+02   1.0000000e+00   7.1518010e-03
   1.5376802e+05   2.4055709e+00   2.9813021e-13   2.4055709e+00   1.0000000e+00   7.1045231e-03
   2.1754821e+05   3.2453972e-01   6.6361582e-13   3.2453972e-01   1.0000000e+00   7.0956156e-03
   7.0028890e+04   8.9417333e+01   7.0506451e-14   8.9417333e+01   1.0000000e+00   7.0862768e-03
   1.4863115e+05   2.0621472e+00   3.1774145e-13   2.0621472e+00   1.0000000e+00   7.0742876e-03
   5.6687603e+04   2.9680950e+02   4.3581626e-14   2.9680950e+02   1.0000000e+00   7.0378537e-03
   1.6478314e+05   1.6855621e+00   3.4353702e-13   1.6855621e+00   1.0000000e+00   7.0337515e-03
   2.6745922e+05   1.4923914e-01   9.0225097e-13   1.4923914e-01   1.0000000e+00   7.0263519e-03
   5.1957702e+04   5.5645248e+02   3.3918446e-14   5.5645248e+02   1.0000000e+00   7.0006310e-03
   2.1308870e+05   4.3708769e-01   5.8823605e-13   4.3708769e-01   1.0000000e+00   6.9990731e-03
   2.5117926e+05   2.0351676e-01   7.9747156e-13   2.0351676e-01   1.0000000e+00   6.9903543e-03
   5.3008590e+04   3.6430150e+02   4.0200854e-14   3.6430150e+02   1.0000000e+00   6.9666615e-03
   5.5594692e+04   3.8448949e+02   3.9309656e-14   3.8448949e+02   1.0000000e+00   6.9594676e-03
   2.4867212e+05   2.2455213e-01   7.6695171e-13   2.2455213e-01   1.0000000e+00   6.9456342e-03
   6.5769217e+04   1.2136868e+02   6.2409577e-14   1.2136868e+02   1.0000000e+00   6.9429770e-03
   4.7121407e+04   8.6718374e+02   2.8389049e-14   8.6718374e+02   1.0000000e+00   6.9412343e-03
   1.9397086e+05   7.4666749e-01   4.7523602e-13   7.4666749e-01   1.0000000e+00   6.9394829e-03
   2.4887874e+05   2.6609531e-01   7.1836424e-13   2.6609531e-01   1.0000000e+00   6.9189538e-03
   2.7820800e+05   1.1233217e-01   1.0105278e-12   1.1233217e-01   1.0000000e+00   6.8998604e-03
   5.1224846e+04   5.6022086e+02   3.3807532e-14   5.6022086e+02   1.0000000e+00   6.8827725e-03
   2.1124832e+05   3.7956121e-01   6.2335845e-13   3.7956121e-01   1.0000000e+00   6.8736088e-03
   5.2136289e+04   4.2990544e+02   3.7590539e-14   4.2990544e+02   1.0000000e+00   6.8582337e-03
   4.5950470e+04   8.4105155e+02   2.8730081e-14   8.4105155e+02   1.0000000e+00   6.8574317e-03
   2.7322839e+05   1.1839231e-01   9.8992115e-13   1.1839231e-01   1.0000000e+00   6.8487325e-03
   4.5922625e+04   9.8480977e+02   2.6979471e-14   9.8480977e+02   1.0000000e+00   6.8421275e-03
   4.9758574e+04   6.5768794e+02   3.1709651e-14   6.5768794e+02   1.0000000e+00   6.8410836e-03
   2.1124833e+05   3.8885000e-01   6.1715108e-13   3.8885000e-01   1.0000000e+00   6.8351972e-03
   1.3128766e+05   4.6710278e+00   2.2877208e-13   4.6710278e+00   1.0000000e+00   6.8285206e-03
   2.6940052e+05   1.5921222e-01   8.7971516e-13   1.5921222e-01   1.0000000e+00   6.8255545e-03
   5.0471190e+04   5.8758419e+02   3.3164109e-14   5.8758419e+02   1.0000000e+00   6.7769327e-03
   2.6785075e+05   1.5431443e-01   8.9039516e-13   1.5431443e-01   1.0000000e+00   6.7674098e-03
   2.3776870e+05   2.8883409e-01   6.9394800e-13   2.8883409e-01   1.0000000e+00   6.7642765e-03
   6.5476071e+04   1.2687527e+02   6.1291839e-14   1.2687527e+02   1.0000000e+00   6.7306348e-03
   1.0024877e+05   9.4266521e+00   1.7567320e-13   9.4266521e+00   1.0000000e+00   6.7300770e-03
   4.5757530e+04   8.3435812e+02   2.8826551e-14   8.3435812e+02   1.0000000e+00   6.7219142e-03
   2.1896925e+05   3.5888383e-01   6.3649362e-13   3.5888383e-01   1.0000000e+00   6.7144862e-03
   1.9139837e+05   6.5876574e-01   4.9996421e-13   6.5876574e-01   1.0000000e+00   6.7115183e-03
   4.5054562e+04   9.6551864e+02   2.7182740e-14   9.6551864e+02   1.0000000e+00   6.6904366e-03
   4.9234043e+04   7.1200335e+02   3.0725877e-14   7.1200335e+02   1.0000000e+00   6.6873912e-03
   1.9535324e+05   6.0730230e-01   5.1632574e-13   6.0730230e-01   1.0000000e+00   6.6638924e-03
   1.1454456e+05   7.4510829e+00   1.9033681e-13   7.4510829e+00   1.0000000e+00   6.6493210e-03
   1.9353645e+05   6.7088580e-01   4.9602442e-13   6.7088580e-01   1.0000000e+00   6.6423817e-03
   4.5338394e+04   8.4648360e+02   2.8667300e-14   8.4648360e+02   1.0000000e+00   6.6421020e-03
   2.8614623e+05   1.1329200e-01   1.0069325e-12   1.1329200e-01   1.0000000e+00   6.6203196e-03
   4.8938969e+04   5.8498267e+02   3.3233988e-14   5.8498267e+02   1.0000000e+00   6.6087120e-03
   6.9555641e+04   1.2419551e+02   6.1747988e-14   1.2419551e+02   1.0000000e+00   6.5910289e-03
   4.8890342e+04   6.8634835e+02   3.1164817e-14   6.8634835e+02   1.0000000e+00   6.5886972e-03
   5.9432272e+04   2.4643448e+02   4.6940168e-14   2.4643448e+02   1.0000000e+00   6.5683840e-03
   4.6510413e+04   9.5730084e+02   2.7296555e-14   9.5730084e+02   1.0000000e+00   6.5583101e-03
   1.5005030e+05   2.5391364e+00   2.9171821e-13   2.5391364e+00   1.0000000e+00   6.5251115e-03
   2.0376392e+05   5.6860843e-01   5.2969204e-13   5.6860843e-01   1.0000000e+00   6.5167166e-03
   4.7884955e+04   7.5209062e+02   3.0043332e-14   7.5209062e+02   1.0000000e+00   6.4927442e-03
   4.7586591e+04   7.9215340e+02   2.9428147e-14   7.9215340e+02   1.0000000e+00   6.4807944e-03
   2.7201862e+05   1.6536679e-01   8.6745649e-13   1.6536679e-01   1.0000000e+00   6.4785692e-03
   1.7711534e+05   1.1401993e+00   4.0142911e-13   1.1401993e+00   1.0000000e+00   6.4687822e-03
   8.2084812e+04   5.3189249e+01   8.6634338e-14   5.3189249e+01   1.0000000e+00   6.4640419e-03
   1.9365441e+05   8.4085067e-01   4.5366801e-13   8.4085067e-01   1.0000000e+00   6.4604996e-03
   1.6462571e+05   1.5910002e+00   3.5149737e-13   1.5910002e+00   1.0000000e+00   6.4482136e-03
   5.9931528e+04   2.1615974e+02   4.9483917e-14   2.1615974e+02   1.0000000e+00   6.4469735e-03
   1.8297219e+05   1.2727920e+00   3.8556518e-13   1.2727920e+00   1.0000000e+00   6.4421442e-03
   4.7353850e+04   8.1848244e+02   2.9046779e-14   8.1848244e+02   1.0000000e+00   6.4339438e-03
   5.8434536e+04   3.0941808e+02   4.2889781e-14   3.0941808e+02   1.0000000e+00   6.3783896e-03
   5.5757638e+04   3.3308583e+02   4.1613431e-14   3.3308583e+02   1.0000000e+00   6.3765297e-03
   1.1030678e+05   1.1741164e+01   1.5835002e-13   1.1741164e+01   1.0000000e+00   6.3613275e-03
   1.7683848e+05   1.0546061e+00   4.1418375e-13   1.0546061e+00   1.0000000e+00   6.3553258e-03
   2.4630135e+05   2.0557652e-01   7.9447687e-13   2.0557652e-01   1.0000000e+00   6.3327555e-03
   6.5111298e+04   2.1906959e+02   4.9427061e-14   2.1906959e+02   1.0000000e+00   6.3311391e-03
   2.5998445e+05   1.7555441e-01   8.4581389e-13   1.7555441e-01   1.0000000e+00   6.3215970e-03
   5.2256828e+04   4.6836386e+02   3.6309678e-14   4.6836386e+02   1.0000000e+00   6.3117765e-03
   5.3083845e+04   3.3073605e+02   4.1849393e-14   3.3073605e+02   1.0000000e+00   6.2987955e-03
   5.9726138e+04   2.0477581e+02   5.0602726e-14   2.0477581e+02   1.0000000e+00   6.2855001e-03
   5.2714605e+04   3.4968723e+02   4.0910376e-14   3.4968723e+02   1.0000000e+00   6.2806779e-03
   2.2571358e+05   3.1780827e-01   6.6794098e-13   3.1780827e-01   1.0000000e+00   6.2762202e-03
   7.2941338e+04   7.6498223e+01   7.4993436e-14   7.6498223e+01   1.0000000e+00   6.2514252e-03
   2.4652759e+05   2.5089732e-01   7.3420161e-13   2.5089732e-01   1.0000000e+00   6.2503157e-03
   5.2297184e+04   4.3439466e+02   3.7428093e-14   4.3439466e+02   1.0000000e+00   6.2405405e-03
   6.0967027e+04   1.3033717e+02   6.1141247e-14   1.3033717e+02   1.0000000e+00   6.2287566e-03
   5.7147568e+04   2.9293330e+02   4.3807278e-14   2.9293330e+02   1.0000000e+00   6.2233204e-03
   1.4282513e+05   2.1957808e+00   3.1085673e-13   2.1957808e+00   1.0000000e+00   6.2109507e-03
   4.5312284e+04   9.5170403e+02   2.7339877e-14   9.5170403e+02   1.0000000e+00   6.2014549e-03
   2.7900727e+05   1.1075095e-01   1.0162436e-12   1.1075095e-01   1.0000000e+00   6.1925036e-03
   4.3727069e+04   9.8806637e+02   2.6952199e-14   9.8806637e+02   1.0000000e+00   6.1902348e-03
   2.1986784e+05   4.9958958e-01   5.5925060e-13   4.9958958e-01   1.0000000e+00   6.1679491e-03
   9.6949175e+04   1.4951471e+01   1.4457772e-13   1.4951471e+01   1.0000000e+00   6.1408653e-03
   7.0188279e+04   8.6617332e+01   7.1432509e-14   8.6617332e+01   1.0000000e+00   6.0894181e-03
   1.4727244e+05   2.6732926e+00   2.8580635e-13   2.6732926e+00   1.0000000e+00   6.0514687e-03
   1.9592832e+05   7.6672461e-01   4.7047678e-13   7.6672461e-01   1.0000000e+00   6.0506338e-03
   2.7754966e+05   1.2854460e-01   9.5750716e-13   1.2854460e-01   1.0000000e+00   6.0488712e-03
   2.5686715e+05   1.7425237e-01   8.4834843e-13   1.7425237e-01   1.0000000e+00   6.0482546e-03
   1.9609409e+05   7.2842174e-01   4.8000736e-13   7.2842174e-01   1.0000000e+00   6.0469409e-03
   6.2655720e+04   1.9531372e+02   5.1512592e-14   1.9531372e+02   1.0000000e+00   6.0340802e-03
   2.1959039e+05   3.8371400e-01   6.1953338e-13   3.8371400e-01   1.0000000e+00   6.0286748e-03
   2.5686747e+05   1.3941654e-01   9.2948930e-13   1.3941654e-01   1.0000000e+00   6.0260177e-03
   6.0216663e+04   3.1167354e+02   4.2888031e-14   3.1167354e+02   1.0000000e+00   5.9768572e-03
   2.6255332e+05   1.9856053e-01   8.0668432e-13   1.9856053e-01   1.0000000e+00   5.9724037e-03
   1.4670865e+05   4.0022265e+00   2.4455639e-13   4.0022265e+00   1.0000000e+00   5.9583826e-03
   1.9231019e+05   6.9773699e-01   4.8830563e-13   6.9773699e-01   1.0000000e+00   5.9518964e-03
   4.7320282e+04   6.2333724e+02   3.2440053e-14   6.2333724e+02   1.0000000e+00   5.9390152e-03
   5.1188335e+04   5.4826529e+02   3.4096042e-14   5.4826529e+02   1.0000000e+00   5.9341805e-03
   6.2018866e+04   2.5089493e+02   4.6700339e-14   2.5089493e+02   1.0000000e+00   5.9198682e-03
   1.6360708e+05   1.5707501e+00   3.5333499e-13   1.5707501e+00   1.0000000e+00   5.9127067e-03
   4.5444058e+04   8.9406865e+02   2.8034796e-14   8.9406865e+02   1.0000000e+00   5.9045649e-03
   5.3094991e+04   3.0053518e+02   4.3579057e-14   3.0053518e+02   1.0000000e+00   5.8992455e-03
   2.4793185e+05   2.0909992e-01   7.8895293e-13   2.0909992e-01   1.0000000e+00   5.8940221e-03
   8.2746005e+04   4.8704781e+01   8.9723872e-14   4.8704781e+01   1.0000000e+00   5.8633852e-03
   5.1964900e+04   4.7322279e+02   3.6160689e-14   4.7322279e+02   1.0000000e+00   5.8539065e-03
   6.7425550e+04   1.3207419e+02   6.0230370e-14   1.3207419e+02   1.0000000e+00   5.8296618e-03
   2.4792171e+05   2.4887261e-01   7.3673772e-13   2.4887261e-01   1.0000000e+00   5.8228619e-03
   5.7288111e+04   2.8200728e+02   4.4482030e-14   2.8200728e+02   1.0000000e+00   5.8130095e-03
   2.7926144e+05   1.2073432e-01   9.8163572e-13   1.2073432e-01   1.0000000e+00   5.7931101e-03
   2.0883625e+05   3.9688276e-01   6.1249830e-13   3.9688276e-01   1.0000000e+00   5.7698584e-03
   2.4793189e+05   2.2505119e-01   7.6623481e-13   2.2505119e-01   1.0000000e+00   5.7338555e-03
   2.3666724e+05   2.3970184e-01   7.4760596e-13   2.3970184e-01   1.0000000e+00   5.7307530e-03
   4.8218038e+04   6.7837301e+02   3.1308982e-14   6.7837301e+02   1.0000000e+00   5.7274255e-03
   5.8158299e+04   3.0549537e+02   4.3093865e-14   3.0549537e+02   1.0000000e+00   5.6945863e-03
   1.5955647e+05   2.6290094e+00   2.8913238e-13   2.6290094e+00   1.0000000e+00   5.6932761e-03
   6.1394378e+04   1.7386943e+02   5.4042837e-14   1.7386943e+02   1.0000000e+00   5.6878922e-03
   5.2817735e+04   4.5628041e+02   3.6692094e-14   4.5628041e+02   1.0000000e+00   5.6736220e-03
   7.0947276e+04   1.1052599e+02   6.4685672e-14   1.1052599e+02   1.0000000e+00   5.6736176e-03
   1.8413880e+05   1.2088333e+00   3.9337706e-13   1.2088333e+00   1.0000000e+00   5.6727870e-03
   2.6825180e+05   1.9080250e-01   8.2065692e-13   1.9080250e-01   1.0000000e+00   5.6708308e-03
   1.3340163e+05   5.1357516e+00   2.2040052e-13   5.1357516e+00   1.0000000e+00   5.6545362e-03
   4.7381278e+04   8.7270162e+02   2.8326388e-14   8.7270162e+02   1.0000000e+00   5.6542888e-03
   6.3819254e+04   1.6667777e+02   5.4886204e-14   1.6667777e+02   1.0000000e+00   5.6517234e-03
   6.2039120e+04   1.9045963e+02   5.2038249e-14   1.9045963e+02   1.0000000e+00   5.6506284e-03
   4.5346459e+04   9.4832888e+02   2.7378797e-14   9.4832888e+02   1.0000000e+00   5.6360304e-03
   8.3094402e+04   6.4547229e+01   8.0516292e-14   6.4547229e+01   1.0000000e+00   5.6304503e-03
   7.0923206e+04   8.4786199e+01   7.2009800e-14   8.4786199e+01   1.0000000e+00   5.6284196e-03
   4.4376492e+04   9.5819899e+02   2.7275211e-14   9.5819899e+02   1.0000000e+00   5.6243998e-03
   2.2336579e+05   3.3334003e-01   6.5538257e-13   3.3334003e-01   1.0000000e+00   5.6235505e-03
   2.8681267e+05   1.1617294e-01   9.9715319e-13   1.1617294e-01   1.0000000e+00   5.6183176e-03
   5.6603258e+04   3.1810071e+02   4.2385643e-14   3.1810071e+02   1.0000000e+00   5.6153543e-03
   4.6785016e+04   8.2825665e+02   2.8904118e-14   8.2825665e+02   1.0000000e+00   5.5761476e-03
   2.6915336e+05   1.1196468e-01   1.0140464e-12   1.1196468e-01   1.0000000e+00   5.5443085e-03
   6.2053005e+04   1.8140915e+02   5.3076024e-14   1.8140915e+02   1.0000000e+00   5.5114247e-03
   4.6922459e+04   8.8368439e+02   2.8175151e-14   8.8368439e+02   1.0000000e+00   5.5029752e-03
   4.7756421e+04   8.8119384e+02   2.8235206e-14   8.8119384e+02   1.0000000e+00   5.4913723e-03
   7.0764681e+04   9.5184667e+01   6.8676431e-14   9.5184667e+01   1.0000000e+00   5.4826559e-03
   4.7070141e+04   8.6048971e+02   2.8474325e-14   8.6048971e+02   1.0000000e+00   5.4743277e-03
   1.1986089e+05   6.6710245e+00   1.9858441e-13   6.6710245e+00   1.0000000e+00   5.4645308e-03
   4.8214588e+04   7.8522040e+02   2.9543809e-14   7.8522040e+02   1.0000000e+00   5.4552730e-03
   5.2553221e+04   4.5217955e+02   3.6824184e-14   4.5217955e+02   1.0000000e+00   5.4426875e-03
   6.1730396e+04   1.4227870e+02   5.8763391e-14   1.4227870e+02   1.0000000e+00   5.4401301e-03
   5.8215813e+04   2.8779989e+02   4.4120058e-14   2.8779989e+02   1.0000000e+00   5.4376186e-03
   1.8838877e+05   7.1501747e-01   4.8388128e-13   7.1501747e-01   1.0000000e+00   5.4260006e-03
   5.5624362e+04   4.0999758e+02   3.8342607e-14   4.0999758e+02   1.0000000e+00   5.4255558e-03
   2.1671821e+05   3.4877240e-01   6.4432275e-13   3.4877240e-01   1.0000000e+00   5.4247280e-03
   4.7113431e+04   8.3846959e+02   2.8767436e-14   8.3846959e+02   1.0000000e+00   5.4236830e-03
   4.8469231e+04   7.9749308e+02   2.9374879e-14   7.9749308e+02   1.0000000e+00   5.3930959e-03
   1.7707381e+05   1.1127258e+00   4.0534692e-13   1.1127258e+00   1.0000000e+00   5.3584950e-03
   1.0128966e+05   1.9319889e+01   1.2984020e-13   1.9319889e+01   1.0000000e+00   5.3544442e-03
   9.5381846e+04   3.1992705e+01   1.0651782e-13   3.1992705e+01   1.0000000e+00   5.3269114e-03
   8.3951141e+04   4.2026687e+01   9.5182581e-14   4.2026687e+01   1.0000000e+00   5.3234542e-03
   2.7070878e+05   1.2538497e-01   9.6746890e-13   1.2538497e-01   1.0000000e+00   5.3157585e-03
   5.1418385e+04   5.4116195e+02   3.4275846e-14   5.4116195e+02   1.0000000e+00   5.3081621e-03
   2.6940051e+05   1.2710204e-01   9.6233685e-13   1.2710204e-01   1.0000000e+00   5.2913189e-03
   5.0772307e+04   5.6315265e+02   3.3730833e-14   5.6315265e+02   1.0000000e+00   5.2892478e-03
   2.7364648e+05   1.5601342e-01   8.8740295e-13   1.5601342e-01   1.0000000e+00   5.2870078e-03
   5.2803637e+04   4.5902649e+02   3.6604490e-14   4.5902649e+02   1.0000000e+00   5.2654286e-03
   1.0614744e+05   1.1016523e+01   1.6278969e-13   1.1016523e+01   1.0000000e+00   5.2650969e-03
   4.8248248e+04   6.9263037e+02   3.1048350e-14   6.9263037e+02   1.0000000e+00   5.2494088e-03
   2.1870056e+05   3.7033274e-01   6.2847623e-13   3.7033274e-01   1.0000000e+00   5.2141344e-03
   4.9048409e+04   6.2028358e+02   3.2451339e-14   6.2028358e+02   1.0000000e+00   5.2057096e-03
   2.3773645e+05   2.8877324e-01   6.9400172e-13   2.8877324e-01   1.0000000e+00   5.2014935e-03
   5.1549565e+04   5.1918602e+02   3.4845226e-14   5.1918602e+02   1.0000000e+00   5.1879048e-03
   5.9848303e+04   2.2610702e+02   4.8590470e-14   2.2610702e+02   1.0000000e+00   5.1830891e-03
   5.2351662e+04   4.6278775e+02   3.6484092e-14   4.6278775e+02   1.0000000e+00   5.1829816e-03
   1.2936220e+05   5.7341531e+00   2.1084134e-13   5.7341531e+00   1.0000000e+00   5.1624909e-03
   4.7360178e+04   7.7129821e+02   2.9739935e-14   7.7129821e+02   1.0000000e+00   5.1250120e-03
   2.7367695e+05   1.8394744e-01   8.3402439e-13   1.8394744e-01   1.0000000e+00   5.1132941e-03
   4.5181029e+04   9.9583345e+02   2.6849282e-14   9.9583345e+02   1.0000000e+00   5.1045182e-03
   6.2483310e+04   2.3537872e+02   4.7884714e-14   2.3537872e+02   1.0000000e+00   5.0792590e-03
   1.4298491e+05   3.7964658e+00   2.4876060e-13   3.7964658e+00   1.0000000e+00   5.0645967e-03
   5.2854171e+04   4.8423376e+02   3.5839801e-14   4.8423376e+02   1.0000000e+00   5.0560384e-03
   6.2944697e+04   2.3855957e+02   4.7673122e-14   2.3855957e+02   1.0000000e+00   5.0423350e-03
   5.1121113e+04   5.3150770e+02   3.4518616e-14   5.3150770e+02   1.0000000e+00   5.0296695e-03
   5.4408961e+04   5.0557469e+02   3.5327492e-14   5.0557469e+02   1.0000000e+00   5.0081073e-03
   8.2278274e+04   5.1068507e+01   8.8044373e-14   5.1068507e+01   1.0000000e+00   5.0075168e-03
   6.2529490e+04   2.0072596e+02   5.0954989e-14   2.0072596e+02   1.0000000e+00   5.0028204e-03
   8.8143329e+04   3.9620784e+01   9.7490710e-14   3.9620784e+01   1.0000000e+00   4.9998685e-03
   2.0376389e+05   5.9491333e-01   5.2029742e-13   5.9491333e-01   1.0000000e+00   4.9945412e-03
   5.6188621e+04   3.5622635e+02   4.0520953e-14   3.5622635e+02   1.0000000e+00   4.9918789e-03
   2.7073165e+05   1.2556041e-01   9.6691557e-13   1.2556041e-01   1.0000000e+00   4.9783473e-03
   8.2613213e+04   5.5057022e+01   8.5491945e-14   5.5057022e+01   1.0000000e+00   4.9739175e-03
   5.5622157e+04   4.0794839e+02   3.8416644e-14   4.0794839e+02   1.0000000e+00   4.9731326e-03
   1.7718568e+05   1.0402896e+00   4.1645574e-13   1.0402896e+00   1.0000000e+00   4.9670409e-03
   4.8446458e+04   7.4852060e+02   3.0109057e-14   7.4852060e+02   1.0000000e+00   4.9480631e-03
   1.8417603e+05   1.3172475e+00   3.8104673e-13   1.3172475e+00   1.0000000e+00   4.9413450e-03
   4.8180574e+04   6.2611891e+02   3.2345013e-14   6.2611891e+02   1.0000000e+00   4.9336587e-03
   4.5702703e+04   7.7347303e+02   2.9737388e-14   7.7347303e+02   1.0000000e+00   4.9091092e-03
   5.5128829e+04   4.4507635e+02   3.7126921e-14   4.4507635e+02   1.0000000e+00   4.8950490e-03
   4.8672323e+04   6.8921930e+02   3.1110958e-14   6.8921930e+02   1.0000000e+00   4.8860674e-03
   4.8721621e+04   7.0798475e+02   3.0782090e-14   7.0798475e+02   1.0000000e+00   4.8853899e-03
   1.0637507e+05   1.8418920e+01   1.3275103e-13   1.8418920e+01   1.0000000e+00   4.8825875e-03
   5.0469979e+04   5.7192545e+02   3.3521660e-14   5.7192545e+02   1.0000000e+00   4.8734988e-03
   1.3587831e+05   4.3144348e+00   2.3613175e-13   4.3144348e+00   1.0000000e+00   4.8707679e-03
   2.2569272e+05   3.1201612e-01   6.7293114e-13   3.1201612e-01   1.0000000e+00   4.8555791e-03
   4.7120468e+04   8.6187751e+02   2.8457447e-14   8.6187751e+02   1.0000000e+00   4.8518036e-03
   2.7752676e+05   1.2106237e-01   9.8060264e-13   1.2106237e-01   1.0000000e+00   4.8329127e-03
   4.9560139e+04   5.7733203e+02   3.3399096e-14   5.7733203e+02   1.0000000e+00   4.8062690e-03
   1.0919021e+05   9.6600858e+00   1.7152923e-13   9.6600858e+00   1.0000000e+00   4.8062336e-03
   4.6029749e+04   9.1740530e+02   2.7746615e-14   9.1740530e+02   1.0000000e+00   4.8037391e-03
   2.2740186e+05   3.5382645e-01   6.4000526e-13   3.5382645e-01   1.0000000e+00   4.8030350e-03
   5.5775672e+04   3.7889358e+02   3.9541323e-14   3.7889358e+02   1.0000000e+00   4.7701161e-03
   6.0945242e+04   2.6944193e+02   4.5374929e-14   2.6944193e+02   1.0000000e+00   4.7654110e-03
   4.6342475e+04   9.3719834e+02   2.7519082e-14   9.3719834e+02   1.0000000e+00   4.7564999e-03
   5.1606609e+04   4.7405153e+02   3.6138834e-14   4.7405153e+02   1.0000000e+00   4.7539392e-03
   4.9516413e+04   6.3820859e+02   3.2083920e-14   6.3820859e+02   1.0000000e+00   4.7528740e-03
   4.8885660e+04   6.1255429e+02   3.2618327e-14   6.1255429e+02   1.0000000e+00   4.7514012e-03
   6.2959224e+04   2.2202133e+02   4.9000317e-14   2.2202133e+02   1.0000000e+00   4.7462754e-03
   2.1317543e+05   4.1914382e-01   5.9824199e-13   4.1914382e-01   1.0000000e+00   4.7437713e-03
   5.9458549e+04   2.4899558e+02   4.6746463e-14   2.4899558e+02   1.0000000e+00   4.6934599e-03
   8.3580084e+04   4.4487004e+01   9.3032106e-14   4.4487004e+01   1.0000000e+00   4.6880592e-03
   5.1063202e+04   5.6538811e+02   3.3682252e-14   5.6538811e+02   1.0000000e+00   4.6730777e-03
   4.6289206e+04   7.8875370e+02   2.9482352e-14   7.8875370e+02   1.0000000e+00   4.6497797e-03
   2.8106370e+05   1.1539395e-01   9.9946717e-13   1.1539395e-01   1.0000000e+00   4.6490410e-03
   5.2452866e+04   4.3200772e+02   3.7508764e-14   4.3200772e+02   1.0000000e+00   4.6471953e-03
   2.4612676e+05   1.8969198e-01   8.2096895e-13   1.8969198e-01   1.0000000e+00   4.6411173e-03
   1.9579775e+05   7.5669841e-01   4.7288032e-13   7.5669841e-01   1.0000000e+00   4.6351704e-03
   4.8778284e+04   6.0704395e+02   3.2740305e-14   6.0704395e+02   1.0000000e+00   4.6121518e-03
   2.5873441e+05   1.9509403e-01   8.1140557e-13   1.9509403e-01   1.0000000e+00   4.5891204e-03
   1.8665443e+05   1.3473495e+00   3.7883643e-13   1.3473495e+00   1.0000000e+00   4.5827768e-03
   5.1623481e+04   5.2156924e+02   3.4782701e-14   5.2156924e+02   1.0000000e+00   4.5688696e-03
   5.1308578e+04   4.9083615e+02   3.5638452e-14   4.9083615e+02   1.0000000e+00   4.5613743e-03
   1.3310483e+05   4.9370198e+00   2.2380381e-13   4.9370198e+00   1.0000000e+00   4.5609517e-03
   2.1477078e+05   4.4008674e-01   5.8661334e-13   4.4008674e-01   1.0000000e+00   4.5566798e-03
   4.7547486e+04   5.9166755e+02   3.3139748e-14   5.9166755e+02   1.0000000e+00   4.5530260e-03
   4.8923341e+04   6.6584895e+02   3.1542801e-14   6.6584895e+02   1.0000000e+00   4.5496899e-03
   8.3821810e+04   4.4127159e+01   9.3333175e-14   4.4127159e+01   1.0000000e+00   4.5459120e-03
   4.6991820e+04   7.5490669e+02   2.9999732e-14   7.5490669e+02   1.0000000e+00   4.5454711e-03
   6.0512671e+04   1.8841916e+02   5.2327915e-14   1.8841916e+02   1.0000000e+00   4.5424376e-03
   2.4793182e+05   2.3306380e-01   7.5577327e-13   2.3306380e-01   1.0000000e+00   4.5406975e-03
   4.8092857e+04   8.1004437e+02   2.9183673e-14   8.1004437e+02   1.0000000e+00   4.5400500e-03
   1.9327943e+05   8.5673804e-01   4.5035138e-13   8.5673804e-01   1.0000000e+00   4.5295039e-03
   5.9600491e+04   2.7894602e+02   4.4702198e-14   2.7894602e+02   1.0000000e+00   4.5245413e-03
   1.5755365e+05   2.3975461e+00   2.9889858e-13   2.3975461e+00   1.0000000e+00   4.5219693e-03
   4.7848434e+04   8.1643265e+02   2.9086781e-14   8.1643265e+02   1.0000000e+00   4.5205962e-03
   4.5416218e+04   9.4557409e+02   2.7410744e-14   9.4557409e+02   1.0000000e+00   4.5080322e-03
   4.9662964e+04   6.7237709e+02   3.1433872e-14   6.7237709e+02   1.0000000e+00   4.5011485e-03
   1.2129678e+05   8.7835702e+00   1.7807241e-13   8.7835702e+00   1.0000000e+00   4.4978128e-03
   2.7503718e+05   1.3757636e-01   9.3207102e-13   1.3757636e-01   1.0000000e+00   4.4972652e-03
   6.1093614e+04   2.2324017e+02   4.8833812e-14   2.2324017e+02   1.0000000e+00   4.4835259e-03
   7.7751560e+04   6.5593119e+01   7.9663921e-14   6.5593119e+01   1.0000000e+00   4.4799316e-03
   4.9442552e+04   5.7293560e+02   3.3504777e-14   5.7293560e+02   1.0000000e+00   4.4718042e-03
   6.0432815e+04   2.6547691e+02   4.5605782e-14   2.6547691e+02   1.0000000e+00   4.4663315e-03
   7.1448676e+04   7.9509497e+01   7.3915070e-14   7.9509497e+01   1.0000000e+00   4.4442749e-03
   1.8355613e+05   1.2893864e+00   3.8387231e-13   1.2893864e+00   1.0000000e+00   4.4260764e-03
   2.8465875e+05   1.0745581e-01   1.0282203e-12   1.0745581e-01   1.0000000e+00   4.4197004e-03
   5.7662260e+04   2.7184007e+02   4.5140797e-14   2.7184007e+02   1.0000000e+00   4.4039931e-03
   1.4797622e+05   1.7643039e+00   3.3963160e-13   1.7643039e+00   1.0000000e+00   4.3985065e-03
   4.8159445e+04   7.9619351e+02   2.9382553e-14   7.9619351e+02   1.0000000e+00   4.3934273e-03
   6.0155607e+04   2.0267265e+02   5.0796644e-14   2.0267265e+02   1.0000000e+00   4.3918530e-03
   5.1533394e+04   4.7784343e+02   3.6023703e-14   4.7784343e+02   1.0000000e+00   4.3823301e-03
   4.6764889e+04   9.4156753e+02   2.7481642e-14   9.4156753e+02   1.0000000e+00   4.3794855e-03
   9.2579526e+04   3.3684052e+01   1.0413366e-13   3.3684052e+01   1.0000000e+00   4.3767868e-03
   7.5123476e+04   5.8153734e+01   8.3855930e-14   5.8153734e+01   1.0000000e+00   4.3632733e-03
   9.7035684e+04   1.5388609e+01   1.4279840e-13   1.5388609e+01   1.0000000e+00   4.3480849e-03
   6.2106927e+04   1.9808341e+02   5.1222674e-14   1.9808341e+02   1.0000000e+00   4.3411093e-03
   1.5049271e+05   2.1345145e+00   3.1293266e-13   2.1345145e+00   1.0000000e+00   4.3211831e-03
   4.5159018e+04   9.7764113e+02   2.7047243e-14   9.7764113e+02   1.0000000e+00   4.3193543e-03
   1.0602227e+05   1.8088898e+01   1.3360571e-13   1.8088898e+01   1.0000000e+00   4.3180274e-03
   2.1129057e+05   3.9937152e-01   6.1039048e-13   3.9937152e-01   1.0000000e+00   4.3176144e-03
   1.4053865e+05   2.8492426e+00   2.7907455e-13   2.8492426e+00   1.0000000e+00   4.3149642e-03
   2.4925515e+05   2.6522538e-01   7.1936130e-13   2.6522538e-01   1.0000000e+00   4.3101046e-03
   1.9188434e+05   7.0240472e-01   4.8702162e-13   7.0240472e-01   1.0000000e+00   4.3076421e-03
   9.7945077e+04   3.0327171e+01   1.0906830e-13   3.0327171e+01   1.0000000e+00   4.3058611e-03
   5.0708505e+04   5.6816628e+02   3.3611716e-14   5.6816628e+02   1.0000000e+00   4.3034319e-03
   2.6437448e+05   1.6840114e-01   8.6006935e-13   1.6840114e-01   1.0000000e+00   4.3020802e-03
   1.3738834e+05   3.9348134e+00   2.4495193e-13   3.9348134e+00   1.0000000e+00   4.2826641e-03
   1.4801418e+05   1.7707318e+00   3.3908898e-13   1.7707318e+00   1.0000000e+00   4.2794066e-03
   1.1460692e+05   1.0377072e+01   1.6639274e-13   1.0377072e+01   1.0000000e+00   4.2780112e-03
   5.2524299e+04   4.4776050e+02   3.6969744e-14   4.4776050e+02   1.0000000e+00   4.2712859e-03
   4.9603861e+04   6.6962328e+02   3.1482895e-14   6.6962328e+02   1.0000000e+00   4.2703842e-03
   1.3924345e+05   2.8955546e+00   2.7742252e-13   2.8955546e+00   1.0000000e+00   4.2621623e-03
   5.5441251e+04   3.4197256e+02   4.1177728e-14   3.4197256e+02   1.0000000e+00   4.2593345e-03
   4.7752176e+04   6.5884104e+02   3.1690466e-14   6.5884104e+02   1.0000000e+00   4.1966136e-03
   2.6582907e+05   1.7061696e-01   8.5585723e-13   1.7061696e-01   1.0000000e+00   4.1918033e-03
   2.2761129e+05   3.5183726e-01   6.4143938e-13   3.5183726e-01   1.0000000e+00   4.1917973e-03
   5.9933905e+04   2.6738315e+02   4.5458462e-14   2.6738315e+02   1.0000000e+00   4.1892752e-03
   5.5585648e+04   4.0028954e+02   3.8697623e-14   4.0028954e+02   1.0000000e+00   4.1575676e-03
   4.6001520e+04   9.2962600e+02   2.7601079e-14   9.2962600e+02   1.0000000e+00   4.1352773e-03
   1.0937905e+05   1.0545268e+01   1.6540685e-13   1.0545268e+01   1.0000000e+00   4.1334505e-03
   5.7955759e+04   2.9367787e+02   4.3764532e-14   2.9367787e+02   1.0000000e+00   4.0954012e-03
   4.8582361e+04   6.3304989e+02   3.2191230e-14   6.3304989e+02   1.0000000e+00   4.0952227e-03
   7.1426061e+04   9.4889373e+01   6.8744889e-14   9.4889373e+01   1.0000000e+00   4.0866672e-03
   2.6811230e+05   1.5256074e-01   8.9443373e-13   1.5256074e-01   1.0000000e+00   4.0711203e-03
   5.8441285e+04   2.7553531e+02   4.4892126e-14   2.7553531e+02   1.0000000e+00   4.0587337e-03
   2.7861973e+05   1.1471827e-01   1.0019459e-12   1.1471827e-01   1.0000000e+00   4.0538004e-03
   4.9085342e+04   8.1362915e+02   2.9180905e-14   8.1362915e+02   1.0000000e+00   4.0510591e-03
   4.9816863e+04   6.2812563e+02   3.2290744e-14   6.2812563e+02   1.0000000e+00   4.0413986e-03
   4.7442840e+04   7.5876124e+02   2.9935555e-14   7.5876124e+02   1.0000000e+00   4.0339762e-03
   4.6628176e+04   7.6272894e+02   2.9880495e-14   7.6272894e+02   1.0000000e+00   4.0277873e-03
   1.3986129e+05   4.7716568e+00   2.2760587e-13   4.7716568e+00   1.0000000e+00   4.0218562e-03
   4.3855686e+04   9.8129494e+02   2.7024410e-14   9.8129494e+02   1.0000000e+00   4.0191287e-03
   1.1249036e+05   7.4258948e+00   1.9098716e-13   7.4258948e+00   1.0000000e+00   4.0044791e-03
   5.5379784e+04   3.9352370e+02   3.8947634e-14   3.9352370e+02   1.0000000e+00   4.0002015e-03
   2.6273359e+05   2.1300076e-01   7.8564320e-13   2.1300076e-01   1.0000000e+00   3.9960410e-03
   7.6707926e+04   5.0370169e+01   8.8890829e-14   5.0370169e+01   1.0000000e+00   3.9925982e-03
   4.9025329e+04   5.8112868e+02   3.3321430e-14   5.8112868e+02   1.0000000e+00   3.9901855e-03
   2.2181255e+05   3.7291583e-01   6.2661052e-13   3.7291583e-01   1.0000000e+00   3.9833602e-03
   6.1679936e+04   1.7828153e+02   5.3470546e-14   1.7828153e+02   1.0000000e+00   3.9759414e-03
   1.3991880e+05   3.7397410e+00   2.4999086e-13   3.7397410e+00   1.0000000e+00   3.9737307e-03
   5.0953359e+04   4.8748541e+02   3.5744089e-14   4.8748541e+02   1.0000000e+00   3.9698281e-03
   1.5333322e+05   1.9219548e+00   3.2635277e-13   1.9219548e+00   1.0000000e+00   3.9649891e-03
   4.6445430e+04   9.7325733e+02   2.7119553e-14   9.7325733e+02   1.0000000e+00   3.9615562e-03
   1.1173075e+05   9.9516577e+00   1.6920625e-13   9.9516577e+00   1.0000000e+00   3.9523336e-03
   5.0417240e+04   5.5029172e+02   3.4042524e-14   5.5029172e+02   1.0000000e+00   3.9429237e-03
   4.7845861e+04   8.0550362e+02   2.9240452e-14   8.0550362e+02   1.0000000e+00   3.9367175e-03
   4.5509337e+04   9.3085685e+02   2.7583408e-14   9.3085685e+02   1.0000000e+00   3.9152373e-03
   4.5288376e+04   8.7558299e+02   2.8275825e-14   8.7558299e+02   1.0000000e+00   3.8952480e-03
   5.1521789e+04   4.8206114e+02   3.5896234e-14   4.8206114e+02   1.0000000e+00   3.8951285e-03
   2.5076367e+05   1.9862533e-01   8.0525029e-13   1.9862533e-01   1.0000000e+00   3.8818342e-03
   4.4510153e+04   9.9092585e+02   2.6903635e-14   9.9092585e+02   1.0000000e+00   3.8791137e-03
   6.8831388e+04   1.3483476e+02   5.9768046e-14   1.3483476e+02   1.0000000e+00   3.8732533e-03
   4.9519538e+04   6.0560068e+02   3.2762434e-14   6.0560068e+02   1.0000000e+00   3.8673620e-03
