   4.1993902e+05   1.0000000e-01   1.0000000e-02   8.6851787e-12   1.1000000e-01   1.0000000e+00             Inf
   2.1245225e+04   1.0000000e+03   5.7333174e+01   4.1217131e-13   1.0573332e+03   1.0000000e+00             Inf
   6.4382303e+04   4.0261324e+01   1.0000000e-02   1.1804310e-12   4.0271324e+01   1.0000000e+00   1.7834976e-02
   6.7501407e+04   3.3059139e+01   3.1688039e-02   1.2572466e-12   3.3090827e+01   1.0000000e+00   1.6917788e-02
   2.0976501e+04   9.2815713e+02   3.8612254e-01   4.2251448e-13   9.2854326e+02   1.0000000e+00   1.5688093e-02
   4.6958346e+04   7.7932143e+01   2.9741626e-02   9.4599715e-13   7.7961885e+01   1.0000000e+00   1.5674740e-02
   2.2453508e+04   8.6713530e+02   3.9985916e-01   4.3158546e-13   8.6753516e+02   1.0000000e+00   1.3880107e-02
   3.2289770e+04   2.9886842e+02   3.4877977e-02   6.1007146e-13   2.9890329e+02   1.0000000e+00   1.3838108e-02
   4.6586818e+04   6.9899176e+01   8.6767198e-02   9.8193266e-13   6.9985943e+01   1.0000000e+00   1.3287757e-02
   2.1243886e+04   1.0000000e+03   4.0154506e+01   4.1217138e-13   1.0401545e+03   1.0000000e+00   1.3210409e-02
   2.1245637e+04   1.0000000e+03   2.1165539e+01   4.1217158e-13   1.0211655e+03   1.0000000e+00   1.3105619e-02
   6.1760346e+04   2.2060183e+01   1.3069775e-02   1.4501051e-12   2.2073252e+01   1.0000000e+00   1.2910255e-02
   3.4978401e+04   2.0147074e+02   1.4606457e-01   6.9295217e-13   2.0161680e+02   1.0000000e+00   1.2638283e-02
   8.4197080e+04   1.5464574e+01   3.5290078e-02   1.6133339e-12   1.5499864e+01   1.0000000e+00   1.2515160e-02
   2.9275955e+04   3.2601414e+02   4.0855589e-02   5.9287558e-13   3.2605499e+02   1.0000000e+00   1.2119448e-02
   1.4625193e+05   2.6017411e+00   1.0000000e-02   2.9137065e-12   2.6117411e+00   1.0000000e+00   1.1703400e-02
   2.3934838e+04   6.8724627e+02   3.7299794e-01   4.6517499e-13   6.8761927e+02   1.0000000e+00   1.1667862e-02
   1.0709155e+05   5.9226444e+00   1.0106745e-02   2.2172463e-12   5.9327511e+00   1.0000000e+00   1.1590375e-02
   2.4233745e+04   6.0549273e+02   2.6575532e-01   4.8479547e-13   6.0575848e+02   1.0000000e+00   1.1570046e-02
   2.1616580e+04   9.8294731e+02   4.1914488e-01   4.1451502e-13   9.8336646e+02   1.0000000e+00   1.1545860e-02
   1.1352782e+05   7.0382015e+00   1.3846810e-02   2.1004979e-12   7.0520483e+00   1.0000000e+00   1.1506756e-02
   3.4211035e+04   2.4770996e+02   1.6178233e-01   6.4825350e-13   2.4787174e+02   1.0000000e+00   1.1457370e-02
   2.3964928e+04   7.3545534e+02   1.9232991e-01   4.5527906e-13   7.3564767e+02   1.0000000e+00   1.1288640e-02
   1.9923545e+05   8.0947391e-01   1.0000000e-02   4.3099459e-12   8.1947391e-01   1.0000000e+00   1.1288294e-02
   2.1254712e+04   1.0000000e+03   3.2940735e+01   4.1217148e-13   1.0329407e+03   1.0000000e+00   1.1268584e-02
   3.8722869e+05   1.3390927e-01   1.0000000e-02   7.8711878e-12   1.4390927e-01   1.0000000e+00   1.1231039e-02
   2.0634709e+04   9.8944519e+02   1.8807405e+00   4.1383249e-13   9.9132593e+02   1.0000000e+00   1.1101627e-02
   2.3407609e+04   8.1135472e+02   5.7341099e-01   4.4115100e-13   8.1192814e+02   1.0000000e+00   1.1076891e-02
   4.0852120e+04   1.0819571e+02   1.0399989e-01   8.5034773e-13   1.0829971e+02   1.0000000e+00   1.1059988e-02
   2.1228582e+04   9.2059767e+02   3.9425118e-01   4.2348820e-13   9.2099192e+02   1.0000000e+00   1.1041086e-02
   2.3444061e+04   7.4360097e+02   3.3604367e-01   4.5349832e-13   7.4393702e+02   1.0000000e+00   1.0988853e-02
   2.1467733e+04   9.3684906e+02   4.0601940e-01   4.2096333e-13   9.3725508e+02   1.0000000e+00   1.0943576e-02
   3.7584104e+05   1.4411638e-01   1.0022380e-02   7.6781756e-12   1.5413876e-01   1.0000000e+00   1.0870742e-02
   3.3760099e+04   1.9347433e+02   1.0000000e-02   7.0408706e-13   1.9348433e+02   1.0000000e+00   1.0866352e-02
   2.9566098e+05   3.1251652e-01   1.0000000e-02   5.9193023e-12   3.2251652e-01   1.0000000e+00   1.0858912e-02
   6.5007381e+04   5.7318035e+01   6.5438415e-02   1.0717623e-12   5.7383473e+01   1.0000000e+00   1.0824701e-02
   8.8038066e+04   1.6787031e+01   3.4656179e-02   1.5795645e-12   1.6821687e+01   1.0000000e+00   1.0768095e-02
   5.9396072e+04   5.9033683e+01   6.5061434e-02   1.0453648e-12   5.9098745e+01   1.0000000e+00   1.0754411e-02
   2.1644247e+04   8.9441463e+02   2.5278713e-01   4.2734789e-13   8.9466742e+02   1.0000000e+00   1.0665371e-02
   2.0983767e+05   1.0376880e+00   1.1267384e-02   3.9695872e-12   1.0489553e+00   1.0000000e+00   1.0600553e-02
   3.3855899e+05   2.1242583e-01   1.0222281e-02   6.7409792e-12   2.2264811e-01   1.0000000e+00   1.0568675e-02
   1.6048771e+05   1.7054896e+00   1.3386163e-02   3.3555848e-12   1.7188758e+00   1.0000000e+00   1.0548526e-02
   2.6037332e+04   5.7286819e+02   1.8115930e-01   4.9362700e-13   5.7304935e+02   1.0000000e+00   1.0469441e-02
   3.0407300e+04   3.3216826e+02   4.2756227e-02   5.8899169e-13   3.3221102e+02   1.0000000e+00   1.0466051e-02
   1.4726427e+05   2.4729471e+00   1.0000000e-02   2.9631864e-12   2.4829471e+00   1.0000000e+00   1.0389633e-02
   2.3855121e+04   6.6644570e+02   3.1107906e-01   4.6985300e-13   6.6675678e+02   1.0000000e+00   1.0240566e-02
   2.3365255e+04   7.9841359e+02   5.4757166e-01   4.4334700e-13   7.9896116e+02   1.0000000e+00   1.0225011e-02
   3.3066474e+04   2.4145806e+02   1.0000000e-02   6.5402702e-13   2.4146806e+02   1.0000000e+00   1.0221861e-02
   1.9446745e+05   8.4164676e-01   1.0000000e-02   4.2573448e-12   8.5164676e-01   1.0000000e+00   1.0159864e-02
   2.5004015e+04   5.9862056e+02   1.8903806e-01   4.8642644e-13   5.9880960e+02   1.0000000e+00   1.0156200e-02
   3.5000560e+05   1.6380654e-01   1.0187142e-02   7.3553363e-12   1.7399368e-01   1.0000000e+00   1.0135866e-02
   2.4833876e+04   5.9508219e+02   2.6620678e-01   4.8735650e-13   5.9534839e+02   1.0000000e+00   1.0115517e-02
   1.0336757e+05   8.7947115e+00   2.7188112e-02   1.9473452e-12   8.8218996e+00   1.0000000e+00   1.0064162e-02
   8.4853889e+04   1.9869412e+01   4.8437625e-02   1.4974948e-12   1.9917850e+01   1.0000000e+00   1.0024488e-02
   2.5220747e+05   4.7107486e-01   1.0000000e-02   5.1568066e-12   4.8107486e-01   1.0000000e+00   1.0007297e-02
   2.3791898e+04   6.7338594e+02   2.1370129e-01   4.6829278e-13   6.7359964e+02   1.0000000e+00   9.9950928e-03
   3.8722875e+05   1.3227368e-01   1.0000000e-02   7.9034736e-12   1.4227368e-01   1.0000000e+00   9.9617477e-03
   3.3524188e+05   1.8979342e-01   1.0000000e-02   6.9989570e-12   1.9979342e-01   1.0000000e+00   9.9480615e-03
   1.5787500e+05   3.0671792e+00   2.1705512e-02   2.7876478e-12   3.0888847e+00   1.0000000e+00   9.9436536e-03
   2.3955548e+04   7.0787883e+02   1.9183924e-01   4.6081232e-13   7.0807067e+02   1.0000000e+00   9.9407569e-03
   3.4881745e+04   2.1748887e+02   1.4227514e-01   6.7592904e-13   2.1763115e+02   1.0000000e+00   9.8491969e-03
   2.2662002e+04   7.5352841e+02   3.2604648e-01   4.5169857e-13   7.5385446e+02   1.0000000e+00   9.8308774e-03
   3.2489374e+04   2.8992320e+02   4.1971349e-02   6.1599867e-13   2.8996517e+02   1.0000000e+00   9.8211345e-03
   2.1231893e+04   1.0000000e+03   1.3152532e+01   4.1217194e-13   1.0131525e+03   1.0000000e+00   9.7984781e-03
   5.6786790e+04   4.5417637e+01   8.8368177e-02   1.1293549e-12   4.5506005e+01   1.0000000e+00   9.7485187e-03
   3.3939309e+04   2.1239420e+02   1.0000000e-02   6.8205057e-13   2.1240420e+02   1.0000000e+00   9.7215997e-03
   3.3910701e+04   2.5839140e+02   1.2435757e-02   6.4020077e-13   2.5840384e+02   1.0000000e+00   9.6680440e-03
   8.6777346e+04   1.4132413e+01   2.7932182e-02   1.6622769e-12   1.4160346e+01   1.0000000e+00   9.6445154e-03
   2.8761036e+05   3.1971590e-01   1.0001809e-02   5.8728333e-12   3.2971771e-01   1.0000000e+00   9.5984607e-03
   3.0391320e+05   2.8677856e-01   1.0000000e-02   6.0925713e-12   2.9677856e-01   1.0000000e+00   9.5824996e-03
   3.6334958e+05   1.3731936e-01   1.0000000e-02   7.8105986e-12   1.4731936e-01   1.0000000e+00   9.5130994e-03
   2.1245227e+04   1.0000000e+03   5.2710206e+01   4.1217132e-13   1.0527102e+03   1.0000000e+00   9.4701344e-03
   1.1934591e+05   7.7778287e+00   2.7393436e-02   2.0547338e-12   7.8052221e+00   1.0000000e+00   9.3966208e-03
   2.7071528e+04   5.4263174e+02   1.1700929e-01   5.0288999e-13   5.4274875e+02   1.0000000e+00   9.3920936e-03
   2.1672010e+04   9.0479326e+02   2.8568494e-01   4.2572631e-13   9.0507894e+02   1.0000000e+00   9.3753192e-03
   6.2385485e+04   4.2755210e+01   3.5462787e-02   1.1554682e-12   4.2790672e+01   1.0000000e+00   9.3671371e-03
   2.2666946e+04   8.5769378e+02   3.7071977e-01   4.3315396e-13   8.5806450e+02   1.0000000e+00   9.3565172e-03
   2.2268187e+04   8.7205047e+02   3.8462229e-01   4.3077679e-13   8.7243509e+02   1.0000000e+00   9.3289829e-03
   4.2038254e+05   1.1725097e-01   1.0005397e-02   8.2429087e-12   1.2725637e-01   1.0000000e+00   9.2907662e-03
   2.3137737e+04   8.2606079e+02   3.1561991e-01   4.3853075e-13   8.2637641e+02   1.0000000e+00   9.2685984e-03
   1.6058954e+05   1.7950651e+00   1.3415974e-02   3.2973353e-12   1.8084811e+00   1.0000000e+00   9.2504169e-03
   1.9446754e+05   8.7651121e-01   1.2634196e-02   4.1961524e-12   8.8914540e-01   1.0000000e+00   9.2407378e-03
   3.5964787e+05   1.8705260e-01   1.0000000e-02   7.0412628e-12   1.9705260e-01   1.0000000e+00   9.2401619e-03
   2.4627417e+04   5.8704414e+02   1.4723619e+00   4.8956637e-13   5.8851650e+02   1.0000000e+00   9.1843954e-03
   3.0060209e+04   3.2024977e+02   4.5312773e-02   5.9601111e-13   3.2029508e+02   1.0000000e+00   9.1446223e-03
   3.4144021e+05   1.9892605e-01   1.0000000e-02   6.8893358e-12   2.0892605e-01   1.0000000e+00   9.1156165e-03
   3.6542774e+04   1.5492087e+02   7.1398943e-02   7.5599117e-13   1.5499226e+02   1.0000000e+00   9.0977965e-03
   3.3742026e+05   2.1679657e-01   1.0000000e-02   6.6957105e-12   2.2679657e-01   1.0000000e+00   9.0843693e-03
   2.8252304e+05   4.6799038e-01   1.0000000e-02   5.2000455e-12   4.7799038e-01   1.0000000e+00   9.0775398e-03
   2.3307749e+04   8.0381293e+02   5.6611029e-01   4.4237946e-13   8.0437904e+02   1.0000000e+00   9.0237014e-03
   2.6695183e+04   5.2178666e+02   1.1533779e-01   5.0873669e-13   5.2190200e+02   1.0000000e+00   9.0048876e-03
   2.7530991e+05   4.3652300e-01   1.0000000e-02   5.2999001e-12   4.4652300e-01   1.0000000e+00   9.0030548e-03
   2.3932592e+05   6.5171454e-01   1.0000000e-02   4.6316525e-12   6.6171454e-01   1.0000000e+00   8.9818905e-03
   2.3853950e+04   7.0070473e+02   6.3002951e-01   4.6226507e-13   7.0133476e+02   1.0000000e+00   8.9798355e-03
   3.6051834e+05   1.6079614e-01   1.0003277e-02   7.3998083e-12   1.7079942e-01   1.0000000e+00   8.9785992e-03
   2.2010926e+04   9.5167137e+02   5.0394212e-01   4.1890940e-13   9.5217531e+02   1.0000000e+00   8.9782648e-03
   2.9375549e+05   3.0562639e-01   1.0001924e-02   5.9625589e-12   3.1562831e-01   1.0000000e+00   8.9685385e-03
   3.8567623e+05   1.4790569e-01   1.0000000e-02   7.6181616e-12   1.5790569e-01   1.0000000e+00   8.9572669e-03
   2.3319632e+04   7.8950966e+02   5.9466074e-01   4.4489090e-13   7.9010432e+02   1.0000000e+00   8.9253705e-03
   2.4464400e+04   5.6778950e+02   2.4979841e-01   4.9516716e-13   5.6803930e+02   1.0000000e+00   8.8712773e-03
   4.4938431e+04   9.2072167e+01   1.0000000e-02   8.9608746e-13   9.2082167e+01   1.0000000e+00   8.8615533e-03
   2.5474954e+04   5.3872177e+02   1.2857337e-01   5.0336936e-13   5.3885035e+02   1.0000000e+00   8.8348025e-03
   2.5315197e+05   4.8203104e-01   1.0000011e-02   5.1173649e-12   4.9203105e-01   1.0000000e+00   8.8112175e-03
   9.5496518e+04   1.2336028e+01   3.1403454e-02   1.7453568e-12   1.2367432e+01   1.0000000e+00   8.7867398e-03
   2.4875133e+04   7.2755715e+02   2.0288628e-01   4.5760125e-13   7.2776003e+02   1.0000000e+00   8.7822539e-03
   2.4747400e+04   6.8305890e+02   1.2989478e-01   4.6643412e-13   6.8318880e+02   1.0000000e+00   8.6959239e-03
   4.5688410e+04   6.2603016e+01   1.1816946e-02   1.0237276e-12   6.2614833e+01   1.0000000e+00   8.6715129e-03
   2.5638789e+04   5.0835333e+02   8.8578615e-02   5.1306956e-13   5.0844191e+02   1.0000000e+00   8.6386134e-03
   3.3936712e+05   2.6880594e-01   1.0019537e-02   6.2647949e-12   2.7882548e-01   1.0000000e+00   8.6298021e-03
   2.5100371e+05   4.2505340e-01   1.0000000e-02   5.3422471e-12   4.3505340e-01   1.0000000e+00   8.6232971e-03
   3.2125331e+05   2.0356717e-01   1.0000000e-02   6.8393891e-12   2.1356717e-01   1.0000000e+00   8.6052369e-03
   3.3785434e+05   1.8379525e-01   1.0000093e-02   7.0753540e-12   1.9379535e-01   1.0000000e+00   8.5984751e-03
   2.3294490e+04   7.9314137e+02   6.6463514e-01   4.4423474e-13   7.9380601e+02   1.0000000e+00   8.5640722e-03
   1.1557433e+05   5.4153136e+00   6.2023715e-02   2.2827423e-12   5.4773373e+00   1.0000000e+00   8.5622442e-03
   1.8159060e+05   1.1990673e+00   1.0000216e-02   3.7736335e-12   1.2090675e+00   1.0000000e+00   8.5550980e-03
   2.7618703e+05   4.0897400e-01   1.0000000e-02   5.4118675e-12   4.1897400e-01   1.0000000e+00   8.5450646e-03
   3.0244718e+04   3.3592899e+02   3.9440322e-01   5.8664241e-13   3.3632340e+02   1.0000000e+00   8.4863935e-03
   4.2100346e+04   1.1310523e+02   1.1377789e-01   8.3692400e-13   1.1321901e+02   1.0000000e+00   8.4831608e-03
   2.6538302e+05   4.1721439e-01   1.1670053e-02   5.3711027e-12   4.2888444e-01   1.0000000e+00   8.4305819e-03
   2.1688206e+04   9.7339123e+02   5.1828306e-01   4.1581760e-13   9.7390951e+02   1.0000000e+00   8.4023178e-03
   2.4534822e+04   6.3269035e+02   2.6353705e-01   4.7778392e-13   6.3295389e+02   1.0000000e+00   8.4000207e-03
   3.0208452e+05   2.7757209e-01   1.0000000e-02   6.1584075e-12   2.8757209e-01   1.0000000e+00   8.3945597e-03
   3.6414604e+04   1.5995062e+02   7.4605183e-02   7.4789755e-13   1.6002522e+02   1.0000000e+00   8.3574441e-03
   1.9608669e+05   9.0349887e-01   1.0000000e-02   4.1501803e-12   9.1349887e-01   1.0000000e+00   8.3274903e-03
   1.9470884e+05   9.8560377e-01   1.0000000e-02   4.0285831e-12   9.9560377e-01   1.0000000e+00   8.3265792e-03
   2.7927390e+05   3.3348670e-01   1.0001302e-02   5.7908716e-12   3.4348800e-01   1.0000000e+00   8.3207234e-03
   4.4989512e+04   9.6083062e+01   1.6039835e-02   8.8333804e-13   9.6099101e+01   1.0000000e+00   8.3127769e-03
   2.5578206e+04   5.3358407e+02   8.8549053e-02   5.0495763e-13   5.3367262e+02   1.0000000e+00   8.2982647e-03
   2.4508807e+04   6.2503228e+02   2.5963474e-01   4.7967375e-13   6.2529191e+02   1.0000000e+00   8.2539258e-03
   2.3357511e+04   8.1917403e+02   5.8497488e-01   4.3980246e-13   8.1975901e+02   1.0000000e+00   8.2519681e-03
   2.8794201e+05   3.6758575e-01   1.0000000e-02   5.6108400e-12   3.7758575e-01   1.0000000e+00   8.2246799e-03
   2.6048893e+05   4.0159985e-01   1.0000000e-02   5.4416608e-12   4.1159985e-01   1.0000000e+00   8.1994733e-03
   4.0711759e+05   1.0641574e-01   1.0000000e-02   8.5052572e-12   1.1641574e-01   1.0000000e+00   8.1943629e-03
   2.0521757e+05   9.4508370e-01   1.4206894e-02   4.0851925e-12   9.5929059e-01   1.0000000e+00   8.1906302e-03
   1.5393166e+05   2.3921318e+00   1.1392296e-02   2.9980306e-12   2.4035241e+00   1.0000000e+00   8.1869071e-03
   4.5119638e+04   9.8394571e+01   1.1802283e-02   8.7680413e-13   9.8406373e+01   1.0000000e+00   8.1862351e-03
   3.0924881e+05   2.6007569e-01   1.0000000e-02   6.2946873e-12   2.7007569e-01   1.0000000e+00   8.1755878e-03
   2.6127585e+04   4.7665294e+02   8.4420988e-02   5.2390873e-13   4.7673736e+02   1.0000000e+00   8.1449381e-03
   2.7572017e+05   2.9475051e-01   1.0000000e-02   6.0490398e-12   3.0475051e-01   1.0000000e+00   8.1399772e-03
   1.1001451e+05   7.8156688e+00   2.7191673e-02   2.0289479e-12   7.8428605e+00   1.0000000e+00   8.1393351e-03
   2.1439262e+04   8.7687248e+02   3.5562914e-01   4.3025621e-13   8.7722811e+02   1.0000000e+00   8.1371882e-03
   3.6366598e+05   1.6645307e-01   1.0012442e-02   7.3159985e-12   1.7646551e-01   1.0000000e+00   8.1300216e-03
   2.9349968e+04   3.1533172e+02   4.2026343e-02   5.9951314e-13   3.1537375e+02   1.0000000e+00   8.0798573e-03
   2.1710308e+04   9.4588977e+02   5.1835328e-01   4.1963993e-13   9.4640812e+02   1.0000000e+00   8.0667546e-03
   5.7250379e+04   5.2170525e+01   1.9342494e-02   1.0808541e-12   5.2189867e+01   1.0000000e+00   8.0651692e-03
   3.7933903e+05   1.2570877e-01   1.0000000e-02   8.0428395e-12   1.3570877e-01   1.0000000e+00   8.0548476e-03
   2.4099535e+04   7.1482106e+02   2.6466136e-01   4.5942769e-13   7.1508573e+02   1.0000000e+00   8.0275027e-03
   3.7073744e+04   1.4859354e+02   1.2262251e-01   7.6627774e-13   1.4871616e+02   1.0000000e+00   8.0256908e-03
   3.8521106e+05   1.2452480e-01   1.0000000e-02   8.0664707e-12   1.3452480e-01   1.0000000e+00   8.0060260e-03
   3.0113491e+05   2.8166879e-01   1.0087564e-02   6.1282142e-12   2.9175635e-01   1.0000000e+00   7.9666537e-03
   2.2568441e+05   6.9754086e-01   1.0004759e-02   4.5219306e-12   7.0754562e-01   1.0000000e+00   7.9637913e-03
   2.4056842e+04   7.1957804e+02   2.6542988e-01   4.5844828e-13   7.1984347e+02   1.0000000e+00   7.9355065e-03
   3.3896838e+04   2.0864753e+02   1.0000000e-02   6.8613531e-13   2.0865753e+02   1.0000000e+00   7.9211880e-03
   3.3182020e+05   2.5763500e-01   1.0083400e-02   6.3323447e-12   2.6771840e-01   1.0000000e+00   7.9125011e-03
   3.8791336e+04   1.2775962e+02   8.5888803e-02   8.0525252e-13   1.2784551e+02   1.0000000e+00   7.9084804e-03
   2.6676874e+04   4.7284106e+02   1.2596774e-01   5.2506425e-13   4.7296703e+02   1.0000000e+00   7.9035689e-03
   2.7895544e+04   3.5301808e+02   4.4021771e-01   5.7818470e-13   3.5345830e+02   1.0000000e+00   7.8796651e-03
   2.3439354e+04   8.4379222e+02   2.9498017e-01   4.3588937e-13   8.4408720e+02   1.0000000e+00   7.8733979e-03
   4.1434656e+04   1.3360749e+02   6.1702643e-01   7.9282052e-13   1.3422452e+02   1.0000000e+00   7.8714257e-03
   2.7857885e+04   3.6387508e+02   4.4352270e-01   5.7226209e-13   3.6431860e+02   1.0000000e+00   7.8504837e-03
   4.0403912e+04   1.1831220e+02   8.6588271e-02   8.2517597e-13   1.1839879e+02   1.0000000e+00   7.7986120e-03
   2.6355814e+04   4.6882407e+02   1.0000000e-02   5.2744997e-13   4.6883407e+02   1.0000000e+00   7.7913293e-03
   1.1432725e+05   5.1353228e+00   1.4442971e-02   2.3236439e-12   5.1497658e+00   1.0000000e+00   7.7838802e-03
   2.7227550e+05   3.5883121e-01   1.0234413e-02   5.6503412e-12   3.6906562e-01   1.0000000e+00   7.7806358e-03
   3.7637761e+05   1.5003260e-01   1.0021004e-02   7.5765478e-12   1.6005361e-01   1.0000000e+00   7.7773269e-03
   3.2165658e+05   2.4942703e-01   1.0037342e-02   6.3869614e-12   2.5946438e-01   1.0000000e+00   7.7563084e-03
   2.3692056e+04   7.3200168e+02   2.9917977e-01   4.5583378e-13   7.3230086e+02   1.0000000e+00   7.7414077e-03
   2.5365566e+04   5.5730245e+02   1.2363269e-01   4.9784576e-13   5.5742608e+02   1.0000000e+00   7.7240825e-03
   4.0813541e+05   1.1337865e-01   1.0008522e-02   8.3254403e-12   1.2338717e-01   1.0000000e+00   7.6915531e-03
   3.2783857e+05   1.9327623e-01   1.0196098e-02   6.9590126e-12   2.0347233e-01   1.0000000e+00   7.6693388e-03
   3.6159907e+05   1.7765648e-01   1.0000000e-02   7.1607661e-12   1.8765648e-01   1.0000000e+00   7.6655025e-03
   2.1372288e+04   9.6141165e+02   5.1681409e-01   4.1745179e-13   9.6192846e+02   1.0000000e+00   7.6630828e-03
   2.2015758e+05   7.1602124e-01   1.0000000e-02   4.4820670e-12   7.2602124e-01   1.0000000e+00   7.6172695e-03
   2.3913890e+04   7.2295678e+02   2.9864640e-01   4.5770693e-13   7.2325543e+02   1.0000000e+00   7.5904583e-03
   2.1266322e+04   1.0000000e+03   1.9085221e+01   4.1217187e-13   1.0190852e+03   1.0000000e+00   7.5793383e-03
   3.7303811e+05   1.4245224e-01   1.0024994e-02   7.7080528e-12   1.5247723e-01   1.0000000e+00   7.5684373e-03
   1.1389309e+05   6.6213525e+00   1.0944123e-02   2.1407509e-12   6.6322966e+00   1.0000000e+00   7.5488852e-03
   3.8872552e+04   1.3143162e+02   9.1586317e-02   7.9739865e-13   1.3152321e+02   1.0000000e+00   7.5364581e-03
   9.4414578e+04   9.3223157e+00   3.3518094e-02   1.9060789e-12   9.3558338e+00   1.0000000e+00   7.5301641e-03
   2.6942227e+04   5.0097742e+02   1.0489586e-01   5.1544624e-13   5.0108232e+02   1.0000000e+00   7.5300338e-03
   3.4760910e+05   1.7488259e-01   1.0191715e-02   7.1936045e-12   1.8507430e-01   1.0000000e+00   7.5140376e-03
   2.6671477e+04   4.8107497e+02   1.2683722e-01   5.2212006e-13   4.8120180e+02   1.0000000e+00   7.4919433e-03
   3.4935303e+04   2.0486270e+02   8.2774503e-02   6.8921644e-13   2.0494547e+02   1.0000000e+00   7.4836259e-03
   2.4831171e+04   6.2837709e+02   2.1906338e-01   4.7887817e-13   6.2859615e+02   1.0000000e+00   7.4756956e-03
   2.3450465e+04   8.4052025e+02   3.0333964e-01   4.3641786e-13   8.4082359e+02   1.0000000e+00   7.4439066e-03
   3.7940751e+05   1.0429114e-01   1.0000302e-02   8.5953063e-12   1.1429145e-01   1.0000000e+00   7.4372216e-03
   2.0761587e+05   8.5354685e-01   1.0000022e-02   4.2262381e-12   8.6354688e-01   1.0000000e+00   7.4320950e-03
   2.8296045e+05   3.8503078e-01   1.0105662e-02   5.5236092e-12   3.9513645e-01   1.0000000e+00   7.4255192e-03
   2.1615554e+04   9.6506404e+02   4.2569841e-01   4.1694629e-13   9.6548974e+02   1.0000000e+00   7.3968814e-03
   2.3115015e+04   8.2974942e+02   2.8763829e-01   4.3790957e-13   8.3003706e+02   1.0000000e+00   7.3951386e-03
   2.5034224e+05   5.3000588e-01   1.0009149e-02   4.9590527e-12   5.4001503e-01   1.0000000e+00   7.3619810e-03
   4.0552667e+04   1.0284203e+02   1.0593568e-01   8.6595051e-13   1.0294797e+02   1.0000000e+00   7.3417058e-03
   1.4618823e+05   2.7289849e+00   1.3808127e-02   2.8683975e-12   2.7427930e+00   1.0000000e+00   7.3415769e-03
   2.3835420e+04   6.9506754e+02   8.8884974e-02   4.6355517e-13   6.9515643e+02   1.0000000e+00   7.3311671e-03
   2.2400688e+04   8.0742392e+02   8.5824856e-01   4.4163287e-13   8.0828217e+02   1.0000000e+00   7.2889864e-03
   3.5964787e+05   1.5216705e-01   1.0003041e-02   7.5397930e-12   1.6217009e-01   1.0000000e+00   7.2783749e-03
   3.8899821e+05   1.1229041e-01   1.0000000e-02   8.3581957e-12   1.2229041e-01   1.0000000e+00   7.2602889e-03
   2.8882543e+05   3.3974968e-01   1.0000000e-02   5.7561218e-12   3.4974968e-01   1.0000000e+00   7.2529373e-03
   2.3832751e+04   6.6277112e+02   3.1094957e-01   4.7071069e-13   6.6308207e+02   1.0000000e+00   7.2524364e-03
   2.6909221e+04   5.0452689e+02   1.2227102e-01   5.1426893e-13   5.0464916e+02   1.0000000e+00   7.2485287e-03
   1.7410564e+05   1.6649976e+00   1.1483279e-02   3.3835704e-12   1.6764809e+00   1.0000000e+00   7.2425576e-03
   3.4266395e+04   2.3158348e+02   3.7706495e-02   6.6242886e-13   2.3162119e+02   1.0000000e+00   7.2348032e-03
   7.8371618e+04   1.1747304e+01   4.5951882e-02   1.7778928e-12   1.1793256e+01   1.0000000e+00   7.2135444e-03
   3.7114288e+04   1.5189544e+02   1.2341746e-01   7.6051205e-13   1.5201885e+02   1.0000000e+00   7.1797959e-03
   3.6444170e+05   1.6842952e-01   1.0061590e-02   7.2881118e-12   1.7849111e-01   1.0000000e+00   7.1788991e-03
   3.1425266e+04   3.0336830e+02   3.6929773e-02   6.0668734e-13   3.0340523e+02   1.0000000e+00   7.1451251e-03
   1.1068425e+05   5.0027219e+00   2.7972180e-02   2.3467988e-12   5.0306940e+00   1.0000000e+00   7.1103042e-03
   2.3932582e+05   7.5263953e-01   1.0000000e-02   4.4301280e-12   7.6263953e-01   1.0000000e+00   7.1076140e-03
   2.7761065e+04   3.5972193e+02   4.3964733e-01   5.7462379e-13   3.6016158e+02   1.0000000e+00   7.0615204e-03
   2.3837710e+05   6.1474472e-01   1.0000000e-02   4.7186633e-12   6.2474472e-01   1.0000000e+00   6.9411679e-03
   5.5674286e+04   2.5672580e+01   1.0000000e-02   1.3922719e-12   2.5682580e+01   1.0000000e+00   6.9395484e-03
   7.7648538e+04   1.7689061e+01   4.3148129e-02   1.5417179e-12   1.7732209e+01   1.0000000e+00   6.9221082e-03
   2.1420056e+04   8.8054136e+02   3.5531782e-01   4.2967159e-13   8.8089668e+02   1.0000000e+00   6.9206419e-03
   1.8941020e+05   9.8164403e-01   1.0000041e-02   4.0380246e-12   9.9164407e-01   1.0000000e+00   6.8770015e-03
   2.8030105e+04   4.1964444e+02   1.2474705e-01   5.4577224e-13   4.1976919e+02   1.0000000e+00   6.8411242e-03
   1.7844044e+05   1.3787433e+00   1.0000260e-02   3.6005669e-12   1.3887436e+00   1.0000000e+00   6.8358660e-03
   2.1254721e+04   1.0000000e+03   3.3078933e+01   4.1217148e-13   1.0330789e+03   1.0000000e+00   6.8233312e-03
   4.0761117e+05   1.1924143e-01   1.0005431e-02   8.1875753e-12   1.2924686e-01   1.0000000e+00   6.8158324e-03
   3.9203877e+05   1.1115728e-01   1.0000037e-02   8.3854872e-12   1.2115731e-01   1.0000000e+00   6.8079604e-03
   2.3932585e+05   6.3340544e-01   1.2784719e-02   4.6737747e-12   6.4619016e-01   1.0000000e+00   6.8063897e-03
   2.4114825e+04   7.1151892e+02   6.3626890e-02   4.6021635e-13   7.1158255e+02   1.0000000e+00   6.8027269e-03
   2.4312759e+04   6.1683676e+02   2.3310689e-01   4.8179680e-13   6.1706987e+02   1.0000000e+00   6.7927881e-03
   1.6496239e+05   1.6172638e+00   1.0000000e-02   3.4147857e-12   1.6272638e+00   1.0000000e+00   6.7819704e-03
   3.0580311e+04   3.5620303e+02   1.1316261e+00   5.7603113e-13   3.5733465e+02   1.0000000e+00   6.7708869e-03
   2.6305530e+04   5.1327935e+02   1.2114746e-01   5.1128278e-13   5.1340049e+02   1.0000000e+00   6.7259394e-03
   2.8983343e+04   3.0918827e+02   6.4783230e-02   6.0389493e-13   3.0925306e+02   1.0000000e+00   6.7254736e-03
   3.9626099e+04   1.3806038e+02   8.0409752e-02   7.8406236e-13   1.3814079e+02   1.0000000e+00   6.6941508e-03
   3.8175261e+05   1.2981767e-01   1.0097051e-02   7.9535701e-12   1.3991472e-01   1.0000000e+00   6.6701423e-03
   2.2188670e+04   8.8954889e+02   3.8828708e-01   4.2803524e-13   8.8993718e+02   1.0000000e+00   6.6667806e-03
   2.2665777e+04   8.4854371e+02   3.7507515e-01   4.3462788e-13   8.4891878e+02   1.0000000e+00   6.6654733e-03
   2.3720102e+04   7.4955475e+02   3.0369335e-01   4.5243037e-13   7.4985844e+02   1.0000000e+00   6.6652657e-03
   2.1457757e+05   7.5648327e-01   1.0000000e-02   4.4005728e-12   7.6648327e-01   1.0000000e+00   6.6528213e-03
   1.5758193e+05   2.2368421e+00   1.1312971e-02   3.0660080e-12   2.2481551e+00   1.0000000e+00   6.6477401e-03
   2.1240865e+04   1.0000000e+03   2.0445829e+00   4.1217566e-13   1.0020446e+03   1.0000000e+00   6.6447359e-03
   4.6930876e+04   6.8990720e+01   4.3317407e-02   9.8606446e-13   6.9034038e+01   1.0000000e+00   6.6447248e-03
   2.1458002e+04   8.8399851e+02   3.9641320e-01   4.2908360e-13   8.8439492e+02   1.0000000e+00   6.6394842e-03
   3.6442949e+05   1.8165693e-01   1.0000000e-02   7.1123558e-12   1.9165693e-01   1.0000000e+00   6.6362723e-03
   2.2587864e+04   8.5218865e+02   3.6252369e-01   4.3401580e-13   8.5255118e+02   1.0000000e+00   6.6224922e-03
   7.5868383e+04   2.3099595e+01   1.1214928e-02   1.4156738e-12   2.3110810e+01   1.0000000e+00   6.6115455e-03
   3.0041902e+05   2.5257640e-01   1.0000000e-02   6.3600888e-12   2.6257640e-01   1.0000000e+00   6.6095997e-03
   3.1821089e+05   2.0866382e-01   1.0000000e-02   6.7830816e-12   2.1866382e-01   1.0000000e+00   6.5988578e-03
   2.1247641e+04   1.0000000e+03   4.7045268e+01   4.1217135e-13   1.0470453e+03   1.0000000e+00   6.5847344e-03
   3.9928162e+05   1.2775103e-01   1.0000000e-02   7.9998581e-12   1.3775103e-01   1.0000000e+00   6.5494282e-03
   2.7822207e+05   2.7501825e-01   1.0000000e-02   6.1976097e-12   2.8501825e-01   1.0000000e+00   6.5440310e-03
   2.5095859e+04   6.3696278e+02   2.6371880e-01   4.7691909e-13   6.3722649e+02   1.0000000e+00   6.5391555e-03
   2.2998065e+04   8.3604658e+02   2.8840162e-01   4.3681004e-13   8.3633498e+02   1.0000000e+00   6.5254675e-03
   3.0183537e+04   3.4018616e+02   3.9220650e-01   5.8426003e-13   3.4057836e+02   1.0000000e+00   6.5253440e-03
   6.9668773e+04   3.1866358e+01   1.0000000e-02   1.2753122e-12   3.1876358e+01   1.0000000e+00   6.5187182e-03
   2.4390387e+04   5.7847192e+02   2.4862765e-01   4.9213653e-13   5.7872055e+02   1.0000000e+00   6.5008745e-03
   2.3801606e+04   7.6600910e+02   3.2186231e-01   4.4940214e-13   7.6633096e+02   1.0000000e+00   6.5000420e-03
   3.0964758e+04   3.4241778e+02   4.0028467e-01   5.8348043e-13   3.4281807e+02   1.0000000e+00   6.4737225e-03
   2.4512199e+05   6.9551387e-01   1.0008878e-02   4.5477911e-12   7.0552274e-01   1.0000000e+00   6.4586451e-03
   2.5509645e+04   5.6378875e+02   1.7929072e-01   4.9595591e-13   5.6396804e+02   1.0000000e+00   6.4535034e-03
   2.4946832e+04   5.6129449e+02   1.3044750e-01   4.9679818e-13   5.6142494e+02   1.0000000e+00   6.4163088e-03
   2.3224751e+04   8.1987505e+02   5.7903309e-01   4.3959984e-13   8.2045408e+02   1.0000000e+00   6.4129519e-03
   2.5589316e+04   5.3031210e+02   9.6908521e-02   5.0596561e-13   5.3040901e+02   1.0000000e+00   6.4124095e-03
   1.1151050e+05   3.7459089e+00   1.0039013e-02   2.6054034e-12   3.7559479e+00   1.0000000e+00   6.3378942e-03
   2.2012742e+04   9.0071730e+02   2.7613568e-01   4.2631822e-13   9.0099343e+02   1.0000000e+00   6.3375247e-03
   3.1689032e+05   2.6978120e-01   1.0000226e-02   6.2233688e-12   2.7978142e-01   1.0000000e+00   6.3238312e-03
   2.1189031e+04   1.0000000e+03   7.8499528e+00   4.1217395e-13   1.0078500e+03   1.0000000e+00   6.3202779e-03
   2.1492982e+05   7.2754061e-01   1.0000000e-02   4.4591476e-12   7.3754061e-01   1.0000000e+00   6.3127580e-03
   2.1468740e+04   9.4295845e+02   8.3590842e-01   4.2006294e-13   9.4379436e+02   1.0000000e+00   6.3017973e-03
   2.1789403e+04   9.3946066e+02   4.0405033e-01   4.2057111e-13   9.3986471e+02   1.0000000e+00   6.2941745e-03
   4.2073391e+04   1.1137645e+02   1.0327635e-01   8.4121403e-13   1.1147972e+02   1.0000000e+00   6.2756308e-03
   2.4281928e+04   6.1192315e+02   2.3064884e-01   4.8308203e-13   6.1215380e+02   1.0000000e+00   6.2614755e-03
   2.5874345e+04   6.1062676e+02   8.7967294e-02   4.8386764e-13   6.1071473e+02   1.0000000e+00   6.2562770e-03
   3.4459440e+04   2.2561269e+02   6.3149379e-01   6.6784150e-13   2.2624419e+02   1.0000000e+00   6.2386283e-03
   3.6253582e+04   2.5330493e+02   1.5292845e-01   6.4681015e-13   2.5345786e+02   1.0000000e+00   6.2329937e-03
   1.5891621e+05   1.9391749e+00   1.3261036e-02   3.2130912e-12   1.9524359e+00   1.0000000e+00   6.2097071e-03
   2.2722904e+04   7.5954329e+02   4.5902255e-01   4.5047755e-13   7.6000232e+02   1.0000000e+00   6.1939028e-03
   3.6133847e+05   1.5352996e-01   1.0000000e-02   7.5163610e-12   1.6352996e-01   1.0000000e+00   6.1910392e-03
   2.5975007e+04   5.8261436e+02   1.8190798e-01   4.9098949e-13   5.8279626e+02   1.0000000e+00   6.1647688e-03
   2.6061254e+05   3.9356043e-01   1.0000000e-02   5.4795812e-12   4.0356043e-01   1.0000000e+00   6.1565129e-03
   1.0749550e+05   4.6748995e+00   1.3200056e-02   2.4101187e-12   4.6880996e+00   1.0000000e+00   6.1501020e-03
   2.6381768e+05   3.5539136e-01   1.0368440e-02   5.6751167e-12   3.6575980e-01   1.0000000e+00   6.1401146e-03
   2.3726846e+05   7.9729237e-01   1.0470744e-02   4.3503895e-12   8.0776311e-01   1.0000000e+00   6.1222950e-03
   2.2731405e+04   7.5978279e+02   4.5755472e-01   4.5042737e-13   7.6024034e+02   1.0000000e+00   6.1160900e-03
   2.8721809e+05   2.3781980e-01   1.0481256e-02   6.5165733e-12   2.4830106e-01   1.0000000e+00   6.1144855e-03
   2.7831808e+04   4.5143310e+02   6.7337155e-02   5.3317957e-13   4.5150044e+02   1.0000000e+00   6.0924149e-03
   1.2215676e+05   3.2601279e+00   1.0000000e-02   2.7146160e-12   3.2701279e+00   1.0000000e+00   6.0910159e-03
   2.3596221e+04   8.3371410e+02   3.6718025e-01   4.3764300e-13   8.3408128e+02   1.0000000e+00   6.0899522e-03
   2.2424333e+04   7.7836849e+02   5.0233213e-01   4.4699161e-13   7.7887082e+02   1.0000000e+00   6.0643643e-03
   3.8484564e+05   1.3798379e-01   1.0000000e-02   7.7925177e-12   1.4798379e-01   1.0000000e+00   6.0628306e-03
   2.8241305e+04   4.6024825e+02   1.2612230e-01   5.3016508e-13   4.6037437e+02   1.0000000e+00   6.0137266e-03
   2.2271452e+04   9.1057278e+02   3.9292362e-01   4.2489315e-13   9.1096570e+02   1.0000000e+00   6.0001450e-03
   2.3834136e+04   6.9868864e+02   1.3529850e-01   4.6274481e-13   6.9882394e+02   1.0000000e+00   5.9936985e-03
   3.5929371e+05   1.7048430e-01   1.0000000e-02   7.2566389e-12   1.8048430e-01   1.0000000e+00   5.9770367e-03
   2.2114173e+04   9.5716878e+02   3.8109244e-01   4.1821178e-13   9.5754987e+02   1.0000000e+00   5.9665170e-03
   2.4378979e+04   6.7849612e+02   1.8802488e-01   4.6719711e-13   6.7868415e+02   1.0000000e+00   5.9607812e-03
   2.2137336e+04   1.0000000e+03   8.7747655e-01   4.1258472e-13   1.0008775e+03   1.0000000e+00   5.9548028e-03
   3.4534806e+05   1.5688517e-01   1.0000496e-02   7.4701999e-12   1.6688567e-01   1.0000000e+00   5.9377293e-03
   1.0771326e+05   8.2728781e+00   1.0000000e-02   1.9911348e-12   8.2828781e+00   1.0000000e+00   5.9325229e-03
   8.1394109e+04   1.9027654e+01   4.5817277e-02   1.5095639e-12   1.9073471e+01   1.0000000e+00   5.9266416e-03
   4.0009099e+05   1.1585132e-01   1.0004713e-02   8.2644114e-12   1.2585603e-01   1.0000000e+00   5.9101471e-03
   3.1345099e+04   2.8007827e+02   2.3605071e-02   6.2274978e-13   2.8010188e+02   1.0000000e+00   5.9066975e-03
   2.2516327e+04   7.7662682e+02   3.7563484e-01   4.4728225e-13   7.7700245e+02   1.0000000e+00   5.9048849e-03
   2.7248714e+05   3.4956082e-01   1.0285787e-02   5.7010662e-12   3.5984661e-01   1.0000000e+00   5.8613381e-03
   3.6131194e+05   1.8000329e-01   1.0000000e-02   7.1302263e-12   1.9000329e-01   1.0000000e+00   5.8553811e-03
   2.8377248e+04   4.1603384e+02   1.4065185e-01   5.4734978e-13   4.1617450e+02   1.0000000e+00   5.8435658e-03
   3.3442697e+04   2.6626876e+02   1.0000000e-02   6.3403378e-13   2.6627876e+02   1.0000000e+00   5.8159888e-03
   4.1868109e+05   1.0247466e-01   1.0000000e-02   8.6139005e-12   1.1247466e-01   1.0000000e+00   5.8123412e-03
   3.0090217e+05   2.4535811e-01   1.0000000e-02   6.4242003e-12   2.5535811e-01   1.0000000e+00   5.8091975e-03
   2.4426366e+04   6.5912485e+02   1.8046282e-01   4.7154303e-13   6.5930531e+02   1.0000000e+00   5.7825473e-03
   2.5709127e+04   5.4823030e+02   1.7860225e-01   5.0046634e-13   5.4840890e+02   1.0000000e+00   5.7794994e-03
   3.0391254e+05   3.0157638e-01   1.0259746e-02   5.9934155e-12   3.1183613e-01   1.0000000e+00   5.7529447e-03
   3.3480615e+04   2.2735130e+02   6.2110908e-01   6.6616211e-13   2.2797240e+02   1.0000000e+00   5.7402149e-03
   2.8465211e+04   4.0932962e+02   1.4138510e-01   5.5022605e-13   4.0947100e+02   1.0000000e+00   5.7367762e-03
   2.3447260e+04   7.4662893e+02   3.3352957e-01   4.5290892e-13   7.4696246e+02   1.0000000e+00   5.7300092e-03
   1.7751337e+05   1.3106230e+00   1.0921839e-02   3.6625831e-12   1.3215448e+00   1.0000000e+00   5.7275357e-03
   2.7834448e+05   3.2788603e-01   1.0000000e-02   5.8248663e-12   3.3788603e-01   1.0000000e+00   5.7160460e-03
   1.3435442e+05   3.1102106e+00   1.4428926e-02   2.7454227e-12   3.1246395e+00   1.0000000e+00   5.7027312e-03
   4.0592609e+05   1.0485878e-01   1.0004729e-02   8.5486488e-12   1.1486351e-01   1.0000000e+00   5.6987678e-03
   2.1840602e+04   9.9544486e+02   4.0485674e-01   4.1296359e-13   9.9584972e+02   1.0000000e+00   5.6949159e-03
   2.7995780e+05   3.7219754e-01   1.0000000e-02   5.5824011e-12   3.8219754e-01   1.0000000e+00   5.6812305e-03
   2.8355022e+04   4.1377428e+02   1.3981914e-01   5.4829871e-13   4.1391410e+02   1.0000000e+00   5.6808921e-03
   2.3541213e+04   7.7157231e+02   5.5689343e-01   4.4822597e-13   7.7212921e+02   1.0000000e+00   5.6663448e-03
   2.6470447e+04   4.5413163e+02   7.6496871e-02   5.3223772e-13   4.5420812e+02   1.0000000e+00   5.6618747e-03
   2.2630469e+05   6.7338685e-01   1.0000000e-02   4.5751740e-12   6.8338685e-01   1.0000000e+00   5.6558126e-03
   3.1351772e+05   2.2448044e-01   1.0027959e-02   6.6164753e-12   2.3450840e-01   1.0000000e+00   5.6541445e-03
   7.3070987e+04   2.9332081e+01   1.0000000e-02   1.3135624e-12   2.9342081e+01   1.0000000e+00   5.6474609e-03
   4.5724789e+04   8.0658277e+01   1.9241193e-02   9.3591938e-13   8.0677518e+01   1.0000000e+00   5.6459542e-03
   4.0596756e+05   1.0472478e-01   1.0004790e-02   8.5523900e-12   1.1472957e-01   1.0000000e+00   5.6402700e-03
   1.1416664e+05   4.4353556e+00   1.3186478e-02   2.4440741e-12   4.4485420e+00   1.0000000e+00   5.6229728e-03
   2.6401358e+04   4.3960474e+02   7.1551739e-02   5.3814535e-13   4.3967629e+02   1.0000000e+00   5.6115116e-03
   4.0463149e+04   1.0255629e+02   1.0384938e-01   8.6695485e-13   1.0266014e+02   1.0000000e+00   5.6077108e-03
   3.6762369e+05   1.5522610e-01   1.0003425e-02   7.4885984e-12   1.6522953e-01   1.0000000e+00   5.5828978e-03
   2.5893213e+04   5.8580684e+02   1.8190013e-01   4.9009767e-13   5.8598874e+02   1.0000000e+00   5.5826414e-03
   1.5503389e+05   2.1668527e+00   1.0000000e-02   3.0967225e-12   2.1768527e+00   1.0000000e+00   5.5803693e-03
   2.5224631e+05   5.7076631e-01   1.0000000e-02   4.8445351e-12   5.8076631e-01   1.0000000e+00   5.5530557e-03
   2.1670061e+04   9.1490877e+02   6.0447916e-01   4.2417221e-13   9.1551325e+02   1.0000000e+00   5.5412865e-03
   2.3777716e+04   7.8393859e+02   5.8004270e-01   4.4615432e-13   7.8451863e+02   1.0000000e+00   5.5346708e-03
   2.6308090e+04   4.3221079e+02   7.9396006e-02   5.4133877e-13   4.3229018e+02   1.0000000e+00   5.5228227e-03
   2.8745272e+04   3.9146606e+02   1.3243960e-01   5.5823052e-13   3.9159850e+02   1.0000000e+00   5.5226782e-03
   3.6999520e+04   1.4502817e+02   8.0253495e-02   7.7283303e-13   1.4510843e+02   1.0000000e+00   5.5157943e-03
   4.1900489e+05   1.2169500e-01   1.0000000e-02   8.1444336e-12   1.3169500e-01   1.0000000e+00   5.4853661e-03
   1.2023813e+05   3.8468069e+00   1.0000000e-02   2.5619537e-12   3.8568069e+00   1.0000000e+00   5.4741202e-03
   1.5946335e+05   1.9934381e+00   2.1355458e-02   3.1836294e-12   2.0147936e+00   1.0000000e+00   5.4691688e-03
   2.6713037e+04   4.9691336e+02   8.8782025e-02   5.1672536e-13   4.9700214e+02   1.0000000e+00   5.4677835e-03
   4.6297166e+04   6.5736938e+01   4.3795493e-02   1.0039978e-12   6.5780734e+01   1.0000000e+00   5.4651180e-03
   3.2549114e+04   2.8210242e+02   1.3444051e-02   6.2180908e-13   2.8211586e+02   1.0000000e+00   5.4628635e-03
   3.2681050e+04   3.0591515e+02   3.4903193e-02   6.0610221e-13   3.0595005e+02   1.0000000e+00   5.4624202e-03
   3.6451869e+04   2.5261486e+02   1.6162622e-01   6.4773107e-13   2.5277649e+02   1.0000000e+00   5.4582318e-03
   3.6131194e+05   1.7298839e-01   1.0000000e-02   7.2228932e-12   1.8298839e-01   1.0000000e+00   5.4527632e-03
   2.8052162e+04   3.9507478e+02   1.3140316e-01   5.5661280e-13   3.9520618e+02   1.0000000e+00   5.4514702e-03
   3.9459246e+05   1.0805361e-01   1.0000000e-02   8.4668327e-12   1.1805361e-01   1.0000000e+00   5.4471612e-03
   2.5382156e+04   5.5346650e+02   7.5243227e-02   4.9901181e-13   5.5354174e+02   1.0000000e+00   5.4464421e-03
   2.4080687e+05   6.2813187e-01   1.0006012e-02   4.6877773e-12   6.3813789e-01   1.0000000e+00   5.4461946e-03
   2.3777818e+04   7.8407476e+02   5.3755424e-01   4.4613170e-13   7.8461232e+02   1.0000000e+00   5.4360713e-03
   2.5816349e+05   5.5798841e-01   1.0008847e-02   4.8868959e-12   5.6799726e-01   1.0000000e+00   5.4326576e-03
   8.3713333e+04   1.1226422e+01   3.2797114e-02   1.7963625e-12   1.1259219e+01   1.0000000e+00   5.4037024e-03
   3.8042937e+04   1.4376293e+02   1.2344823e-01   7.7411581e-13   1.4388637e+02   1.0000000e+00   5.4007068e-03
   6.2893549e+04   4.0961886e+01   2.4775051e-02   1.1714844e-12   4.0986661e+01   1.0000000e+00   5.4003577e-03
   4.0698209e+04   1.2475832e+02   8.1133313e-02   8.1052372e-13   1.2483946e+02   1.0000000e+00   5.3904893e-03
   3.6306161e+04   1.6226861e+02   7.0911546e-02   7.4434390e-13   1.6233952e+02   1.0000000e+00   5.3782344e-03
   3.6896688e+05   1.3970131e-01   1.0000000e-02   7.7604594e-12   1.4970131e-01   1.0000000e+00   5.3714707e-03
   2.2187682e+04   8.8736194e+02   3.8810431e-01   4.2837222e-13   8.8775004e+02   1.0000000e+00   5.3689942e-03
   2.1247515e+04   1.0000000e+03   4.7116036e+01   4.1217135e-13   1.0471160e+03   1.0000000e+00   5.3583210e-03
   1.1355782e+05   3.8354273e+00   1.0000000e-02   2.5769028e-12   3.8454273e+00   1.0000000e+00   5.3473776e-03
   2.7497408e+05   3.9059082e-01   1.0000000e-02   5.4925076e-12   4.0059082e-01   1.0000000e+00   5.3298498e-03
   3.2964133e+04   2.3469916e+02   6.6252149e-02   6.5946537e-13   2.3476542e+02   1.0000000e+00   5.3213792e-03
   2.2667032e+04   8.5752844e+02   3.1913354e-01   4.3318444e-13   8.5784757e+02   1.0000000e+00   5.3190835e-03
   7.3347900e+04   2.8129616e+01   1.0151750e-02   1.3303187e-12   2.8139768e+01   1.0000000e+00   5.3190823e-03
   2.9806556e+05   2.2233240e-01   1.0171960e-02   6.6571801e-12   2.3250436e-01   1.0000000e+00   5.3186938e-03
   1.0996053e+05   6.4213242e+00   1.0000000e-02   2.1580926e-12   6.4313242e+00   1.0000000e+00   5.3136429e-03
   2.3560804e+05   5.8089386e-01   1.0000000e-02   4.8071447e-12   5.9089386e-01   1.0000000e+00   5.2887121e-03
   3.1881636e+05   2.2844018e-01   1.0027919e-02   6.5751696e-12   2.3846810e-01   1.0000000e+00   5.2866494e-03
   5.5922286e+04   4.9917518e+01   9.0419973e-02   1.0948740e-12   5.0007938e+01   1.0000000e+00   5.2831762e-03
   2.5118815e+05   5.0257594e-01   1.0000000e-02   5.0466162e-12   5.1257594e-01   1.0000000e+00   5.2684287e-03
   2.1670439e+04   9.1665034e+02   3.9938244e-01   4.2391798e-13   9.1704972e+02   1.0000000e+00   5.2648113e-03
   7.4038116e+04   2.3474178e+01   1.1211903e-02   1.4064581e-12   2.3485390e+01   1.0000000e+00   5.2612817e-03
   2.4832601e+05   5.1967620e-01   1.0000000e-02   4.9903150e-12   5.2967620e-01   1.0000000e+00   5.2458106e-03
   1.9470884e+05   1.0516524e+00   1.0000000e-02   3.9414015e-12   1.0616524e+00   1.0000000e+00   5.2429601e-03
   3.9036503e+05   1.2256419e-01   1.0000000e-02   8.1090488e-12   1.3256419e-01   1.0000000e+00   5.2276150e-03
   3.7040629e+04   1.8364422e+02   1.0072486e-01   7.1439338e-13   1.8374495e+02   1.0000000e+00   5.2240336e-03
   2.8169245e+05   4.5806848e-01   1.0000000e-02   5.2318034e-12   4.6806848e-01   1.0000000e+00   5.1918519e-03
   3.4133790e+05   1.9672423e-01   1.0000000e-02   6.9147491e-12   2.0672423e-01   1.0000000e+00   5.1873619e-03
   2.5895168e+04   5.2679816e+02   8.7794847e-02   5.0702177e-13   5.2688596e+02   1.0000000e+00   5.1779058e-03
   2.2254531e+04   9.5487301e+02   8.9420342e-01   4.1859970e-13   9.5576722e+02   1.0000000e+00   5.1679827e-03
   2.1576848e+04   9.7821960e+02   4.1233468e-01   4.1514259e-13   9.7863194e+02   1.0000000e+00   5.1678276e-03
   7.9289771e+04   1.8077198e+01   1.0000000e-02   1.5322007e-12   1.8087198e+01   1.0000000e+00   5.1552922e-03
   1.9482409e+05   1.1612656e+00   1.0000000e-02   3.8153046e-12   1.1712656e+00   1.0000000e+00   5.1501490e-03
   3.1889496e+05   2.3830426e-01   1.0235666e-02   6.4824846e-12   2.4853993e-01   1.0000000e+00   5.1332351e-03
   2.5034224e+05   5.6685156e-01   1.0000000e-02   4.8529753e-12   5.7685156e-01   1.0000000e+00   5.1324375e-03
   3.8828708e+05   1.2057120e-01   1.0000000e-02   8.1550683e-12   1.3057120e-01   1.0000000e+00   5.0915467e-03
   2.8721276e+04   3.1672994e+02   4.5596843e-01   5.9912656e-13   3.1718591e+02   1.0000000e+00   5.0782714e-03
   1.9104372e+05   1.2405416e+00   1.0000000e-02   3.7323567e-12   1.2505416e+00   1.0000000e+00   5.0703089e-03
   1.1319387e+05   4.7929881e+00   1.3114262e-02   2.3797783e-12   4.8061024e+00   1.0000000e+00   5.0617927e-03
   4.0879505e+04   1.1948969e+02   8.7806582e-02   8.2216267e-13   1.1957750e+02   1.0000000e+00   5.0585636e-03
   2.6319349e+04   4.2792742e+02   8.2735736e-02   5.4316762e-13   4.2801016e+02   1.0000000e+00   5.0579390e-03
   4.1716324e+05   1.0116041e-01   1.0000000e-02   8.6514498e-12   1.1116041e-01   1.0000000e+00   5.0550474e-03
   8.4404109e+04   1.2859127e+01   2.0484450e-02   1.7137010e-12   1.2879611e+01   1.0000000e+00   5.0505647e-03
   2.4356385e+04   6.1991994e+02   2.2064659e-01   4.8099630e-13   6.2014059e+02   1.0000000e+00   5.0416642e-03
   1.1557451e+05   5.4012159e+00   1.0000000e-02   2.2853804e-12   5.4112159e+00   1.0000000e+00   5.0391802e-03
   2.6939829e+04   4.8913202e+02   1.2819159e-01   5.1936579e-13   4.8926021e+02   1.0000000e+00   5.0365103e-03
   3.8550335e+05   1.4874621e-01   1.0000000e-02   7.6041081e-12   1.5874621e-01   1.0000000e+00   5.0320926e-03
   1.1120004e+05   4.2741418e+00   1.0000000e-02   2.4820502e-12   4.2841418e+00   1.0000000e+00   5.0168600e-03
   2.1243751e+04   1.0000000e+03   8.7260860e+00   4.1217220e-13   1.0087261e+03   1.0000000e+00   5.0158158e-03
   3.7590881e+04   1.7397175e+02   7.8605317e-02   7.2711435e-13   1.7405036e+02   1.0000000e+00   5.0137685e-03
   3.4027575e+04   2.3800768e+02   1.0128294e-01   6.5642316e-13   2.3810897e+02   1.0000000e+00   5.0080964e-03
   1.8203392e+05   1.4994902e+00   1.0249889e-02   3.5056358e-12   1.5097400e+00   1.0000000e+00   5.0032906e-03
   1.5707420e+05   2.9180651e+00   1.0000000e-02   2.8261484e-12   2.9280651e+00   1.0000000e+00   4.9933686e-03
   1.2800174e+05   3.5521764e+00   1.0240649e-02   2.6271216e-12   3.5624170e+00   1.0000000e+00   4.9930227e-03
   3.8526291e+05   1.2811897e-01   1.0000439e-02   7.9886749e-12   1.3811941e-01   1.0000000e+00   4.9846223e-03
   1.8201390e+05   1.5577552e+00   1.0000000e-02   3.4638845e-12   1.5677552e+00   1.0000000e+00   4.9798469e-03
   3.4623702e+04   2.2148353e+02   6.2208662e-01   6.7186538e-13   2.2210561e+02   1.0000000e+00   4.9592158e-03
   2.6242236e+04   4.3550198e+02   8.3933403e-02   5.4000619e-13   4.3558591e+02   1.0000000e+00   4.9480086e-03
   3.9123031e+05   1.0929581e-01   1.0000276e-02   8.4358270e-12   1.1929609e-01   1.0000000e+00   4.9457428e-03
   2.4714142e+05   4.9152863e-01   1.0000002e-02   5.0840714e-12   5.0152863e-01   1.0000000e+00   4.9427104e-03
   2.4053713e+04   6.7683600e+02   1.8694320e-01   4.6749849e-13   6.7702294e+02   1.0000000e+00   4.9417426e-03
   2.8090437e+04   4.0460119e+02   1.3149563e-01   5.5227354e-13   4.0473269e+02   1.0000000e+00   4.9328178e-03
   3.1789988e+05   2.2374510e-01   1.0235068e-02   6.6219112e-12   2.3398017e-01   1.0000000e+00   4.9220873e-03
   3.2789291e+04   2.7642034e+02   1.0000000e-02   6.2618473e-13   2.7643034e+02   1.0000000e+00   4.9197502e-03
   3.4756125e+05   1.5861207e-01   1.0000469e-02   7.4395020e-12   1.6861254e-01   1.0000000e+00   4.9122636e-03
   3.3524188e+05   2.0508928e-01   1.0000000e-02   6.8181928e-12   2.1508928e-01   1.0000000e+00   4.9064236e-03
   1.4630408e+05   2.7711094e+00   1.3734733e-02   2.8543241e-12   2.7848442e+00   1.0000000e+00   4.9035720e-03
   7.5606619e+04   2.7531994e+01   1.1178315e-02   1.3434904e-12   2.7543172e+01   1.0000000e+00   4.8990167e-03
   2.4908558e+04   5.5176807e+02   1.3035502e-01   4.9964913e-13   5.5189843e+02   1.0000000e+00   4.8980917e-03
   5.5530551e+04   6.4061154e+01   4.3642262e-02   1.0127988e-12   6.4104796e+01   1.0000000e+00   4.8957916e-03
   4.1272637e+05   1.0986321e-01   1.0000000e-02   8.4144990e-12   1.1986321e-01   1.0000000e+00   4.8898310e-03
   2.1553453e+05   7.6955480e-01   1.0000000e-02   4.3752216e-12   7.7955480e-01   1.0000000e+00   4.8823532e-03
   2.7807814e+05   3.7788200e-01   1.0106692e-02   5.5538403e-12   3.8798869e-01   1.0000000e+00   4.8793981e-03
   3.1151734e+04   3.6762075e+02   3.9784176e-01   5.7115957e-13   3.6801859e+02   1.0000000e+00   4.8725809e-03
   1.1014336e+05   8.4539479e+00   2.9978219e-02   1.9825169e-12   8.4839261e+00   1.0000000e+00   4.8572555e-03
   6.0432821e+04   4.7850973e+01   1.0000000e-02   1.1144949e-12   4.7860973e+01   1.0000000e+00   4.8477437e-03
   4.0592607e+05   1.4209239e-01   1.0000000e-02   7.7407733e-12   1.5209239e-01   1.0000000e+00   4.8424765e-03
   1.8454727e+05   1.3358972e+00   1.0000000e-02   3.6399784e-12   1.3458972e+00   1.0000000e+00   4.8181900e-03
   2.8292426e+04   3.7333733e+02   1.2641982e-01   5.6704580e-13   3.7346375e+02   1.0000000e+00   4.8003713e-03
   3.6133842e+05   1.5888964e-01   1.0000000e-02   7.4295764e-12   1.6888964e-01   1.0000000e+00   4.8000498e-03
   2.8198017e+04   3.9690502e+02   1.3762403e-01   5.5573209e-13   3.9704265e+02   1.0000000e+00   4.7944460e-03
   2.9952735e+04   3.8964507e+02   1.2489225e-01   5.5976236e-13   3.8976996e+02   1.0000000e+00   4.7539000e-03
   3.2371522e+05   2.3279107e-01   1.0000001e-02   6.5343085e-12   2.4279107e-01   1.0000000e+00   4.7480725e-03
   1.1584153e+05   4.3738526e+00   1.0000000e-02   2.4542568e-12   4.3838526e+00   1.0000000e+00   4.7458654e-03
   2.7497405e+05   4.4490586e-01   1.0000000e-02   5.2679201e-12   4.5490586e-01   1.0000000e+00   4.7370004e-03
   2.6453881e+04   4.6467579e+02   1.2287650e-01   5.2815510e-13   4.6479867e+02   1.0000000e+00   4.7363049e-03
   3.5263718e+04   2.2097566e+02   6.3954348e-01   6.7264626e-13   2.2161520e+02   1.0000000e+00   4.7234744e-03
   3.4097939e+05   2.4339803e-01   1.0015034e-02   6.4590732e-12   2.5341307e-01   1.0000000e+00   4.7102212e-03
   3.9027941e+04   1.4026207e+02   6.6549622e-02   7.8011004e-13   1.4032862e+02   1.0000000e+00   4.7056812e-03
   3.2256343e+04   2.7247364e+02   1.0000000e-02   6.2883695e-13   2.7248364e+02   1.0000000e+00   4.6832689e-03
   2.9874970e+05   2.2141998e-01   1.0172712e-02   6.6658942e-12   2.3159270e-01   1.0000000e+00   4.6627602e-03
   3.1351760e+05   2.2889166e-01   1.0000000e-02   6.5722751e-12   2.3889166e-01   1.0000000e+00   4.6530962e-03
   1.8410143e+05   1.5988917e+00   1.0000000e-02   3.4391488e-12   1.6088917e+00   1.0000000e+00   4.6520620e-03
   4.0851403e+05   1.0730955e-01   1.0000000e-02   8.4808759e-12   1.1730955e-01   1.0000000e+00   4.6461123e-03
   2.3860996e+05   6.0431305e-01   1.2697155e-02   4.7450363e-12   6.1701020e-01   1.0000000e+00   4.6001013e-03
   8.8593646e+04   9.6828892e+00   3.4641392e-02   1.8855752e-12   9.7175306e+00   1.0000000e+00   4.5958441e-03
   4.0057513e+04   1.7662643e+02   8.5203460e-02   7.2638033e-13   1.7671164e+02   1.0000000e+00   4.5916359e-03
   2.1569451e+04   9.7886822e+02   4.0722971e-01   4.1505377e-13   9.7927545e+02   1.0000000e+00   4.5541183e-03
   1.4465358e+05   2.3182497e+00   1.0082558e-02   3.0297069e-12   2.3283322e+00   1.0000000e+00   4.5516655e-03
   4.1900490e+05   1.0144039e-01   1.0000000e-02   8.6433695e-12   1.1144039e-01   1.0000000e+00   4.5400084e-03
   2.8092532e+04   4.0026278e+02   1.3177453e-01   5.5422271e-13   4.0039455e+02   1.0000000e+00   4.5374606e-03
   5.5772479e+04   3.0487365e+01   7.5266176e-02   1.3022795e-12   3.0562631e+01   1.0000000e+00   4.5357925e-03
   8.8692093e+04   1.2998184e+01   2.0484703e-02   1.7086695e-12   1.3018669e+01   1.0000000e+00   4.5259230e-03
   2.3719500e+05   6.6509231e-01   1.0200702e-02   4.5996952e-12   6.7529301e-01   1.0000000e+00   4.5223690e-03
   2.8622573e+04   4.5720189e+02   8.9691135e-02   5.3165583e-13   4.5729158e+02   1.0000000e+00   4.4970814e-03
   1.4282441e+05   1.8967037e+00   1.0000000e-02   3.2582723e-12   1.9067037e+00   1.0000000e+00   4.4761507e-03
   3.8948101e+04   1.2257588e+02   8.4738393e-02   8.1667624e-13   1.2266062e+02   1.0000000e+00   4.4740196e-03
   3.6471398e+04   1.6760089e+02   8.2127620e-02   7.3613360e-13   1.6768302e+02   1.0000000e+00   4.4563513e-03
   2.3480840e+05   5.3961091e-01   1.0000000e-02   4.9295652e-12   5.4961091e-01   1.0000000e+00   4.4397055e-03
   1.7866047e+05   1.4527763e+00   1.1713055e-02   3.5389347e-12   1.4644894e+00   1.0000000e+00   4.4382547e-03
   1.2026144e+05   3.9753276e+00   1.0000000e-02   2.5327101e-12   3.9853276e+00   1.0000000e+00   4.4370340e-03
   2.8439247e+04   4.1034006e+02   1.3976659e-01   5.4978581e-13   4.1047983e+02   1.0000000e+00   4.4355781e-03
   2.6317500e+04   4.2306594e+02   7.9932046e-02   5.4530568e-13   4.2314587e+02   1.0000000e+00   4.4103701e-03
   2.5816353e+05   5.9705676e-01   1.0000000e-02   4.7871151e-12   6.0705676e-01   1.0000000e+00   4.4043397e-03
   5.7591112e+04   4.8094565e+01   1.0000000e-02   1.1095838e-12   4.8104565e+01   1.0000000e+00   4.4024384e-03
   1.9105976e+05   1.2460697e+00   1.0966124e-02   3.7269678e-12   1.2570358e+00   1.0000000e+00   4.3986747e-03
   2.6011385e+04   5.1754529e+02   1.8670404e-01   5.0988745e-13   5.1773199e+02   1.0000000e+00   4.3953733e-03
   2.2251303e+04   9.1091527e+02   3.9325179e-01   4.2483493e-13   9.1130852e+02   1.0000000e+00   4.3885476e-03
   2.1562826e+04   9.9447962e+02   4.2610966e-01   4.1296859e-13   9.9490573e+02   1.0000000e+00   4.3839663e-03
   2.1245604e+04   1.0000000e+03   5.7128077e+01   4.1217131e-13   1.0571281e+03   1.0000000e+00   4.3727473e-03
   2.8018521e+04   3.4664973e+02   4.4088989e-01   5.8166271e-13   3.4709062e+02   1.0000000e+00   4.3590860e-03
   2.6298710e+04   4.0463428e+02   7.8905336e-02   5.5380429e-13   4.0471318e+02   1.0000000e+00   4.3389385e-03
   2.4968511e+05   5.5059229e-01   1.0000006e-02   4.8977925e-12   5.6059229e-01   1.0000000e+00   4.3087185e-03
   2.8841508e+04   4.4577580e+02   1.2337073e-01   5.3599495e-13   4.4589917e+02   1.0000000e+00   4.3043196e-03
   8.9796275e+04   1.0804936e+01   3.2719571e-02   1.8151199e-12   1.0837656e+01   1.0000000e+00   4.2961753e-03
   3.8905705e+05   1.2254534e-01   1.0000000e-02   8.1097033e-12   1.3254534e-01   1.0000000e+00   4.2779574e-03
   3.2693711e+04   2.6214473e+02   1.4951282e-01   6.3597301e-13   2.6229424e+02   1.0000000e+00   4.2568730e-03
   3.5457988e+04   1.8948606e+02   8.3322336e-02   7.0705370e-13   1.8956938e+02   1.0000000e+00   4.2466440e-03
   2.2359700e+04   9.6913167e+02   5.3107100e-01   4.1677980e-13   9.6966274e+02   1.0000000e+00   4.2465702e-03
   3.8329258e+05   1.2956199e-01   1.0000376e-02   7.9586345e-12   1.3956237e-01   1.0000000e+00   4.2449909e-03
   2.7867496e+04   3.7682735e+02   1.3435853e-01   5.6555270e-13   3.7696171e+02   1.0000000e+00   4.2297678e-03
   8.0345467e+04   1.3632747e+01   2.7577708e-02   1.6823673e-12   1.3660325e+01   1.0000000e+00   4.2260825e-03
   2.0215053e+05   9.3051377e-01   2.4166705e-02   4.1054965e-12   9.5468048e-01   1.0000000e+00   4.2199697e-03
   3.1396091e+05   2.4355247e-01   1.0000000e-02   6.4349747e-12   2.5355247e-01   1.0000000e+00   4.2170975e-03
   3.6848082e+04   1.8035947e+02   8.1550311e-02   7.1850839e-13   1.8044102e+02   1.0000000e+00   4.2062049e-03
   2.6709108e+04   4.8394976e+02   3.4517509e-01   5.2106753e-13   4.8429494e+02   1.0000000e+00   4.2046816e-03
   2.8873737e+05   3.2515668e-01   1.0000000e-02   5.8399931e-12   3.3515668e-01   1.0000000e+00   4.2041007e-03
   1.8189804e+05   1.5156306e+00   1.0000283e-02   3.4936752e-12   1.5256309e+00   1.0000000e+00   4.1660802e-03
   4.9217212e+04   8.2043173e+01   1.6007120e-02   9.3135038e-13   8.2059180e+01   1.0000000e+00   4.1469903e-03
   2.2340113e+04   9.6941932e+02   5.3164862e-01   4.1672448e-13   9.6995096e+02   1.0000000e+00   4.1332117e-03
   4.5601194e+04   8.9321440e+01   8.3910396e-02   9.0426964e-13   8.9405350e+01   1.0000000e+00   4.1186509e-03
   1.0880750e+05   6.1221284e+00   1.0071850e-02   2.1919795e-12   6.1322002e+00   1.0000000e+00   4.1073988e-03
   3.6457144e+05   1.7198915e-01   1.0000000e-02   7.2386911e-12   1.8198915e-01   1.0000000e+00   4.0813732e-03
   3.9911981e+05   1.1461357e-01   1.0052340e-02   8.2945820e-12   1.2466591e-01   1.0000000e+00   4.0695160e-03
   2.3951148e+04   6.4629070e+02   2.1533450e-01   4.7459302e-13   6.4650603e+02   1.0000000e+00   4.0691272e-03
   1.2551940e+05   4.1095600e+00   1.0000000e-02   2.5024508e-12   4.1195600e+00   1.0000000e+00   4.0624875e-03
   3.7625566e+04   1.9178279e+02   1.0000000e-02   7.0597450e-13   1.9179279e+02   1.0000000e+00   4.0616408e-03
   1.7874025e+05   1.2757372e+00   1.0964045e-02   3.6958691e-12   1.2867012e+00   1.0000000e+00   4.0606280e-03
   3.3494420e+04   2.7538073e+02   4.0322444e-02   6.2682239e-13   2.7542105e+02   1.0000000e+00   4.0536652e-03
   1.8407399e+05   1.1313664e+00   1.0000460e-02   3.8482038e-12   1.1413668e+00   1.0000000e+00   4.0436800e-03
   9.0388906e+04   1.0091617e+01   3.2611035e-02   1.8572176e-12   1.0124228e+01   1.0000000e+00   4.0196039e-03
   6.3371960e+04   2.6290139e+01   1.0000000e-02   1.3564528e-12   2.6300139e+01   1.0000000e+00   4.0062190e-03
