   1.1401889e+07   1.7117290e+06   1.0000000e-01   1.0000000e-01   1.0000000e-02   1.0000000e-02   5.1624421e-13   2.2000000e-01   1.0000000e+00             Inf
   1.1688289e+07   8.2824122e+04   4.3616065e+02   1.0000000e+03   1.0000000e+02   8.3929636e+01   2.5443249e-14   1.6200903e+03   1.0000000e+00             Inf
   1.2358304e+07   8.2902687e+04   2.7285273e+02   1.0000000e+03   9.9997746e+01   8.2441364e+01   2.5443613e-14   1.4552918e+03   1.0000000e+00   3.6797967e-02
   1.1842390e+07   8.2903021e+04   3.2981867e+02   1.0000000e+03   9.9418757e+01   8.0415460e+01   2.5443588e-14   1.5096529e+03   1.0000000e+00   3.3622522e-02
   1.1717982e+07   8.3243736e+04   3.6157117e+02   1.0000000e+03   9.9450840e+01   8.8604547e+01   2.5443443e-14   1.5496266e+03   1.0000000e+00   2.5575883e-02
   1.3324686e+07   8.2658156e+04   1.9128792e+02   1.0000000e+03   1.0000000e+02   7.7245712e+01   2.5444041e-14   1.3685336e+03   1.0000000e+00   2.3206225e-02
   1.3138360e+07   8.2839427e+04   2.2971425e+02   1.0000000e+03   1.0000000e+02   7.3090081e+01   2.5443956e-14   1.4028043e+03   1.0000000e+00   2.3008283e-02
   9.9631541e+06   1.1377499e+06   1.2244831e-01   1.1537264e+00   1.5630837e-01   8.3923151e-02   1.8580960e-13   1.5164062e+00   1.0000000e+00   1.9428915e-02
   1.1675097e+07   8.2824103e+04   4.2988245e+02   1.0000000e+03   9.9959726e+01   8.3813275e+01   2.5443266e-14   1.6136555e+03   1.0000000e+00   1.9370722e-02
   1.1470500e+07   8.2807304e+04   4.0225259e+02   1.0000000e+03   9.9995142e+01   8.6464546e+01   2.5443267e-14   1.5887123e+03   1.0000000e+00   1.9104617e-02
   1.0033328e+07   1.1472918e+06   1.3966746e-01   1.3481767e+00   1.6427307e-01   6.0059824e-02   1.7827901e-13   1.7121770e+00   1.0000000e+00   1.8902796e-02
   1.1838285e+07   8.2860534e+04   3.9442771e+02   1.0000000e+03   9.9975372e+01   7.9055662e+01   2.5443441e-14   1.5734587e+03   1.0000000e+00   1.8783369e-02
   1.4937307e+07   8.3019799e+04   6.1114349e+01   1.0000000e+03   5.9395526e+01   5.4571802e+01   2.5451228e-14   1.1750817e+03   1.0000000e+00   1.8594635e-02
   1.0008318e+07   1.0011119e+06   1.8182199e-01   2.1336945e+00   3.0003648e-01   1.4442615e-01   1.4738506e-13   2.7599791e+00   1.0000000e+00   1.8028260e-02
   1.0745757e+07   3.1352843e+05   1.7480581e+00   5.9834175e+01   2.8611620e+00   1.7786176e+00   5.2457019e-14   6.6222013e+01   1.0000000e+00   1.7255897e-02
   1.0368988e+07   6.2891954e+05   7.3790234e-01   1.0417095e+01   3.8661389e-01   4.1730851e-01   8.8369959e-14   1.1958920e+01   1.0000000e+00   1.5756498e-02
   1.0137854e+07   9.5890445e+05   2.1368885e-01   2.4570367e+00   2.8145731e-01   1.0468582e-01   1.4169227e-13   3.0568687e+00   1.0000000e+00   1.5322730e-02
   1.0159654e+07   5.5717738e+05   7.5418314e-01   1.2517532e+01   5.3428388e-01   2.6006243e-01   8.3559280e-14   1.4066061e+01   1.0000000e+00   1.4455998e-02
   1.0499726e+07   2.9480357e+05   1.4617278e+00   7.2179053e+01   1.6613561e+00   1.2314884e+00   5.0472347e-14   7.6533625e+01   1.0000000e+00   1.4299654e-02
   1.1353496e+07   1.7228366e+06   1.0000071e-01   1.0000000e-01   1.1058770e-02   1.0008640e-02   5.0982896e-13   2.2106812e-01   1.0000000e+00   1.4024085e-02
   1.3162204e+07   8.2783875e+04   2.5992301e+02   1.0000000e+03   9.9799764e+01   7.5484179e+01   2.5443771e-14   1.4352070e+03   1.0000000e+00   1.3839801e-02
   1.1764535e+07   8.2891116e+04   3.5033069e+02   1.0000000e+03   1.0000000e+02   8.1698533e+01   2.5443470e-14   1.5320292e+03   1.0000000e+00   1.3675037e-02
   1.0723264e+07   1.5284966e+06   1.0000000e-01   3.4031575e-01   5.7118319e-02   3.9491385e-02   2.9132275e-13   5.3692546e-01   1.0000000e+00   1.3537210e-02
   1.3270437e+07   8.2842714e+04   2.4691517e+02   1.0000000e+03   1.0000000e+02   7.3570156e+01   2.5443849e-14   1.4204853e+03   1.0000000e+00   1.3472498e-02
   1.0774429e+07   7.0674327e+05   6.0632170e-01   6.4707601e+00   3.6518087e-01   4.1703017e-01   1.0123347e-13   7.8592928e+00   1.0000000e+00   1.3167173e-02
   1.1016573e+07   2.1307912e+05   1.8824845e+00   1.3494427e+02   2.8117043e+00   3.0399378e+00   4.2613125e-14   1.4267839e+02   1.0000000e+00   1.3062660e-02
   1.0748281e+07   7.8915466e+05   5.7725491e-01   4.1262264e+00   3.1378204e-01   1.9206228e-01   1.1713920e-13   5.2093256e+00   1.0000000e+00   1.2997775e-02
   1.0662019e+07   1.8291631e+06   1.0000420e-01   1.0471876e-01   2.5545386e-02   1.1852637e-02   4.6228605e-13   2.4212099e-01   1.0000000e+00   1.2754285e-02
   1.1882656e+07   8.2738245e+04   7.0298272e+01   1.0000000e+03   6.9783790e+01   5.5253358e+01   2.5450647e-14   1.1953354e+03   1.0000000e+00   1.2623120e-02
   1.0710182e+07   1.6172714e+06   1.0000066e-01   2.5218064e-01   5.8794813e-02   2.2615412e-02   3.2492115e-13   4.3359153e-01   1.0000000e+00   1.2495844e-02
   1.2269102e+07   8.2998454e+04   2.6822247e+02   1.0000000e+03   9.8994089e+01   8.2828807e+01   2.5443713e-14   1.4500454e+03   1.0000000e+00   1.2399395e-02
   1.7250420e+07   9.5204580e+04   4.6721379e+00   7.4483986e+02   8.5157273e+00   1.1603399e+01   2.7485914e-14   7.6963112e+02   1.0000000e+00   1.1992625e-02
   1.0775072e+07   7.1020788e+05   5.5785762e-01   5.9281489e+00   3.3683443e-01   3.9789089e-01   1.0426890e-13   7.2207319e+00   1.0000000e+00   1.1969129e-02
   1.0689553e+07   1.6409597e+06   1.0000000e-01   1.7207087e-01   2.9214198e-02   1.7040202e-02   3.8640016e-13   3.1832527e-01   1.0000000e+00   1.1918822e-02
   1.0675806e+07   1.6455066e+06   1.0000791e-01   1.7391386e-01   3.3698163e-02   1.5594898e-02   3.8248849e-13   3.2321484e-01   1.0000000e+00   1.1733606e-02
   1.8157143e+07   8.5712541e+04   5.6180622e+00   9.0466659e+02   7.2618743e+00   1.1515544e+01   2.6201054e-14   9.2906207e+02   1.0000000e+00   1.1721377e-02
   9.9486452e+06   8.6584335e+05   2.8838691e-01   3.4613664e+00   3.7914953e-01   2.1679887e-01   1.2420995e-13   4.3457017e+00   1.0000000e+00   1.1615408e-02
   1.0642281e+07   1.5811476e+06   1.0005741e-01   2.5026640e-01   4.7384725e-02   2.2383834e-02   3.2958143e-13   4.2009237e-01   1.0000000e+00   1.1577784e-02
   1.0657311e+07   1.8098067e+06   1.0000173e-01   1.1543626e-01   2.6554986e-02   1.1955741e-02   4.4682946e-13   2.5394872e-01   1.0000000e+00   1.1453273e-02
   9.9416421e+06   8.3582948e+05   2.2961989e-01   4.0406867e+00   2.8575515e-01   2.0565862e-01   1.2079689e-13   4.7617204e+00   1.0000000e+00   1.1427184e-02
   1.0656989e+07   1.8211989e+06   1.0000000e-01   1.1526495e-01   2.8727260e-02   1.2794745e-02   4.4350257e-13   2.5678695e-01   1.0000000e+00   1.1271342e-02
   1.9801186e+07   8.2263717e+04   4.5288274e+01   1.0000000e+03   3.9069391e+01   4.5071270e+01   2.5456974e-14   1.1294289e+03   1.0000000e+00   1.1257791e-02
   1.9797713e+07   8.2223154e+04   2.0644419e+01   1.0000000e+03   2.4188773e+01   2.1425955e+01   2.5474155e-14   1.0662591e+03   1.0000000e+00   1.1190321e-02
   1.0660877e+07   1.8310540e+06   1.0000464e-01   1.0133095e-01   2.7290449e-02   1.1920216e-02   4.6518871e-13   2.4054626e-01   1.0000000e+00   1.1179886e-02
   1.0370892e+07   2.5897800e+05   4.2300094e+00   1.0758988e+02   2.4475564e+00   1.4896957e+00   4.5180357e-14   1.1575714e+02   1.0000000e+00   1.0998328e-02
   1.7247437e+07   8.6597339e+04   6.1064321e+00   9.9828523e+02   5.3826894e+00   9.5772552e+00   2.5623499e-14   1.0193516e+03   1.0000000e+00   1.0961282e-02
   1.2816811e+07   8.2837712e+04   2.3060907e+02   1.0000000e+03   1.0000000e+02   7.5194637e+01   2.5443931e-14   1.4058037e+03   1.0000000e+00   1.0915287e-02
   1.0285060e+07   9.8971227e+04   7.7271989e+00   7.4260284e+02   6.8441400e+00   4.1695932e+00   2.7589259e-14   7.6134377e+02   1.0000000e+00   1.0836055e-02
   1.0689281e+07   1.4484799e+06   1.0283646e-01   4.4573219e-01   7.0031182e-02   3.5141435e-02   2.6545553e-13   6.5374127e-01   1.0000000e+00   1.0834122e-02
   1.0097578e+07   1.1607373e+06   1.0081968e-01   9.7555196e-01   1.3306254e-01   7.6204871e-02   1.9832062e-13   1.2856390e+00   1.0000000e+00   1.0814647e-02
   1.0675487e+07   1.5845703e+06   1.0000000e-01   2.1858847e-01   4.5852110e-02   2.2296670e-02   3.4464459e-13   3.8673725e-01   1.0000000e+00   1.0669133e-02
   1.0656757e+07   1.8154767e+06   1.0000386e-01   1.0668835e-01   2.5850360e-02   1.2060498e-02   4.5893013e-13   2.4460307e-01   1.0000000e+00   1.0638354e-02
   1.1313252e+07   1.7030832e+06   1.0000007e-01   1.0000000e-01   1.1733114e-02   1.0000000e-02   5.0644767e-13   2.2173319e-01   1.0000000e+00   1.0562829e-02
   1.0163464e+07   5.8532252e+05   7.2063057e-01   1.3981633e+01   9.4047008e-01   3.4125533e-01   7.9888567e-14   1.5983989e+01   1.0000000e+00   1.0522724e-02
   1.1393944e+07   1.7228839e+06   1.0000000e-01   1.0000000e-01   1.0454860e-02   1.0011182e-02   5.1333032e-13   2.2046604e-01   1.0000000e+00   1.0474979e-02
   1.9578962e+07   8.3125895e+04   2.2539682e+01   1.0000000e+03   3.2033260e+01   4.4602575e+01   2.5462990e-14   1.0991755e+03   1.0000000e+00   1.0431111e-02
   1.6895405e+07   8.6559796e+04   7.3759208e+00   9.3217792e+02   1.0296636e+01   1.5754615e+01   2.5975679e-14   9.6560509e+02   1.0000000e+00   1.0344539e-02
   1.9474091e+07   8.2256870e+04   3.2262643e+01   1.0000000e+03   4.1116604e+01   4.4764361e+01   2.5457254e-14   1.1181436e+03   1.0000000e+00   1.0323975e-02
   1.0014254e+07   9.9977263e+05   1.9128160e-01   2.0799654e+00   3.1421522e-01   7.3480961e-02   1.5041999e-13   2.6589432e+00   1.0000000e+00   1.0155713e-02
   1.0710286e+07   1.4961699e+06   1.0693379e-01   4.1551347e-01   7.5318045e-02   3.9852624e-02   2.6930887e-13   6.3761792e-01   1.0000000e+00   1.0077070e-02
   1.0420972e+07   6.2530841e+05   6.8111422e-01   6.7433271e+00   1.2585217e+00   2.9441092e-01   9.8338682e-14   8.9773739e+00   1.0000000e+00   1.0030226e-02
   1.0675170e+07   1.6546922e+06   1.0000000e-01   1.8601344e-01   3.4595069e-02   1.9100585e-02   3.7108617e-13   3.3970909e-01   1.0000000e+00   9.9877604e-03
   1.0724886e+07   1.5236952e+06   1.0982174e-01   3.9062434e-01   7.6599170e-02   3.8435941e-02   2.7454572e-13   6.1548119e-01   1.0000000e+00   9.9790028e-03
   1.0407708e+07   3.0122855e+05   1.6387677e+00   4.8681570e+01   1.9948592e+00   1.8327153e+00   5.5806078e-14   5.4147913e+01   1.0000000e+00   9.9017483e-03
   1.7097536e+07   9.0163364e+04   2.8979541e+00   9.1602248e+02   6.9006834e+00   1.2744738e+01   2.6167471e-14   9.3856586e+02   1.0000000e+00   9.8537640e-03
   1.0673003e+07   1.6744471e+06   1.0000598e-01   1.5343670e-01   3.0181122e-02   1.5776373e-02   4.0074971e-13   2.9940018e-01   1.0000000e+00   9.8520680e-03
   9.9169379e+06   1.0520679e+05   6.8662846e+00   6.1180956e+02   8.0905258e+00   3.1445690e+00   2.8944342e-14   6.2991093e+02   1.0000000e+00   9.7810577e-03
   1.0689281e+07   1.4484799e+06   1.0000003e-01   4.6133272e-01   7.6256295e-02   4.5747304e-02   2.5976986e-13   6.8333635e-01   1.0000000e+00   9.7752026e-03
   1.0744997e+07   3.9260745e+05   1.4432436e+00   4.4226604e+01   2.6890167e+00   1.4983863e+00   5.6968077e-14   4.9857250e+01   1.0000000e+00   9.7265867e-03
   1.7273361e+07   9.5301062e+04   4.9620901e+00   7.6244114e+02   8.4352558e+00   1.0793334e+01   2.7328608e-14   7.8663182e+02   1.0000000e+00   9.7138687e-03
   1.1037776e+07   1.2569739e+05   4.4387635e+00   4.1232034e+02   9.2362458e+00   5.2145407e+00   3.1902745e-14   4.3120989e+02   1.0000000e+00   9.6665002e-03
   1.0687298e+07   1.4889859e+06   1.0000000e-01   6.1567536e-01   9.5153513e-02   5.6212697e-02   2.3660151e-13   8.6704157e-01   1.0000000e+00   9.6571180e-03
   1.0137339e+07   9.6205139e+04   6.1337184e+00   7.0977639e+02   8.0517563e+00   6.5075864e+00   2.7872714e-14   7.3046945e+02   1.0000000e+00   9.6490271e-03
   1.6549356e+07   8.2078257e+04   7.5967707e+00   9.3535334e+02   7.7052877e+00   4.0613855e+00   2.6013107e-14   9.5471679e+02   1.0000000e+00   9.6198819e-03
   1.2936270e+07   8.2791989e+04   1.5384064e+02   1.0000000e+03   1.0000000e+02   7.6114406e+01   2.5444428e-14   1.3299550e+03   1.0000000e+00   9.6135610e-03
   1.1017176e+07   2.1032088e+05   3.6298402e+00   1.1457994e+02   2.9036141e+00   2.1963633e+00   4.4420534e-14   1.2330975e+02   1.0000000e+00   9.6062238e-03
   1.7085845e+07   8.5704389e+04   4.7809237e+00   9.5839547e+02   6.6369636e+00   9.6089682e+00   2.5851648e-14   9.7942233e+02   1.0000000e+00   9.5882434e-03
   1.0684095e+07   1.6271975e+06   1.0000000e-01   1.8608826e-01   3.2047918e-02   1.7724999e-02   3.7398786e-13   3.3586117e-01   1.0000000e+00   9.5337250e-03
   1.0773313e+07   7.0455451e+05   4.9093652e-01   5.5611798e+00   3.0908857e-01   4.0324412e-01   1.0677620e-13   6.7644490e+00   1.0000000e+00   9.5333729e-03
   1.0748145e+07   1.4934630e+05   4.3180292e+00   2.9015120e+02   4.4282214e+00   3.2473966e+00   3.4951426e-14   3.0214485e+02   1.0000000e+00   9.5203987e-03
   1.1401325e+07   2.1332734e+05   1.1131474e+00   1.2877380e+02   2.1413452e+00   1.8995575e+00   4.3445025e-14   1.3392785e+02   1.0000000e+00   9.5177867e-03
   1.1317566e+07   1.7417612e+05   4.2518389e+00   2.3517611e+02   5.0052450e+00   2.6273453e+00   3.6833533e-14   2.4706054e+02   1.0000000e+00   9.5168910e-03
   1.0658433e+07   1.8518998e+06   1.0004549e-01   1.0816424e-01   1.9807303e-02   1.1062582e-02   4.6777223e-13   2.3907962e-01   1.0000000e+00   9.5018805e-03
   1.0937816e+07   1.2245113e+05   4.6462395e+00   4.4684780e+02   8.6612480e+00   5.0055473e+00   3.1275340e-14   4.6516083e+02   1.0000000e+00   9.4265048e-03
   1.0633014e+07   1.8394728e+06   1.0000856e-01   1.3253309e-01   3.0083976e-02   1.4289329e-02   4.2146608e-13   2.7691495e-01   1.0000000e+00   9.4071597e-03
   1.0162662e+07   5.2721923e+05   3.6811057e-01   9.6181375e+00   8.4904520e-01   3.8224663e-01   9.0429517e-14   1.1217540e+01   1.0000000e+00   9.2657038e-03
   1.0023134e+07   9.9374021e+05   1.8442172e-01   1.9914963e+00   2.2994720e-01   1.1053227e-01   1.5229569e-13   2.5163974e+00   1.0000000e+00   9.2432993e-03
   1.0793670e+07   1.4259456e+05   3.9250252e+00   3.1578674e+02   4.6292209e+00   3.3604599e+00   3.4222221e-14   3.2770144e+02   1.0000000e+00   9.2393276e-03
   1.0964947e+07   1.1858462e+05   4.6378862e+00   4.4022101e+02   7.9188414e+00   6.5902738e+00   3.1400318e-14   4.5936802e+02   1.0000000e+00   9.2047664e-03
   1.0705081e+07   1.5227529e+06   1.0004217e-01   3.6010247e-01   6.7622899e-02   3.6356153e-02   2.8416184e-13   5.6412368e-01   1.0000000e+00   9.1779555e-03
   1.3178106e+07   8.2785570e+04   2.5197122e+02   1.0000000e+03   9.9971502e+01   7.5684186e+01   2.5443781e-14   1.4276269e+03   1.0000000e+00   9.0883080e-03
   1.2638407e+07   8.2265890e+04   7.6346944e+01   1.0000000e+03   7.9379473e+01   5.3102111e+01   2.5449194e-14   1.2088285e+03   1.0000000e+00   9.0581385e-03
   1.0899155e+07   2.0282522e+05   3.2278230e+00   1.4152251e+02   3.2670793e+00   2.2859096e+00   4.1995427e-14   1.5030333e+02   1.0000000e+00   9.0150288e-03
   1.7281912e+07   9.4633088e+04   5.7555554e+00   8.0290333e+02   6.8021486e+00   9.9377460e+00   2.7003586e-14   8.2539878e+02   1.0000000e+00   9.0105748e-03
   1.4974247e+07   8.3122429e+04   4.8418273e+01   1.0000000e+03   4.9523312e+01   5.9031871e+01   2.5453975e-14   1.1569735e+03   1.0000000e+00   9.0014531e-03
   1.0206592e+07   1.1262456e+05   7.4485816e+00   5.4828262e+02   6.4667763e+00   5.7199570e+00   2.9729158e-14   5.6791794e+02   1.0000000e+00   8.9907911e-03
   1.0696938e+07   1.4964910e+06   1.0021511e-01   5.6635984e-01   9.8709572e-02   4.4064550e-02   2.4320885e-13   8.0934908e-01   1.0000000e+00   8.9904937e-03
   1.0599641e+07   1.3841396e+06   1.0044228e-01   5.3420250e-01   1.5014570e-01   7.1528153e-02   2.3845569e-13   8.5631863e-01   1.0000000e+00   8.9779272e-03
   1.0128312e+07   9.3907551e+05   2.0994406e-01   3.0053604e+00   2.6896537e-01   1.6404819e-01   1.3294343e-13   3.6483180e+00   1.0000000e+00   8.9716967e-03
   1.9714844e+07   8.1285444e+04   1.2595997e+01   1.0000000e+03   2.6252752e+01   3.9900387e+01   2.5473241e-14   1.0787491e+03   1.0000000e+00   8.9714632e-03
   1.7647392e+07   8.6211646e+04   5.6873709e+00   9.6423013e+02   6.6380709e+00   1.0883896e+01   2.5807254e-14   9.8743947e+02   1.0000000e+00   8.8963034e-03
   1.0688451e+07   4.8832307e+05   9.6550303e-01   1.9957362e+01   9.7383036e-01   6.4135280e-01   7.1586095e-14   2.2538048e+01   1.0000000e+00   8.8429042e-03
   1.0741997e+07   6.8675084e+05   5.4740955e-01   4.6974214e+00   2.2249833e-01   2.2164513e-01   1.1469852e-13   5.6889744e+00   1.0000000e+00   8.8419714e-03
   1.0257430e+07   5.7043890e+05   7.1267664e-01   1.5368372e+01   7.6063636e-01   5.9040718e-01   7.7768683e-14   1.7432092e+01   1.0000000e+00   8.8415896e-03
   1.0060003e+07   8.6054316e+05   3.0120000e-01   2.3920591e+00   3.5085401e-01   1.5402424e-01   1.3999740e-13   3.1981373e+00   1.0000000e+00   8.8292041e-03
   1.0378924e+07   5.7849332e+05   5.9976979e-01   1.2231624e+01   1.4429139e+00   4.6592335e-01   8.2117645e-14   1.4740231e+01   1.0000000e+00   8.6630250e-03
   1.0257455e+07   1.0650801e+05   7.9130410e+00   5.5654060e+02   7.3916733e+00   5.0546920e+00   2.9608756e-14   5.7690000e+02   1.0000000e+00   8.6492931e-03
   1.0659852e+07   1.4465344e+06   1.0000000e-01   4.4190805e-01   7.7083160e-02   4.6820409e-02   2.6281240e-13   6.6581162e-01   1.0000000e+00   8.6296829e-03
   1.7571802e+07   8.5672244e+04   9.6100879e+00   9.9575077e+02   1.4161367e+01   8.2245434e+00   2.5550214e-14   1.0277468e+03   1.0000000e+00   8.6218997e-03
   1.0085215e+07   9.3097261e+05   1.7367383e-01   3.3194183e+00   3.3362422e-01   3.3655108e-01   1.2813158e-13   4.1632674e+00   1.0000000e+00   8.6215991e-03
   1.0670607e+07   1.5953606e+06   1.0000000e-01   2.1825179e-01   5.3211727e-02   1.5071172e-02   3.4734172e-13   3.8653469e-01   1.0000000e+00   8.5449808e-03
   1.7448166e+07   8.7376700e+04   5.5104663e+00   7.9550253e+02   6.1390388e+00   8.9031664e+00   2.7088806e-14   8.1605520e+02   1.0000000e+00   8.5239925e-03
   1.0340672e+07   1.2598284e+05   7.0223177e+00   4.5621800e+02   7.1827174e+00   3.3673528e+00   3.1143583e-14   4.7379039e+02   1.0000000e+00   8.4777939e-03
   1.0710272e+07   1.4964462e+06   1.0672755e-01   4.0646169e-01   7.3968695e-02   3.9265739e-02   2.7145600e-13   6.2642368e-01   1.0000000e+00   8.4676794e-03
   1.0034354e+07   9.5655601e+04   4.8519102e+00   6.8633484e+02   7.2052357e+00   5.1383378e+00   2.8149352e-14   7.0353033e+02   1.0000000e+00   8.4019282e-03
   1.7306097e+07   8.5866880e+04   5.9767156e+00   9.7078951e+02   6.8345838e+00   9.9374821e+00   2.5762298e-14   9.9353829e+02   1.0000000e+00   8.3964490e-03
   1.6716201e+07   7.9697170e+04   7.0365035e+00   1.0000000e+03   9.2437610e+00   1.6766390e+01   2.5541294e-14   1.0330467e+03   1.0000000e+00   8.3767206e-03
   1.0584587e+07   1.3305701e+05   3.4070039e+00   3.7148565e+02   5.6979173e+00   6.0237777e+00   3.2827145e-14   3.8661435e+02   1.0000000e+00   8.3039234e-03
   1.0362851e+07   1.3198068e+05   3.3289355e+00   4.0951553e+02   6.2418091e+00   4.5204822e+00   3.2062754e-14   4.2360676e+02   1.0000000e+00   8.2781371e-03
   1.0685250e+07   1.6757292e+06   1.0002693e-01   1.6789341e-01   3.1666178e-02   1.5601874e-02   3.8833583e-13   3.1518840e-01   1.0000000e+00   8.2362267e-03
   1.2031206e+07   8.2696443e+04   7.3180618e+01   1.0000000e+03   7.6233170e+01   5.3856580e+01   2.5449703e-14   1.2032704e+03   1.0000000e+00   8.2140816e-03
   9.6325184e+06   1.0497638e+05   8.0445576e+00   5.9863929e+02   6.2916704e+00   4.2258913e+00   2.9103114e-14   6.1720141e+02   1.0000000e+00   8.2027617e-03
   1.5293651e+07   8.2590756e+04   2.6019850e+01   1.0000000e+03   5.3185009e+01   5.7171196e+01   2.5456128e-14   1.1363761e+03   1.0000000e+00   8.1760298e-03
   1.0445106e+07   6.8539945e+05   6.8510252e-01   7.4408825e+00   1.2670008e+00   2.7561719e-01   9.5012949e-14   9.6686030e+00   1.0000000e+00   8.1744009e-03
   9.4862611e+06   1.5937644e+05   2.5463394e+00   2.4627759e+02   4.4886805e+00   3.0489325e+00   3.6545386e-14   2.5636154e+02   1.0000000e+00   8.1706074e-03
   1.0004003e+07   1.2062361e+06   1.0000000e-01   6.9842617e-01   1.1482067e-01   8.0205389e-02   2.2131883e-13   9.9345223e-01   1.0000000e+00   8.1662252e-03
   1.1022361e+07   1.2571748e+05   4.9005915e+00   4.3472310e+02   7.8029229e+00   3.6053397e+00   3.1512168e-14   4.5103195e+02   1.0000000e+00   8.1634487e-03
   1.2324471e+07   8.2291908e+04   9.4060970e+01   1.0000000e+03   1.0000000e+02   5.7638690e+01   2.5446743e-14   1.2516997e+03   1.0000000e+00   8.0907202e-03
   1.0772349e+07   1.5248959e+06   1.0019902e-01   3.4420578e-01   5.1927908e-02   2.8866258e-02   2.9463875e-13   5.2519897e-01   1.0000000e+00   8.0433414e-03
   1.0665785e+07   1.8797358e+06   1.0000294e-01   1.0000000e-01   2.1925527e-02   1.4168884e-02   4.7116635e-13   2.3609735e-01   1.0000000e+00   8.0099359e-03
   1.0103276e+07   1.2204677e+06   1.0000000e-01   7.8709032e-01   1.4321338e-01   8.4776045e-02   2.1091726e-13   1.1150797e+00   1.0000000e+00   7.9767266e-03
   1.0033328e+07   1.1472919e+06   1.3260603e-01   1.3600309e+00   1.7716979e-01   7.2842863e-02   1.7660064e-13   1.7426496e+00   1.0000000e+00   7.9656077e-03
   1.0670747e+07   1.6727187e+06   1.0000000e-01   1.5524742e-01   3.1203075e-02   1.5415975e-02   3.9868570e-13   3.0186647e-01   1.0000000e+00   7.9619300e-03
   1.7270222e+07   9.4118980e+04   5.5886730e+00   7.7488827e+02   6.2059937e+00   8.7527113e+00   2.7248308e-14   7.9543565e+02   1.0000000e+00   7.9478247e-03
   1.0792488e+07   1.4160209e+05   4.0504927e+00   3.2128279e+02   4.5982508e+00   3.6674732e+00   3.4067319e-14   3.3359901e+02   1.0000000e+00   7.9155985e-03
   1.2428370e+07   8.2762013e+04   8.6718534e+01   1.0000000e+03   7.6064981e+01   5.8263491e+01   2.5448649e-14   1.2210470e+03   1.0000000e+00   7.8726168e-03
   1.5243935e+07   8.2022951e+04   3.6827691e+01   1.0000000e+03   5.1203303e+01   5.4636432e+01   2.5455272e-14   1.1426674e+03   1.0000000e+00   7.8370739e-03
   1.0744491e+07   1.3174546e+05   4.4039873e+00   2.9922591e+02   4.5988587e+00   3.0595023e+00   3.4797229e-14   3.1128826e+02   1.0000000e+00   7.8188920e-03
   1.0735211e+07   3.1419490e+05   1.6747750e+00   5.4021565e+01   2.7521012e+00   1.5755594e+00   5.3939342e-14   6.0024001e+01   1.0000000e+00   7.7765487e-03
   1.0682238e+07   1.4943584e+06   1.0024816e-01   3.1039327e-01   5.2530282e-02   2.8826932e-02   3.0353237e-13   4.9199865e-01   1.0000000e+00   7.7734059e-03
   1.9662452e+07   8.2504994e+04   1.3400690e+01   1.0000000e+03   2.4199727e+01   2.3031923e+01   2.5476293e-14   1.0606323e+03   1.0000000e+00   7.7594247e-03
   1.0736409e+07   1.1217616e+05   4.0352797e+00   5.0993107e+02   9.3697940e+00   2.5708704e+00   3.0317802e-14   5.2590702e+02   1.0000000e+00   7.7486365e-03
   1.1431419e+07   1.9421522e+05   2.5381323e+00   1.7730992e+02   3.4997070e+00   1.9933374e+00   3.9697197e-14   1.8534110e+02   1.0000000e+00   7.7473982e-03
   1.0727551e+07   1.1143929e+05   5.8439665e+00   5.1605322e+02   1.0031783e+01   2.6471846e+00   3.0189816e-14   5.3457615e+02   1.0000000e+00   7.7438600e-03
   1.0803453e+07   1.6708099e+05   3.3031780e+00   2.6462751e+02   4.7418344e+00   2.8373627e+00   3.5828413e-14   2.7550989e+02   1.0000000e+00   7.7326270e-03
   1.0757670e+07   1.1216867e+05   3.9508463e+00   4.7970941e+02   9.3844073e+00   2.5782156e+00   3.0797256e-14   4.9562288e+02   1.0000000e+00   7.7235875e-03
   1.0743866e+07   1.7759490e+06   1.0000000e-01   1.0000000e-01   1.8153528e-02   1.0000000e-02   4.8492281e-13   2.2815353e-01   1.0000000e+00   7.7221870e-03
   1.0111736e+07   9.3252726e+04   6.0798289e+00   6.9272163e+02   7.9774927e+00   6.3687335e+00   2.8062137e-14   7.1314768e+02   1.0000000e+00   7.6918914e-03
   1.0442004e+07   1.6254534e+05   2.6160587e+00   2.5438835e+02   4.9880398e+00   2.8312320e+00   3.6191874e-14   2.6482368e+02   1.0000000e+00   7.6797622e-03
   1.0978557e+07   1.1867301e+05   4.3981921e+00   4.8685165e+02   7.4830871e+00   6.8037364e+00   3.0624892e-14   5.0553666e+02   1.0000000e+00   7.6476844e-03
   9.9166829e+06   9.6157200e+05   1.0000000e-01   1.6589989e+00   1.4989571e-01   6.7688605e-02   1.6899321e-13   1.9765832e+00   1.0000000e+00   7.6369526e-03
   1.0087579e+07   1.2286385e+06   1.0000039e-01   7.5733042e-01   1.3746365e-01   7.7561247e-02   2.1416507e-13   1.0723557e+00   1.0000000e+00   7.6216071e-03
   9.9588183e+06   1.1660362e+06   1.2128473e-01   1.1149960e+00   1.6047349e-01   8.4765003e-02   1.8774485e-13   1.4815193e+00   1.0000000e+00   7.6211683e-03
   1.0305581e+07   9.7979138e+04   7.6346329e+00   7.2484239e+02   6.8964541e+00   4.1703163e+00   2.7745192e-14   7.4354380e+02   1.0000000e+00   7.6208819e-03
   1.0094989e+07   1.2070786e+06   1.0000000e-01   7.1350800e-01   1.4118472e-01   7.0661968e-02   2.1843523e-13   1.0253547e+00   1.0000000e+00   7.5896952e-03
   1.1009088e+07   2.2063986e+05   1.8826004e+00   1.5290796e+02   2.7091076e+00   2.9223662e+00   4.1389258e-14   1.6042203e+02   1.0000000e+00   7.5443625e-03
   1.2644335e+07   8.2761860e+04   8.3532129e+01   9.9999828e+02   7.5923490e+01   5.8486096e+01   2.5448679e-14   1.2179400e+03   1.0000000e+00   7.5439842e-03
   1.0670366e+07   1.6634987e+06   1.0000042e-01   1.4210600e-01   3.1095456e-02   1.5498320e-02   4.1048777e-13   2.8870020e-01   1.0000000e+00   7.5400442e-03
   1.0691337e+07   1.4677970e+06   1.0025353e-01   3.1329274e-01   5.5211759e-02   2.9384152e-02   3.0154782e-13   4.9814219e-01   1.0000000e+00   7.5293076e-03
   1.0902513e+07   2.1782749e+05   3.5532468e+00   1.4500523e+02   3.2539039e+00   2.4902057e+00   4.1710529e-14   1.5430258e+02   1.0000000e+00   7.4816754e-03
   1.1752110e+07   8.2907637e+04   3.4458124e+02   1.0000000e+03   9.9358188e+01   8.3535473e+01   2.5443480e-14   1.5274749e+03   1.0000000e+00   7.4747880e-03
   1.7084435e+07   9.0665976e+04   5.5561140e+00   9.2231675e+02   6.7669895e+00   1.0085395e+01   2.6110569e-14   9.4472525e+02   1.0000000e+00   7.4631094e-03
   1.0705812e+07   1.5837633e+06   1.0019336e-01   2.6723603e-01   5.0687559e-02   2.7164367e-02   3.1961524e-13   4.4528132e-01   1.0000000e+00   7.4622862e-03
   1.0716039e+07   4.8735358e+05   7.9605832e-01   2.2687677e+01   9.8279123e-01   7.2033463e-01   6.9344829e-14   2.5186861e+01   1.0000000e+00   7.4562036e-03
   1.0684253e+07   1.6833125e+06   1.0000034e-01   1.9513449e-01   3.3124602e-02   1.6401767e-02   3.6908852e-13   3.4466119e-01   1.0000000e+00   7.4502819e-03
   1.0065854e+07   1.1766922e+06   1.1783286e-01   1.0098994e+00   1.4097063e-01   7.7646373e-02   1.9481164e-13   1.3463493e+00   1.0000000e+00   7.4473364e-03
   1.0103402e+07   9.3280831e+05   2.1502117e-01   2.7952352e+00   2.6801405e-01   1.7174633e-01   1.3535135e-13   3.4500167e+00   1.0000000e+00   7.4455642e-03
   1.0687974e+07   1.5094982e+06   1.0010510e-01   2.9251298e-01   4.9727143e-02   3.0361955e-02   3.0982058e-13   4.7270717e-01   1.0000000e+00   7.4446794e-03
   1.0674509e+07   1.5841150e+06   1.0000049e-01   2.3461478e-01   4.7237069e-02   2.3133191e-02   3.3597060e-13   4.0498553e-01   1.0000000e+00   7.4251045e-03
   1.1357089e+07   1.7873008e+06   1.0000000e-01   1.0000000e-01   1.3480900e-02   1.0000000e-02   4.9851010e-13   2.2348090e-01   1.0000000e+00   7.4247740e-03
   1.0567001e+07   1.2844307e+05   3.2694133e+00   3.5539058e+02   5.7476141e+00   5.8009719e+00   3.3225371e-14   3.7020858e+02   1.0000000e+00   7.4240704e-03
   9.8138098e+06   1.0633019e+05   9.1221127e+00   6.2453269e+02   8.2735129e+00   4.5952300e+00   2.8764166e-14   6.4652355e+02   1.0000000e+00   7.4160103e-03
   1.0664099e+07   1.5274424e+06   1.0000747e-01   3.4963839e-01   6.2273834e-02   3.9204603e-02   2.8755547e-13   5.5112430e-01   1.0000000e+00   7.4091709e-03
   1.0713645e+07   1.6134291e+06   1.0000011e-01   2.0207742e-01   4.9015664e-02   2.3308771e-02   3.5163567e-13   3.7440197e-01   1.0000000e+00   7.4062216e-03
   1.0901205e+07   2.1677039e+05   3.5357788e+00   1.6064872e+02   3.3676790e+00   2.5126759e+00   4.0698790e-14   1.7006486e+02   1.0000000e+00   7.3747517e-03
   1.0681356e+07   1.4067182e+06   1.0000000e-01   4.9850195e-01   8.2250225e-02   3.8620678e-02   2.5353933e-13   7.1937285e-01   1.0000000e+00   7.3667194e-03
   1.1648885e+07   1.8064618e+05   4.2597300e+00   2.3076924e+02   5.1723196e+00   2.3626814e+00   3.7035792e-14   2.4256397e+02   1.0000000e+00   7.3661541e-03
   1.0929435e+07   2.2089233e+05   3.1708880e+00   1.5555562e+02   3.2841964e+00   2.3859368e+00   4.1066125e-14   1.6439664e+02   1.0000000e+00   7.3596571e-03
   2.0000000e+07   8.2791344e+04   1.8065635e+01   1.0000000e+03   2.7678895e+01   4.5774825e+01   2.5466840e-14   1.0915194e+03   1.0000000e+00   7.3471694e-03
   1.0756981e+07   1.6770807e+05   3.3313121e+00   2.5909107e+02   4.7399340e+00   2.8559458e+00   3.6010065e-14   2.7001826e+02   1.0000000e+00   7.3374987e-03
   1.1304009e+07   1.7730369e+06   1.0000000e-01   1.0000000e-01   1.2332038e-02   1.0054680e-02   5.0330752e-13   2.2238672e-01   1.0000000e+00   7.3325850e-03
   1.0662550e+07   1.8636114e+06   1.0000000e-01   1.0000000e-01   2.0213038e-02   1.0000000e-02   4.8038771e-13   2.3021304e-01   1.0000000e+00   7.3179952e-03
   1.0570383e+07   1.3300716e+05   3.2780807e+00   3.6131445e+02   5.8435044e+00   5.9833463e+00   3.3058980e-14   3.7641938e+02   1.0000000e+00   7.2691046e-03
   1.0096549e+07   9.3032634e+04   5.9965751e+00   7.0017422e+02   8.0727374e+00   6.3830557e+00   2.7985875e-14   7.2062658e+02   1.0000000e+00   7.2598187e-03
   1.1422347e+07   1.7654279e+05   4.2177321e+00   2.0870096e+02   5.0645056e+00   2.6273365e+00   3.7926938e-14   2.2061053e+02   1.0000000e+00   7.2527384e-03
   1.0351062e+07   1.3492259e+05   3.5475569e+00   3.5144783e+02   6.4672266e+00   3.6989041e+00   3.3291725e-14   3.6516152e+02   1.0000000e+00   7.2483953e-03
   1.0657910e+07   1.8391178e+06   1.0000000e-01   1.1919909e-01   2.9331624e-02   1.2704002e-02   4.3832130e-13   2.6123472e-01   1.0000000e+00   7.2467725e-03
   1.0748117e+07   1.7635777e+06   1.0000736e-01   1.0000000e-01   1.6685410e-02   1.0147541e-02   4.8825953e-13   2.2684031e-01   1.0000000e+00   7.2286568e-03
   1.0678538e+07   1.6651246e+06   1.0004042e-01   1.4769873e-01   2.8990615e-02   1.5154710e-02   4.0747697e-13   2.9188447e-01   1.0000000e+00   7.2277325e-03
   9.9732722e+06   9.0921535e+05   2.2634539e-01   3.9402041e+00   2.8680482e-01   2.0863537e-01   1.2258183e-13   4.6619897e+00   1.0000000e+00   7.2108769e-03
   1.0084626e+07   9.0086937e+05   3.3130270e-01   2.4738124e+00   3.4525470e-01   2.0105313e-01   1.3744813e-13   3.3514229e+00   1.0000000e+00   7.2047291e-03
   1.0435842e+07   6.3987510e+05   6.2289719e-01   7.1409671e+00   1.2306124e+00   2.4629482e-01   9.6729192e-14   9.2407716e+00   1.0000000e+00   7.2028546e-03
   1.0711210e+07   1.5186459e+06   1.0008566e-01   3.4737731e-01   6.3521471e-02   3.7350035e-02   2.8800168e-13   5.4833448e-01   1.0000000e+00   7.1978754e-03
   1.2941948e+07   8.2759790e+04   1.4786952e+02   1.0000000e+03   1.0000000e+02   7.3874859e+01   2.5444568e-14   1.3217444e+03   1.0000000e+00   7.1717297e-03
   1.0715891e+07   1.7855449e+06   1.0000000e-01   1.2153889e-01   2.7514582e-02   1.5174884e-02   4.3467893e-13   2.6422836e-01   1.0000000e+00   7.1510659e-03
   1.1227640e+07   1.5657330e+05   4.8191031e+00   2.6765499e+02   5.8368405e+00   2.8916868e+00   3.5603608e-14   2.8120262e+02   1.0000000e+00   7.1317874e-03
   1.0704392e+07   1.5778160e+06   1.0063577e-01   1.9485699e-01   3.7506743e-02   1.9688658e-02   3.6352906e-13   3.5268816e-01   1.0000000e+00   7.0983342e-03
   1.0619295e+07   1.5846297e+06   1.0000051e-01   2.2488661e-01   4.4955762e-02   2.2011667e-02   3.4210691e-13   3.9185456e-01   1.0000000e+00   7.0935754e-03
   1.0686156e+07   1.5254117e+06   1.0035313e-01   3.7225698e-01   8.2175329e-02   4.0827949e-02   2.7770449e-13   5.9561338e-01   1.0000000e+00   7.0921710e-03
   1.1418729e+07   1.9123909e+05   4.2720934e+00   2.0317084e+02   4.8495888e+00   2.8223587e+00   3.8223642e-14   2.1511488e+02   1.0000000e+00   7.0735529e-03
   1.0059097e+07   1.1495866e+06   1.0002273e-01   6.6395118e-01   1.1263097e-01   8.4772922e-02   2.2561180e-13   9.6137780e-01   1.0000000e+00   7.0315546e-03
   1.1408500e+07   1.8371551e+05   4.3197242e+00   1.9873422e+02   4.7916908e+00   2.8541401e+00   3.8395805e-14   2.1069977e+02   1.0000000e+00   7.0222958e-03
   9.8951087e+06   1.1006791e+05   6.8364221e+00   5.6333978e+02   8.0226889e+00   3.1225265e+00   2.9545167e-14   5.8132142e+02   1.0000000e+00   6.9913094e-03
   1.2961111e+07   8.2760805e+04   1.4441626e+02   1.0000000e+03   1.0000000e+02   7.3922081e+01   2.5444602e-14   1.3183383e+03   1.0000000e+00   6.9889066e-03
   1.0718460e+07   1.6498960e+06   1.0000000e-01   1.5514485e-01   3.2935964e-02   1.6180349e-02   3.9684346e-13   3.0426116e-01   1.0000000e+00   6.9585126e-03
   1.1301243e+07   1.7700225e+06   1.0000233e-01   1.0000000e-01   1.4268105e-02   1.1039787e-02   4.9381556e-13   2.2531022e-01   1.0000000e+00   6.9533253e-03
   1.0662637e+07   1.6540232e+06   1.0000000e-01   1.9066323e-01   3.9572438e-02   1.8791591e-02   3.6520846e-13   3.4902726e-01   1.0000000e+00   6.9499985e-03
   9.9313940e+06   1.0524406e+05   6.9406470e+00   6.3572221e+02   8.1119784e+00   3.1514400e+00   2.8674156e-14   6.5392627e+02   1.0000000e+00   6.9224510e-03
   1.0667763e+07   1.8974664e+06   1.0006710e-01   1.0293996e-01   2.2420310e-02   1.1372928e-02   4.6985111e-13   2.3680030e-01   1.0000000e+00   6.9173216e-03
   1.0336859e+07   1.2482551e+05   2.5692512e+00   3.7758141e+02   9.7238828e+00   3.9413028e+00   3.2734827e-14   3.9381584e+02   1.0000000e+00   6.9119741e-03
   1.0704606e+07   1.5894164e+06   1.0019521e-01   2.8224453e-01   5.0616635e-02   2.7176365e-02   3.1445129e-13   4.6023273e-01   1.0000000e+00   6.8998601e-03
   1.0640654e+07   1.8009752e+06   1.0000519e-01   1.3121710e-01   2.6727466e-02   1.3706804e-02   4.2676008e-13   2.7165656e-01   1.0000000e+00   6.8896927e-03
   1.0027840e+07   1.0668451e+05   7.7433053e+00   5.9334491e+02   9.0882263e+00   1.8974397e+00   2.9187670e-14   6.1207388e+02   1.0000000e+00   6.8480089e-03
   1.0688014e+07   1.5113552e+06   1.0010538e-01   2.8712174e-01   5.0464116e-02   3.0619202e-02   3.1128286e-13   4.6831044e-01   1.0000000e+00   6.8454048e-03
   1.0713931e+07   1.4785402e+06   1.0023358e-01   3.2835260e-01   5.2855610e-02   3.2121075e-02   2.9716491e-13   5.1356286e-01   1.0000000e+00   6.8385242e-03
   1.0680922e+07   1.4914209e+06   1.0022725e-01   3.0336792e-01   4.8739037e-02   2.8593952e-02   3.0719977e-13   4.8092816e-01   1.0000000e+00   6.8255130e-03
   1.0676244e+07   1.5797234e+06   1.0000000e-01   2.3975580e-01   4.6236026e-02   2.2619405e-02   3.3435324e-13   4.0861123e-01   1.0000000e+00   6.8029620e-03
   1.0748147e+07   1.7744334e+06   1.0000734e-01   1.0000000e-01   1.6782815e-02   1.0518107e-02   4.8724136e-13   2.2730826e-01   1.0000000e+00   6.7993247e-03
   1.2997500e+07   8.2794253e+04   1.7281984e+02   9.9999763e+02   1.0000000e+02   7.5662963e+01   2.5444266e-14   1.3484804e+03   1.0000000e+00   6.7806599e-03
   1.0309115e+07   1.3463822e+05   3.5695577e+00   3.6724411e+02   6.4343927e+00   3.7545578e+00   3.2928149e-14   3.8100262e+02   1.0000000e+00   6.7660575e-03
   1.0790295e+07   1.5247572e+05   3.7124040e+00   3.3307354e+02   5.0402619e+00   3.7444285e+00   3.3813338e-14   3.4557064e+02   1.0000000e+00   6.7452866e-03
   1.0731216e+07   1.5579533e+05   4.3912639e+00   2.7965265e+02   5.6241884e+00   2.8918288e+00   3.5242620e-14   2.9255993e+02   1.0000000e+00   6.7350589e-03
   9.4284417e+06   1.0459408e+05   8.9622472e+00   6.6152825e+02   7.6704961e+00   4.6480871e+00   2.8374208e-14   6.8280908e+02   1.0000000e+00   6.7275996e-03
   1.1055248e+07   8.2737438e+04   9.0021512e+01   1.0000000e+03   8.2805218e+01   5.7865643e+01   2.5448606e-14   1.2306924e+03   1.0000000e+00   6.7076854e-03
   1.7271484e+07   9.5087729e+04   5.7814493e+00   7.5924685e+02   6.2631993e+00   8.8019666e+00   2.7384197e-14   7.8009347e+02   1.0000000e+00   6.7002463e-03
   1.0678728e+07   1.6697265e+06   1.0000000e-01   1.3976689e-01   2.8524295e-02   1.4918302e-02   4.1553127e-13   2.8320949e-01   1.0000000e+00   6.6889093e-03
   1.0637859e+07   1.8019506e+06   1.0000634e-01   1.2960320e-01   2.6799244e-02   1.3611425e-02   4.2842948e-13   2.7002021e-01   1.0000000e+00   6.6819580e-03
   1.0662668e+07   1.8610033e+06   1.0012324e-01   1.0000000e-01   2.0057773e-02   1.1047575e-02   4.7870815e-13   2.3122859e-01   1.0000000e+00   6.6774218e-03
   1.0656353e+07   1.8158521e+06   1.0000001e-01   1.1617260e-01   3.0022114e-02   1.2703970e-02   4.4129898e-13   2.5889869e-01   1.0000000e+00   6.6737641e-03
   1.0715262e+07   1.7859435e+06   1.0000000e-01   1.2299637e-01   2.7498817e-02   1.5371931e-02   4.3284045e-13   2.6586711e-01   1.0000000e+00   6.6452854e-03
   1.0884251e+07   4.7791742e+05   9.4064354e-01   1.5945037e+01   1.0446358e+00   5.5906761e-01   7.6308211e-14   1.8489384e+01   1.0000000e+00   6.5933784e-03
   1.0640737e+07   1.8155098e+06   1.0000564e-01   1.0000000e-01   2.0851728e-02   1.3778175e-02   4.7378174e-13   2.3463554e-01   1.0000000e+00   6.5842862e-03
   1.0622649e+07   1.6638033e+06   1.0028998e-01   1.7911667e-01   3.5704734e-02   1.7662494e-02   3.7576323e-13   3.3277387e-01   1.0000000e+00   6.5813053e-03
   1.0688709e+07   1.6614128e+06   1.0040384e-01   1.3695868e-01   2.9322766e-02   1.5625865e-02   4.1702164e-13   2.8231115e-01   1.0000000e+00   6.5693709e-03
   9.8754363e+06   9.8786829e+04   6.6639003e+00   5.8837094e+02   8.4494505e+00   3.1070294e+00   2.9265715e-14   6.0659132e+02   1.0000000e+00   6.5664220e-03
   1.0740925e+07   7.4466571e+05   5.5761925e-01   5.1774084e+00   2.6260814e-01   2.0889984e-01   1.1037059e-13   6.2065356e+00   1.0000000e+00   6.5636216e-03
   1.1002028e+07   1.1753424e+05   4.2156892e+00   4.2012050e+02   8.9979235e+00   5.0648854e+00   3.1800296e-14   4.3839900e+02   1.0000000e+00   6.5462768e-03
   1.0674814e+07   1.6623133e+06   1.0004135e-01   1.5364845e-01   2.8267147e-02   1.4696065e-02   4.0351952e-13   2.9665301e-01   1.0000000e+00   6.5188820e-03
   1.0803694e+07   1.5515446e+05   3.7209857e+00   2.8457151e+02   4.8779443e+00   3.7421798e+00   3.5114205e-14   2.9691262e+02   1.0000000e+00   6.5103898e-03
   1.0806120e+07   1.4046017e+05   4.3136550e+00   3.3815081e+02   4.9996056e+00   3.5404623e+00   3.3616946e-14   3.5100454e+02   1.0000000e+00   6.5015915e-03
   1.0798327e+07   3.6571061e+05   1.6529060e+00   5.1949514e+01   2.4155367e+00   2.0027195e+00   5.4581708e-14   5.8020676e+01   1.0000000e+00   6.5008550e-03
   1.6606447e+07   8.6335382e+04   8.2733594e+00   8.6710178e+02   8.1979939e+00   4.0109559e+00   2.6494601e-14   8.8758409e+02   1.0000000e+00   6.4959359e-03
   1.0058997e+07   1.2057785e+06   1.0002307e-01   6.7302284e-01   1.1366085e-01   8.3489858e-02   2.2387197e-13   9.7019661e-01   1.0000000e+00   6.4954194e-03
   1.0705348e+07   1.5775383e+06   1.0019656e-01   2.6537358e-01   4.9638661e-02   2.7077815e-02   3.2069759e-13   4.4228661e-01   1.0000000e+00   6.4938890e-03
   1.0989524e+07   1.2379251e+05   4.4364960e+00   4.2794632e+02   9.3189359e+00   5.1329084e+00   3.1609493e-14   4.4683466e+02   1.0000000e+00   6.4863356e-03
   1.1369286e+07   1.7689341e+05   4.4123489e+00   2.2474206e+02   5.0063725e+00   2.3559068e+00   3.7254190e-14   2.3651669e+02   1.0000000e+00   6.4792492e-03
   9.0701095e+06   1.1972411e+05   6.2882057e+00   4.8208462e+02   8.4737220e+00   3.1901439e+00   3.0725857e-14   5.0003669e+02   1.0000000e+00   6.4713001e-03
   1.0058867e+07   9.5743372e+05   2.6018848e-01   3.0328416e+00   2.8209220e-01   2.4908970e-01   1.3106141e-13   3.8242119e+00   1.0000000e+00   6.4669314e-03
   1.3472154e+07   8.2902255e+04   1.8479918e+02   9.9998957e+02   1.0000000e+02   7.3178024e+01   2.5444216e-14   1.3579668e+03   1.0000000e+00   6.4515763e-03
   1.0658177e+07   1.4416606e+06   1.0000000e-01   3.7787112e-01   6.8407497e-02   5.8644757e-02   2.7634719e-13   6.0492338e-01   1.0000000e+00   6.4482069e-03
   1.2331119e+07   8.2998170e+04   9.0409193e+01   1.0000000e+03   9.3311482e+01   5.7688986e+01   2.5447056e-14   1.2414097e+03   1.0000000e+00   6.4482015e-03
   1.0110689e+07   1.0001138e+05   8.4412698e+00   6.7188084e+02   8.3788318e+00   4.8009052e+00   2.8241354e-14   6.9350185e+02   1.0000000e+00   6.4189200e-03
   1.1260694e+07   1.7716939e+06   1.0000007e-01   1.0000000e-01   1.2071205e-02   1.0000000e-02   5.0464502e-13   2.2207127e-01   1.0000000e+00   6.3984162e-03
   9.7596501e+06   1.1632467e+05   5.1962407e+00   5.3297580e+02   8.2999772e+00   1.3532094e+00   3.0075675e-14   5.4782523e+02   1.0000000e+00   6.3950951e-03
   1.7091668e+07   9.7464562e+04   5.3498793e+00   7.8317900e+02   6.8677807e+00   1.0951222e+01   2.7179713e-14   8.0634788e+02   1.0000000e+00   6.3807393e-03
   9.9521983e+06   1.2057058e+06   1.0769698e-01   1.0740481e+00   1.5532445e-01   7.8898166e-02   1.9166068e-13   1.4159677e+00   1.0000000e+00   6.3768578e-03
   1.0222294e+07   1.1510449e+06   1.0273431e-01   9.6074554e-01   1.2295900e-01   6.7941864e-02   2.0009161e-13   1.2543807e+00   1.0000000e+00   6.3758774e-03
   1.6521862e+07   8.1684162e+04   8.3832102e+00   9.3004387e+02   7.8648751e+00   3.9781535e+00   2.6050814e-14   9.5027010e+02   1.0000000e+00   6.3666869e-03
   9.9449618e+06   1.0435628e+05   7.0918419e+00   6.1299497e+02   1.2230437e+01   5.0571025e+00   2.8874197e-14   6.3737435e+02   1.0000000e+00   6.3484118e-03
   1.1424409e+07   1.9048561e+05   4.4797113e+00   1.8756894e+02   5.2950415e+00   2.2724550e+00   3.8958383e-14   1.9961615e+02   1.0000000e+00   6.3226858e-03
   1.0642820e+07   1.8300634e+06   1.0000858e-01   1.3308523e-01   2.7989929e-02   1.3632554e-02   4.2377573e-13   2.7471629e-01   1.0000000e+00   6.2890307e-03
   1.0718092e+07   1.1106440e+05   4.3053092e+00   5.2556369e+02   9.4434161e+00   2.5377755e+00   3.0084838e-14   5.4185019e+02   1.0000000e+00   6.2803144e-03
   1.0658936e+07   1.8387028e+06   1.0000000e-01   1.1167213e-01   2.4580370e-02   1.3779122e-02   4.5154528e-13   2.5003162e-01   1.0000000e+00   6.2472991e-03
   1.0741082e+07   1.7756522e+06   1.0000000e-01   1.0111058e-01   1.8117608e-02   1.0543399e-02   4.8229939e-13   2.2977159e-01   1.0000000e+00   6.2438293e-03
   1.1057794e+07   1.1958639e+05   2.8842689e+00   4.6746604e+02   9.9835053e+00   7.9343105e+00   3.0950871e-14   4.8826813e+02   1.0000000e+00   6.2383649e-03
   1.6286642e+07   8.9273308e+04   8.5697216e+00   8.4150394e+02   8.2083026e+00   3.7928328e+00   2.6691681e-14   8.6207480e+02   1.0000000e+00   6.2273494e-03
   1.1852077e+07   8.2902992e+04   3.3003151e+02   1.0000000e+03   9.9415098e+01   8.0430881e+01   2.5443586e-14   1.5098775e+03   1.0000000e+00   6.2119477e-03
   1.0659726e+07   1.8371266e+06   1.0000035e-01   1.1314718e-01   2.4984585e-02   1.3795974e-02   4.4912238e-13   2.5192809e-01   1.0000000e+00   6.2106261e-03
   9.9346021e+06   1.2133946e+06   1.0764591e-01   1.0522633e+00   1.5365576e-01   8.3070022e-02   1.9277756e-13   1.3966350e+00   1.0000000e+00   6.2026581e-03
   1.1545583e+07   8.2901429e+04   3.3911503e+02   1.0000000e+03   9.9568325e+01   8.1135003e+01   2.5443566e-14   1.5198184e+03   1.0000000e+00   6.2004511e-03
   9.8319745e+06   1.0634595e+05   8.8776460e+00   6.5384632e+02   8.2185364e+00   4.8084503e+00   2.8451215e-14   6.7575095e+02   1.0000000e+00   6.1643668e-03
   1.9824139e+07   8.4029340e+04   1.9088172e+01   1.0000000e+03   2.8177043e+01   4.0026495e+01   2.5468339e-14   1.0872917e+03   1.0000000e+00   6.1287191e-03
   1.0370508e+07   2.4060067e+05   4.0692490e+00   1.1932512e+02   2.5868709e+00   1.3808778e+00   4.3981780e-14   1.2736212e+02   1.0000000e+00   6.1216907e-03
   1.5026753e+07   8.3144505e+04   4.8119321e+01   1.0000000e+03   5.8179796e+01   5.8920057e+01   2.5452056e-14   1.1652192e+03   1.0000000e+00   6.1186948e-03
   1.0050481e+07   9.5822086e+04   4.8403544e+00   6.8940074e+02   7.2911960e+00   5.1640194e+00   2.8115442e-14   7.0669631e+02   1.0000000e+00   6.1148155e-03
   1.0151690e+07   9.6173845e+04   1.1474108e+01   7.1015247e+02   7.5372019e+00   6.6169971e+00   2.7841658e-14   7.3578077e+02   1.0000000e+00   6.1117299e-03
   1.0678551e+07   1.6622170e+06   1.0004051e-01   1.5120847e-01   2.8425067e-02   1.5020709e-02   4.0510554e-13   2.9469476e-01   1.0000000e+00   6.1011688e-03
   1.0689466e+07   1.6560492e+06   1.0037626e-01   1.4361752e-01   2.8502376e-02   1.5822781e-02   4.1117655e-13   2.8831894e-01   1.0000000e+00   6.0977404e-03
   1.0633865e+07   1.8349142e+06   1.0000798e-01   1.2546009e-01   2.8370079e-02   1.4226782e-02   4.3043470e-13   2.6806492e-01   1.0000000e+00   6.0914541e-03
   1.7796879e+07   8.2678852e+04   7.4395318e+00   9.8466970e+02   8.9668218e+00   9.2108945e+00   2.5639909e-14   1.0102869e+03   1.0000000e+00   6.0885757e-03
   1.0322387e+07   2.7013490e+05   4.0068789e+00   7.9569781e+01   2.7610830e+00   1.5663041e+00   4.8647092e-14   8.7904047e+01   1.0000000e+00   6.0865396e-03
   1.1458375e+07   1.8427313e+05   4.4514385e+00   1.8183768e+02   5.1757177e+00   2.2852016e+00   3.9267382e-14   1.9375004e+02   1.0000000e+00   6.0850307e-03
   1.9794196e+07   8.2584506e+04   2.1804588e+01   9.9989205e+02   3.6265525e+01   5.0434365e+01   2.5460818e-14   1.1083965e+03   1.0000000e+00   6.0751356e-03
   1.0662666e+07   1.8487580e+06   1.0000419e-01   1.2428511e-01   2.3792656e-02   1.2132848e-02   4.4022812e-13   2.6021480e-01   1.0000000e+00   6.0684162e-03
   1.7458484e+07   8.6043721e+04   4.8133642e+00   8.7021007e+02   8.3740676e+00   1.0804729e+01   2.6452191e-14   8.9420223e+02   1.0000000e+00   6.0671834e-03
   1.2573760e+07   8.2829190e+04   1.1105986e+02   1.0000000e+03   1.0000000e+02   6.0102653e+01   2.5445797e-14   1.2711625e+03   1.0000000e+00   6.0639827e-03
   1.0117760e+07   1.1636106e+06   1.0000000e-01   7.4127993e-01   1.3708255e-01   7.8510440e-02   2.1583212e-13   1.0568729e+00   1.0000000e+00   6.0568299e-03
   1.0629433e+07   1.6523201e+06   1.0033574e-01   2.0119638e-01   4.0035352e-02   2.1588668e-02   3.5716336e-13   3.6315614e-01   1.0000000e+00   6.0478869e-03
   1.1420543e+07   1.7964444e+05   4.3315867e+00   2.1335208e+02   5.1538787e+00   2.3932494e+00   3.7728989e-14   2.2523079e+02   1.0000000e+00   6.0431341e-03
   1.0635273e+07   1.4205806e+06   1.0534114e-01   6.5699597e-01   8.9867232e-02   7.0838933e-02   2.2986186e-13   9.2304328e-01   1.0000000e+00   6.0014228e-03
   1.0691934e+07   1.4940132e+06   1.0010762e-01   3.0176513e-01   5.3010814e-02   3.1185923e-02   3.0535936e-13   4.8606949e-01   1.0000000e+00   5.9985277e-03
   1.7691665e+07   8.2700175e+04   5.8422634e+00   9.8502219e+02   7.9037298e+00   1.0806222e+01   2.5649402e-14   1.0095744e+03   1.0000000e+00   5.9875921e-03
   1.0637652e+07   1.4029698e+06   1.0000000e-01   6.0415525e-01   9.8856968e-02   7.5483792e-02   2.3372269e-13   8.7849601e-01   1.0000000e+00   5.9787908e-03
   9.9152471e+06   4.6307149e+05   1.4021730e+00   3.4399354e+01   1.7283277e+00   8.6049196e-01   6.1682954e-14   3.8390347e+01   1.0000000e+00   5.9619526e-03
   1.1286840e+07   1.7043754e+06   1.0000019e-01   1.0000000e-01   1.5397419e-02   1.0608664e-02   4.9158365e-13   2.2600628e-01   1.0000000e+00   5.9559614e-03
   1.2545740e+07   8.2942777e+04   1.1810609e+02   1.0000000e+03   9.9883035e+01   5.9216090e+01   2.5445724e-14   1.2772052e+03   1.0000000e+00   5.9538535e-03
   1.0432177e+07   1.6253874e+05   2.6104960e+00   2.4858252e+02   5.0294255e+00   2.6535876e+00   3.6403341e-14   2.5887603e+02   1.0000000e+00   5.9442387e-03
   1.0183917e+07   5.2733308e+05   7.5475918e-01   1.9724717e+01   7.0787716e-01   2.3996849e-01   7.3847345e-14   2.1427321e+01   1.0000000e+00   5.9348378e-03
   9.8230763e+06   1.0634488e+05   9.1250511e+00   6.3521589e+02   8.2722235e+00   4.7333269e+00   2.8645841e-14   6.5734649e+02   1.0000000e+00   5.9339593e-03
   1.3034429e+07   8.2838882e+04   1.8990861e+02   1.0000000e+03   9.9786418e+01   7.5518808e+01   2.5444131e-14   1.3652138e+03   1.0000000e+00   5.9283934e-03
   1.7159143e+07   8.8400480e+04   6.0044777e+00   8.9750380e+02   6.5781805e+00   9.8245042e+00   2.6268129e-14   9.1991097e+02   1.0000000e+00   5.9145014e-03
   1.0019827e+07   1.0021103e+06   1.6576992e-01   1.9087870e+00   2.3040228e-01   1.0530287e-01   1.5488126e-13   2.4102620e+00   1.0000000e+00   5.9140402e-03
   9.9793790e+06   1.1423492e+05   5.0351513e+00   5.3853528e+02   8.4958349e+00   2.6327096e+00   2.9912796e-14   5.5469898e+02   1.0000000e+00   5.9135865e-03
   1.0164821e+07   9.3752680e+04   7.7636457e+00   7.3383636e+02   6.9091915e+00   4.1451776e+00   2.7660514e-14   7.5265438e+02   1.0000000e+00   5.9046725e-03
   1.1192219e+07   1.6232579e+05   2.1463799e+00   1.9589762e+02   3.5588153e+00   4.0520515e+00   3.8803922e-14   2.0565487e+02   1.0000000e+00   5.8986071e-03
   1.3068865e+07   8.2827808e+04   1.6303541e+02   1.0000000e+03   9.9996367e+01   7.5794710e+01   2.5444315e-14   1.3388265e+03   1.0000000e+00   5.8871427e-03
   1.0440269e+07   6.1087025e+05   6.4883173e-01   8.2337473e+00   1.2805989e+00   3.0984459e-01   9.2467367e-14   1.0473023e+01   1.0000000e+00   5.8814231e-03
   9.8108658e+06   1.0778049e+05   8.9622949e+00   6.2044626e+02   8.3769176e+00   4.5943976e+00   2.8815520e-14   6.4237987e+02   1.0000000e+00   5.8722923e-03
   1.2564011e+07   8.2945267e+04   1.1022597e+02   1.0000000e+03   1.0000000e+02   5.7157224e+01   2.5445980e-14   1.2673832e+03   1.0000000e+00   5.8612921e-03
   1.0431318e+07   1.3760220e+05   3.7386354e+00   3.4511387e+02   6.6266760e+00   3.6621558e+00   3.3429652e-14   3.5914134e+02   1.0000000e+00   5.8548690e-03
   1.0272827e+07   9.7303288e+04   7.9657383e+00   7.3305322e+02   6.8385271e+00   4.1760146e+00   2.7666381e-14   7.5203350e+02   1.0000000e+00   5.7967974e-03
   1.9943443e+07   8.2897813e+04   1.2983346e+01   1.0000000e+03   1.4515035e+01   2.0934095e+01   2.5494805e-14   1.0484325e+03   1.0000000e+00   5.7778497e-03
   9.9165683e+06   9.4865502e+05   1.0380437e-01   1.5982124e+00   1.4001264e-01   6.8518822e-02   1.7107702e-13   1.9105483e+00   1.0000000e+00   5.7739187e-03
   1.0657908e+07   1.8360285e+06   1.0000037e-01   1.0805405e-01   2.4926805e-02   1.4512702e-02   4.5507239e-13   2.4749393e-01   1.0000000e+00   5.7374406e-03
   1.1769454e+07   8.2861754e+04   4.0101409e+02   1.0000000e+03   9.9976299e+01   7.9062763e+01   2.5443434e-14   1.5800532e+03   1.0000000e+00   5.7105131e-03
   9.4198835e+06   1.0578894e+05   8.1296845e+00   5.8326495e+02   6.2246869e+00   4.1750007e+00   2.9295896e-14   6.0179433e+02   1.0000000e+00   5.7077962e-03
   1.0705310e+07   1.6077105e+06   1.0000010e-01   2.0500084e-01   4.9191465e-02   2.3565257e-02   3.4983531e-13   3.7775766e-01   1.0000000e+00   5.7068773e-03
   9.7752050e+06   1.0752086e+05   9.1796920e+00   6.4121217e+02   8.3336427e+00   4.5355937e+00   2.8590101e-14   6.6326110e+02   1.0000000e+00   5.6915463e-03
   1.0691201e+07   1.4975250e+06   1.0022841e-01   5.8286627e-01   1.0061422e-01   4.5187302e-02   2.4099633e-13   8.2889620e-01   1.0000000e+00   5.6868145e-03
   1.0432290e+07   6.6910502e+05   6.4142267e-01   7.9842522e+00   1.2884116e+00   3.1264399e-01   9.3015922e-14   1.0226730e+01   1.0000000e+00   5.6831812e-03
   1.0699989e+07   1.6138006e+06   1.0000000e-01   2.0209019e-01   4.2833409e-02   2.2809740e-02   3.5453248e-13   3.6773334e-01   1.0000000e+00   5.6512530e-03
   1.9885542e+07   8.2781515e+04   2.5718649e+01   9.9988031e+02   3.5612708e+01   5.1504854e+01   2.5460332e-14   1.1127165e+03   1.0000000e+00   5.6461896e-03
   1.1452894e+07   1.7929630e+05   4.3451388e+00   2.1717829e+02   5.2563013e+00   2.4106725e+00   3.7560560e-14   2.2919041e+02   1.0000000e+00   5.6334806e-03
   1.0735899e+07   4.0425031e+05   1.0380249e+00   2.9557500e+01   1.2938055e+00   7.7493412e-01   6.4087746e-14   3.2664265e+01   1.0000000e+00   5.6269633e-03
   1.0703600e+07   1.5762949e+06   1.0000000e-01   2.5661228e-01   5.0905965e-02   2.9445217e-02   3.2279993e-13   4.3696346e-01   1.0000000e+00   5.6185559e-03
   1.0703775e+07   1.5643777e+06   1.0068278e-01   2.1159741e-01   3.7051818e-02   2.1259730e-02   3.5346812e-13   3.7059174e-01   1.0000000e+00   5.6182721e-03
   1.1004529e+07   1.2406610e+05   4.4398644e+00   4.2237701e+02   9.2462751e+00   5.1267184e+00   3.1713638e-14   4.4118987e+02   1.0000000e+00   5.5963746e-03
   1.0693517e+07   1.4139570e+06   1.0000000e-01   5.0937730e-01   8.0048281e-02   4.0346703e-02   2.5206853e-13   7.2977229e-01   1.0000000e+00   5.5930540e-03
   1.7611840e+07   8.5809684e+04   9.5905563e+00   9.6878405e+02   1.4156542e+01   8.3184212e+00   2.5719215e-14   1.0008496e+03   1.0000000e+00   5.5898042e-03
   1.0731125e+07   7.6004293e+05   6.2618649e-01   4.8762563e+00   2.3326792e-01   2.5601395e-01   1.1245187e-13   5.9917246e+00   1.0000000e+00   5.5645823e-03
   1.0931906e+07   1.1998559e+05   6.0883541e+00   4.8612883e+02   1.0204573e+01   9.5131586e+00   3.0577386e-14   5.1193492e+02   1.0000000e+00   5.5595669e-03
   1.7600500e+07   7.7927900e+04   1.2528273e+01   9.9922063e+02   1.0653757e+01   1.8876633e+01   2.5539101e-14   1.0412793e+03   1.0000000e+00   5.5484579e-03
   1.0599601e+07   1.8545351e+06   1.0000842e-01   1.3534565e-01   3.0026894e-02   1.4253608e-02   4.1905879e-13   2.7963457e-01   1.0000000e+00   5.5266161e-03
   9.9443750e+06   1.0324839e+06   1.3140342e-01   1.5231362e+00   2.3465748e-01   1.6963778e-01   1.6579597e-13   2.0588349e+00   1.0000000e+00   5.5181798e-03
   1.0975638e+07   1.2036371e+05   6.0841174e+00   4.9410272e+02   1.0258599e+01   9.4819889e+00   3.0457763e-14   5.1992742e+02   1.0000000e+00   5.5053045e-03
   1.0903274e+07   4.0295943e+05   7.6679265e-01   4.3811598e+01   1.3510890e+00   8.0381221e-01   5.8333356e-14   4.6733292e+01   1.0000000e+00   5.4882097e-03
   1.0783990e+07   7.2879019e+05   5.9493359e-01   5.1377847e+00   3.2870256e-01   3.9960446e-01   1.0871771e-13   6.4610253e+00   1.0000000e+00   5.4774991e-03
   1.3094738e+07   8.2821085e+04   1.6169955e+02   1.0000000e+03   1.0000000e+02   7.5616760e+01   2.5444328e-14   1.3373163e+03   1.0000000e+00   5.4768667e-03
   1.0395302e+07   1.2542889e+05   7.0120979e+00   4.6080630e+02   6.9090656e+00   3.4828067e+00   3.1068251e-14   4.7821027e+02   1.0000000e+00   5.4608057e-03
   1.0778441e+07   1.5319677e+06   1.0000000e-01   3.3590776e-01   5.5652487e-02   2.0993427e-02   2.9910939e-13   5.1255368e-01   1.0000000e+00   5.4576331e-03
   1.0790980e+07   1.5452858e+05   3.8168265e+00   3.0746869e+02   4.9037207e+00   3.7495168e+00   3.4463100e-14   3.1993875e+02   1.0000000e+00   5.4544283e-03
   1.0678826e+07   1.4860557e+06   1.0051499e-01   5.2278191e-01   9.9945714e-02   4.6735607e-02   2.4768776e-13   7.6997822e-01   1.0000000e+00   5.4433847e-03
   9.9985772e+06   9.4625982e+05   1.6197744e-01   1.8292949e+00   2.2916760e-01   1.0017846e-01   1.5714194e-13   2.3206184e+00   1.0000000e+00   5.4349602e-03
   1.0659974e+07   1.4469556e+06   1.0000106e-01   4.3558862e-01   7.5113710e-02   4.9410201e-02   2.6399828e-13   6.6011360e-01   1.0000000e+00   5.3927966e-03
   9.9002060e+06   9.3613505e+05   1.0000001e-01   1.5110147e+00   1.4192534e-01   6.6429751e-02   1.7440196e-13   1.8193698e+00   1.0000000e+00   5.3907052e-03
   1.2839520e+07   8.2820844e+04   1.3481227e+02   1.0000000e+03   9.5765258e+01   6.3908513e+01   2.5445411e-14   1.2944860e+03   1.0000000e+00   5.3900428e-03
   1.0750397e+07   1.7786509e+06   1.0000000e-01   1.0000000e-01   1.2889648e-02   1.0000000e-02   5.0104643e-13   2.2288965e-01   1.0000000e+00   5.3804983e-03
   1.0670707e+07   1.6708617e+06   1.0000000e-01   1.6063866e-01   3.0466102e-02   1.5158728e-02   3.9527178e-13   3.0626349e-01   1.0000000e+00   5.3700974e-03
   1.2451448e+07   8.2920299e+04   1.0220837e+02   1.0000000e+03   1.0000000e+02   5.9460571e+01   2.5446087e-14   1.2616689e+03   1.0000000e+00   5.3666511e-03
   1.1314782e+07   1.7067556e+06   1.0000008e-01   1.0000000e-01   1.5644172e-02   1.0632057e-02   4.9078888e-13   2.2627631e-01   1.0000000e+00   5.3653229e-03
   1.0150425e+07   1.1417050e+06   1.0000000e-01   9.0187146e-01   1.4187052e-01   6.0127712e-02   2.0362907e-13   1.2038697e+00   1.0000000e+00   5.3499053e-03
   1.0756935e+07   1.7760647e+06   1.0000000e-01   1.0000000e-01   1.8840164e-02   1.0000000e-02   4.8345177e-13   2.2884016e-01   1.0000000e+00   5.3461898e-03
   1.1758434e+07   8.2864945e+04   4.0360807e+02   1.0000000e+03   1.0000000e+02   7.9100915e+01   2.5443428e-14   1.5827090e+03   1.0000000e+00   5.3459122e-03
   9.9125175e+06   9.7322159e+05   1.0000000e-01   1.5786674e+00   1.4503933e-01   6.6470573e-02   1.7180087e-13   1.8901773e+00   1.0000000e+00   5.3414721e-03
   1.0066436e+07   1.2088163e+06   1.0000000e-01   7.2276766e-01   1.4141970e-01   6.9691387e-02   2.1760605e-13   1.0338787e+00   1.0000000e+00   5.3232618e-03
   1.2881286e+07   8.2838993e+04   1.3888236e+02   9.9997688e+02   9.9492683e+01   6.4733973e+01   2.5445203e-14   1.3030859e+03   1.0000000e+00   5.3182907e-03
   1.0853120e+07   2.4557373e+05   1.8558557e+00   1.0358073e+02   2.6309017e+00   1.5581020e+00   4.5672391e-14   1.0962559e+02   1.0000000e+00   5.3089062e-03
   1.0707681e+07   1.5937548e+06   1.0020498e-01   2.7550143e-01   5.2076490e-02   2.5134880e-02   3.1703832e-13   4.5291778e-01   1.0000000e+00   5.3049099e-03
   1.0379321e+07   1.2625511e+05   4.0392987e+00   4.0410482e+02   7.3763841e+00   3.0508880e+00   3.2136351e-14   4.1857139e+02   1.0000000e+00   5.3036119e-03
   1.0677376e+07   1.5819129e+06   1.0006062e-01   2.4190023e-01   4.7570172e-02   2.3076149e-02   3.3263401e-13   4.1260717e-01   1.0000000e+00   5.2934841e-03
   1.0183514e+07   4.8203911e+05   7.6670085e-01   2.0559537e+01   7.0567282e-01   2.3336046e-01   7.2799729e-14   2.2265272e+01   1.0000000e+00   5.2929535e-03
   1.0681737e+07   1.4292776e+06   1.0000000e-01   4.7453327e-01   7.8577268e-02   3.9259925e-02   2.5802277e-13   6.9237046e-01   1.0000000e+00   5.2493535e-03
   1.0128312e+07   9.3907543e+05   2.6200258e-01   3.0715352e+00   4.1985419e-01   1.4152660e-01   1.2984417e-13   3.8949186e+00   1.0000000e+00   5.2465838e-03
   1.0735946e+07   4.6429549e+05   1.0247314e+00   2.8797800e+01   1.2742564e+00   6.7985314e-01   6.4787636e-14   3.1776641e+01   1.0000000e+00   5.2362582e-03
   1.7069257e+07   8.3858357e+04   7.2290066e+00   9.5539832e+02   7.1843582e+00   2.4211450e+00   2.5905746e-14   9.7223283e+02   1.0000000e+00   5.2359881e-03
   1.0592150e+07   1.6900737e+06   1.0001856e-01   1.4153293e-01   2.7560066e-02   1.6236976e-02   4.1347954e-13   2.8534854e-01   1.0000000e+00   5.2240755e-03
   1.0061120e+07   1.1956028e+06   1.0002387e-01   6.8757303e-01   1.1284634e-01   8.4099512e-02   2.2243086e-13   9.8454275e-01   1.0000000e+00   5.2163517e-03
   1.0634326e+07   1.4154011e+06   1.0575476e-01   7.0188199e-01   8.3333932e-02   6.3413566e-02   2.2732929e-13   9.5438424e-01   1.0000000e+00   5.2018637e-03
   1.0362933e+07   1.2994840e+05   3.2749840e+00   3.8296840e+02   6.2434655e+00   4.5459556e+00   3.2591404e-14   3.9703280e+02   1.0000000e+00   5.1942846e-03
   1.6493996e+07   9.0754980e+04   8.5913354e+00   8.6333984e+02   8.2262862e+00   3.7713850e+00   2.6527694e-14   8.8392885e+02   1.0000000e+00   5.1789954e-03
   1.0987114e+07   1.1688697e+05   2.4649937e+00   4.9734003e+02   8.4576399e+00   5.9574359e+00   3.0527226e-14   5.1422010e+02   1.0000000e+00   5.1777706e-03
   1.0316111e+07   2.6263217e+05   4.0219066e+00   7.2619717e+01   2.6921812e+00   1.6478726e+00   4.9910734e-14   8.0981677e+01   1.0000000e+00   5.1531542e-03
   1.1497556e+07   1.6636799e+05   4.2261938e+00   2.2146218e+02   5.2275733e+00   2.3035819e+00   3.7384561e-14   2.3321953e+02   1.0000000e+00   5.1469833e-03
   1.0320675e+07   2.4096350e+05   4.0313038e+00   1.2250846e+02   2.6567025e+00   1.5725514e+00   4.3676070e-14   1.3076902e+02   1.0000000e+00   5.1468802e-03
   1.0716242e+07   5.1620406e+05   8.0499956e-01   2.3474826e+01   1.0117826e+00   7.1764927e-01   6.8978317e-14   2.6009257e+01   1.0000000e+00   5.1411586e-03
   9.9615779e+06   1.0467806e+06   1.4180203e-01   1.5587025e+00   2.3844579e-01   1.5609473e-01   1.6428204e-13   2.0950451e+00   1.0000000e+00   5.1282184e-03
   1.1545626e+07   1.9396474e+05   2.6409244e+00   1.6800417e+02   3.3551388e+00   2.1198943e+00   4.0224275e-14   1.7612013e+02   1.0000000e+00   5.0959735e-03
   1.5026753e+07   8.3144499e+04   4.8104757e+01   1.0000000e+03   5.8171584e+01   5.8896592e+01   2.5452060e-14   1.1651729e+03   1.0000000e+00   5.0942664e-03
   1.0675035e+07   1.6775414e+06   1.0000000e-01   1.6197647e-01   3.0013071e-02   1.5610560e-02   3.9420882e-13   3.0760010e-01   1.0000000e+00   5.0863130e-03
   1.0711424e+07   1.6080950e+06   1.0000011e-01   2.0696948e-01   4.9200530e-02   2.3329170e-02   3.4883628e-13   3.7949929e-01   1.0000000e+00   5.0860730e-03
   1.0117825e+07   1.1623251e+06   1.0000000e-01   8.6904271e-01   1.4370639e-01   6.0669921e-02   2.0585902e-13   1.1734190e+00   1.0000000e+00   5.0827103e-03
   1.0637250e+07   1.4030658e+06   1.0000000e-01   5.0977408e-01   9.8974532e-02   7.8351444e-02   2.4563835e-13   7.8710005e-01   1.0000000e+00   5.0770529e-03
   1.0607805e+07   1.6693805e+06   1.0029991e-01   1.7637981e-01   3.5819182e-02   1.8077179e-02   3.7721637e-13   3.3057609e-01   1.0000000e+00   5.0667362e-03
   1.0760115e+07   1.6337805e+06   1.0000000e-01   1.7334556e-01   3.1783235e-02   2.0948537e-02   3.8064364e-13   3.2607734e-01   1.0000000e+00   5.0633732e-03
   1.1047967e+07   1.1957980e+05   2.8787062e+00   4.6166022e+02   1.0024891e+01   7.7566661e+00   3.1047928e-14   4.8232048e+02   1.0000000e+00   5.0631658e-03
   1.6428549e+07   8.3141208e+04   8.3650360e+00   8.8711365e+02   8.1991783e+00   4.0087916e+00   2.6357086e-14   9.0768666e+02   1.0000000e+00   5.0464369e-03
   1.3015079e+07   8.2813483e+04   1.7175412e+02   1.0000000e+03   9.9473446e+01   7.5625024e+01   2.5444290e-14   1.3468526e+03   1.0000000e+00   5.0354799e-03
   9.8959635e+06   4.4114959e+05   1.4149727e+00   3.5393855e+01   1.6851690e+00   8.6417100e-01   6.1044827e-14   3.9358168e+01   1.0000000e+00   5.0101626e-03
   1.2804028e+07   8.2750014e+04   1.4446738e+02   1.0000000e+03   1.0000000e+02   6.5957082e+01   2.5444933e-14   1.3104245e+03   1.0000000e+00   5.0041824e-03
   1.2829969e+07   8.2821104e+04   1.2874922e+02   1.0000000e+03   9.5426966e+01   6.3629189e+01   2.5445539e-14   1.2878054e+03   1.0000000e+00   5.0027414e-03
   1.0694337e+07   1.5645320e+06   1.0000000e-01   5.2336631e-01   9.6486435e-02   4.9345709e-02   2.4998887e-13   7.6919846e-01   1.0000000e+00   4.9902456e-03
   9.6095632e+06   9.8140909e+04   6.3963086e+00   7.1728328e+02   1.1689224e+01   4.7289260e+00   2.7790326e-14   7.4009774e+02   1.0000000e+00   4.9889219e-03
   1.0673336e+07   1.5131170e+06   1.0000000e-01   3.2013227e-01   5.2005220e-02   3.2868310e-02   2.9984092e-13   5.0500580e-01   1.0000000e+00   4.9771773e-03
   1.0731196e+07   2.5409786e+05   1.9562084e+00   8.6890897e+01   2.6555057e+00   1.4325245e+00   4.7767643e-14   9.2935135e+01   1.0000000e+00   4.9625281e-03
   1.0657908e+07   1.8368892e+06   1.0000034e-01   1.1331124e-01   2.4329993e-02   1.3724262e-02   4.4987686e-13   2.5136584e-01   1.0000000e+00   4.9378028e-03
   1.0540749e+07   1.3517485e+05   3.2372589e+00   3.8950366e+02   6.2406246e+00   4.5226465e+00   3.2463042e-14   4.0350419e+02   1.0000000e+00   4.9244323e-03
   1.0762154e+07   2.5390970e+05   1.7020886e+00   7.5791538e+01   3.4191053e+00   2.1684892e+00   4.9469095e-14   8.3081221e+01   1.0000000e+00   4.9198675e-03
   1.0791128e+07   1.4788420e+05   3.5310079e+00   3.2712306e+02   5.1557348e+00   3.7367256e+00   3.3926153e-14   3.3954653e+02   1.0000000e+00   4.9173564e-03
   1.0632959e+07   1.8387717e+06   1.0000814e-01   1.2673140e-01   2.7894968e-02   1.2797196e-02   4.3141838e-13   2.6743170e-01   1.0000000e+00   4.9030456e-03
   1.1901252e+07   8.2741400e+04   7.0387061e+01   1.0000000e+03   6.9967593e+01   5.5172801e+01   2.5450610e-14   1.1955275e+03   1.0000000e+00   4.9004316e-03
   1.4963689e+07   8.3632088e+04   4.0738612e+01   1.0000000e+03   5.0385232e+01   5.7943804e+01   2.5455083e-14   1.1490676e+03   1.0000000e+00   4.8984930e-03
   1.0342214e+07   2.6532089e+05   3.9846527e+00   8.1199394e+01   2.7087695e+00   1.5627027e+00   4.8413150e-14   8.9455519e+01   1.0000000e+00   4.8977233e-03
   1.4989406e+07   8.3160042e+04   4.1658398e+01   1.0000000e+03   5.1040461e+01   5.7900242e+01   2.5454288e-14   1.1505991e+03   1.0000000e+00   4.8827762e-03
   1.0660017e+07   1.8366531e+06   1.0000118e-01   1.0751954e-01   2.3885297e-02   1.4644154e-02   4.5706592e-13   2.4605017e-01   1.0000000e+00   4.8549402e-03
   1.0249571e+07   1.0725205e+05   8.3141267e+00   5.4138324e+02   7.9934044e+00   4.1730410e+00   2.9813934e-14   5.6186381e+02   1.0000000e+00   4.8540722e-03
   9.9273894e+06   1.1023566e+05   6.1735865e+00   5.7305171e+02   3.3235849e+00   5.4206778e+00   2.9531354e-14   5.8796956e+02   1.0000000e+00   4.8506470e-03
   1.0678557e+07   1.6606448e+06   1.0004060e-01   1.4886190e-01   2.8375595e-02   1.5309335e-02   4.0694157e-13   2.9258743e-01   1.0000000e+00   4.8334841e-03
   1.0667973e+07   1.6769823e+06   1.0000106e-01   1.6521937e-01   3.1165962e-02   1.5922549e-02   3.9044068e-13   3.1230894e-01   1.0000000e+00   4.7957423e-03
   9.9883886e+06   3.9554802e+05   1.3617232e+00   3.1812139e+01   1.8979077e+00   4.4074850e-01   6.2805774e-14   3.5512519e+01   1.0000000e+00   4.7816432e-03
   1.8185944e+07   9.4751697e+04   6.9334285e+00   8.4647918e+02   1.0219957e+01   1.0496031e+01   2.6627739e-14   8.7412860e+02   1.0000000e+00   4.7762228e-03
   1.0741613e+07   7.6217302e+05   5.7584333e-01   4.8740873e+00   2.2397699e-01   2.2400820e-01   1.1300818e-13   5.8979158e+00   1.0000000e+00   4.7644141e-03
   1.0881429e+07   3.7327337e+05   7.0984059e-01   3.8487533e+01   1.2641664e+00   8.1092100e-01   6.0097207e-14   4.1272461e+01   1.0000000e+00   4.7520363e-03
   9.9216370e+06   1.0510739e+05   6.9979827e+00   6.1394422e+02   8.1992703e+00   3.2808653e+00   2.8914318e-14   6.3242234e+02   1.0000000e+00   4.7503335e-03
   1.0692922e+07   1.5171576e+06   1.0000006e-01   3.7192401e-01   8.4434027e-02   3.0305739e-02   2.7982250e-13   5.8666383e-01   1.0000000e+00   4.7486019e-03
   1.1398523e+07   1.7095427e+06   1.0000000e-01   1.0000000e-01   1.0196438e-02   1.0000000e-02   5.1496983e-13   2.2019644e-01   1.0000000e+00   4.7304123e-03
   1.1555271e+07   8.2901443e+04   3.3925850e+02   1.0000000e+03   9.9565310e+01   8.1097543e+01   2.5443566e-14   1.5199214e+03   1.0000000e+00   4.7268122e-03
   1.0687884e+07   1.6500544e+06   1.0000703e-01   1.8240255e-01   3.1889422e-02   1.5613577e-02   3.7824912e-13   3.2991258e-01   1.0000000e+00   4.7084662e-03
   1.0632967e+07   1.8309836e+06   1.0000825e-01   1.3345792e-01   2.7727942e-02   1.3670430e-02   4.2367439e-13   2.7486454e-01   1.0000000e+00   4.7072334e-03
   1.0628664e+07   1.6580880e+06   1.0035514e-01   2.0064665e-01   3.9993793e-02   2.1615914e-02   3.5749924e-13   3.6261149e-01   1.0000000e+00   4.7066243e-03
   1.1407594e+07   2.1506746e+05   2.1149064e+00   1.6490855e+02   3.6494685e+00   3.6889121e+00   4.0465922e-14   1.7436184e+02   1.0000000e+00   4.7049389e-03
   1.0737388e+07   1.0879447e+05   4.2821139e+00   5.2184688e+02   9.2211979e+00   2.5417454e+00   3.0148392e-14   5.3789194e+02   1.0000000e+00   4.7043987e-03
   1.0637620e+07   1.4150654e+06   1.0000013e-01   4.9503662e-01   9.5378358e-02   7.9108081e-02   2.4836023e-13   7.6952319e-01   1.0000000e+00   4.6889556e-03
   1.1806165e+07   8.2734127e+04   9.3728956e+01   1.0000000e+03   8.4115791e+01   5.7314557e+01   2.5447955e-14   1.2351593e+03   1.0000000e+00   4.6827899e-03
   1.6883944e+07   9.7430446e+04   5.9051572e+00   8.2153212e+02   6.7439281e+00   9.2792825e+00   2.6882341e-14   8.4346049e+02   1.0000000e+00   4.6508437e-03
   1.7422292e+07   8.6267652e+04   4.8316811e+00   8.4472052e+02   8.3311182e+00   1.0680491e+01   2.6652784e-14   8.6856381e+02   1.0000000e+00   4.6486047e-03
   1.0689580e+07   1.4413234e+06   1.0000000e-01   4.7937744e-01   7.4515773e-02   4.5121332e-02   2.5719823e-13   6.9901455e-01   1.0000000e+00   4.6416072e-03
   1.0667704e+07   1.9055254e+06   1.0007433e-01   1.0000000e-01   2.2157454e-02   1.0000000e-02   4.7711104e-13   2.3223179e-01   1.0000000e+00   4.6171555e-03
   1.0733234e+07   4.0845441e+05   9.8762756e-01   2.6958918e+01   1.2386494e+00   7.1434446e-01   6.5820028e-14   2.9899540e+01   1.0000000e+00   4.6086356e-03
   1.7611840e+07   8.5809709e+04   9.5554102e+00   9.6872178e+02   1.4167796e+01   8.3065411e+00   2.5719661e-14   1.0007515e+03   1.0000000e+00   4.6012782e-03
   9.7916854e+06   1.0743472e+05   9.1989370e+00   6.4425919e+02   8.3333572e+00   4.4843062e+00   2.8557892e-14   6.6627579e+02   1.0000000e+00   4.5931114e-03
   1.1247940e+07   1.5541667e+05   4.8562525e+00   2.7355918e+02   5.6690895e+00   2.9057438e+00   3.5413428e-14   2.8699027e+02   1.0000000e+00   4.5873220e-03
   1.0726374e+07   2.3725185e+05   1.9717871e+00   9.8610703e+01   2.9742073e+00   1.5118334e+00   4.6222427e-14   1.0506853e+02   1.0000000e+00   4.5866417e-03
   1.0707836e+07   1.5853398e+06   1.0020334e-01   2.8174188e-01   5.0519708e-02   2.5267940e-02   3.1535448e-13   4.5773287e-01   1.0000000e+00   4.5365001e-03
   1.0686245e+07   1.6836491e+06   1.0000033e-01   1.9865049e-01   3.3017578e-02   1.6739221e-02   3.6693883e-13   3.4840762e-01   1.0000000e+00   4.5312115e-03
   1.7400709e+07   9.4062625e+04   5.6820614e+00   7.8120290e+02   6.2570514e+00   8.6720151e+00   2.7192677e-14   8.0181403e+02   1.0000000e+00   4.5269303e-03
   1.2852312e+07   8.2856841e+04   1.4503230e+02   1.0000000e+03   1.0000000e+02   6.5201025e+01   2.5444936e-14   1.3102333e+03   1.0000000e+00   4.5220033e-03
   1.0680359e+07   1.5007100e+06   1.0022447e-01   5.8148316e-01   1.0218996e-01   4.4174923e-02   2.4123822e-13   8.2807252e-01   1.0000000e+00   4.5200611e-03
   1.0674764e+07   1.4486951e+06   1.0000000e-01   4.8781007e-01   7.5384793e-02   4.6460068e-02   2.5567802e-13   7.0965493e-01   1.0000000e+00   4.5100058e-03
   1.0652709e+07   1.6501835e+06   1.0034612e-01   1.9689251e-01   3.6367539e-02   2.2263944e-02   3.6151553e-13   3.5587011e-01   1.0000000e+00   4.5061744e-03
   9.9008529e+06   9.5572995e+05   1.0000000e-01   1.5305811e+00   1.4017261e-01   6.6709962e-02   1.7367648e-13   1.8374636e+00   1.0000000e+00   4.4798182e-03
   1.3173598e+07   8.2842304e+04   1.8477832e+02   1.0000000e+03   9.9567503e+01   7.4585052e+01   2.5444185e-14   1.3589309e+03   1.0000000e+00   4.4740268e-03
   1.9619382e+07   8.2895966e+04   1.3423243e+01   1.0000000e+03   1.7223113e+01   2.3086144e+01   2.5487066e-14   1.0537325e+03   1.0000000e+00   4.4625311e-03
   1.0984820e+07   1.1497184e+05   2.4423796e+00   5.8071271e+02   8.6838893e+00   5.9953310e+00   2.9413840e-14   5.9783431e+02   1.0000000e+00   4.4355033e-03
   1.0707039e+07   1.5171606e+06   1.0004350e-01   3.6058942e-01   7.1750806e-02   3.6453783e-02   2.8305628e-13   5.6883752e-01   1.0000000e+00   4.4202579e-03
   1.2319662e+07   8.2957298e+04   1.0124719e+02   9.9999961e+02   1.0000000e+02   5.7444113e+01   2.5446280e-14   1.2586909e+03   1.0000000e+00   4.4179842e-03
   9.4039154e+06   1.0727488e+05   9.1632085e+00   6.4829214e+02   8.3980782e+00   4.6091604e+00   2.8517762e-14   6.7046259e+02   1.0000000e+00   4.4164382e-03
   1.2881286e+07   8.2839017e+04   1.3885566e+02   1.0000000e+03   9.9564050e+01   6.4680098e+01   2.5445056e-14   1.3030998e+03   1.0000000e+00   4.4128938e-03
   1.0048697e+07   9.8803748e+04   7.5250146e+00   5.7525130e+02   7.3513941e+00   4.9022609e+00   2.9423329e-14   5.9502997e+02   1.0000000e+00   4.4012027e-03
   1.6514984e+07   9.0275053e+04   8.4978649e+00   8.5892110e+02   8.2267434e+00   3.7622648e+00   2.6559193e-14   8.7940798e+02   1.0000000e+00   4.4005315e-03
   1.0741709e+07   1.7795394e+06   1.0000001e-01   1.0000000e-01   1.3087037e-02   1.0000000e-02   5.0022139e-13   2.2308704e-01   1.0000000e+00   4.3948368e-03
   1.0674287e+07   1.6506158e+06   1.0000000e-01   1.8481397e-01   3.8215062e-02   2.2696864e-02   3.6743139e-13   3.4572590e-01   1.0000000e+00   4.3822813e-03
   1.0692933e+07   1.5163398e+06   1.0000000e-01   4.0506858e-01   8.2077672e-02   4.2545502e-02   2.7039408e-13   6.2969175e-01   1.0000000e+00   4.3816727e-03
   9.9784237e+06   4.3008318e+05   1.3206011e+00   3.1468629e+01   1.9073965e+00   4.4242122e-01   6.3044685e-14   3.5139048e+01   1.0000000e+00   4.3703217e-03
   1.0394076e+07   1.2855265e+05   3.3104486e+00   3.9472734e+02   6.5809092e+00   4.2880988e+00   3.2340925e-14   4.0890679e+02   1.0000000e+00   4.3660060e-03
   1.0156625e+07   1.2484649e+06   1.0000000e-01   7.9724453e-01   1.4161879e-01   8.4285993e-02   2.1026547e-13   1.1231493e+00   1.0000000e+00   4.3647110e-03
   1.0091082e+07   1.1510483e+06   1.0000000e-01   1.1055385e+00   1.3921362e-01   1.0499880e-01   1.8966388e-13   1.4497509e+00   1.0000000e+00   4.3623280e-03
   1.0102692e+07   9.2669076e+05   2.2010741e-01   2.7020679e+00   2.6030714e-01   1.8389916e-01   1.3651229e-13   3.3663816e+00   1.0000000e+00   4.3330293e-03
   1.0696122e+07   4.0751831e+05   9.2209695e-01   2.4795228e+01   1.1353195e+00   7.1697488e-01   6.7543490e-14   2.7569619e+01   1.0000000e+00   4.3245897e-03
   1.0704435e+07   1.5822232e+06   1.0000000e-01   2.5644945e-01   4.9035153e-02   2.9983273e-02   3.2345312e-13   4.3546788e-01   1.0000000e+00   4.3240396e-03
   9.9421069e+06   9.7175492e+05   1.4164928e-01   1.6109403e+00   2.4027262e-01   1.6490031e-01   1.6263417e-13   2.1577625e+00   1.0000000e+00   4.3224830e-03
   1.2293271e+07   8.2998873e+04   1.0255449e+02   1.0000000e+03   9.3187472e+01   5.8772322e+01   2.5446663e-14   1.2545143e+03   1.0000000e+00   4.3168738e-03
   1.7766552e+07   9.0949485e+04   5.8922722e+00   8.7658014e+02   8.0729321e+00   1.0455127e+01   2.6406670e-14   9.0100047e+02   1.0000000e+00   4.2709705e-03
   1.0659928e+07   1.4457800e+06   1.0000000e-01   4.6430963e-01   1.3253128e-01   6.9042187e-02   2.5080834e-13   7.6588310e-01   1.0000000e+00   4.2616084e-03
   1.0345936e+07   1.2391172e+05   3.8153643e+00   3.8713597e+02   6.5159810e+00   4.0094656e+00   3.2506637e-14   4.0147678e+02   1.0000000e+00   4.2565414e-03
   1.1458375e+07   1.8427311e+05   4.4506300e+00   1.8184524e+02   5.1900794e+00   2.2898430e+00   3.9266268e-14   1.9377579e+02   1.0000000e+00   4.2509293e-03
   1.7804075e+07   8.2336375e+04   4.8527856e+00   8.8974992e+02   9.1246972e+00   1.0618082e+01   2.6317239e-14   9.1434548e+02   1.0000000e+00   4.2440524e-03
   1.7551485e+07   8.5880566e+04   6.0079083e+00   9.4847890e+02   6.8323160e+00   9.8031978e+00   2.5906676e-14   9.7112233e+02   1.0000000e+00   4.2340134e-03
   1.2570824e+07   8.2933899e+04   1.2764280e+02   1.0000000e+03   9.9324700e+01   5.9284673e+01   2.5445580e-14   1.2862522e+03   1.0000000e+00   4.2256735e-03
   1.0743281e+07   1.7791708e+06   1.0000001e-01   1.0000233e-01   1.4019893e-02   1.0014983e-02   4.9657759e-13   2.2403722e-01   1.0000000e+00   4.2054190e-03
   1.7603814e+07   9.4754515e+04   5.1744202e+00   8.2920948e+02   8.6000804e+00   1.1051294e+01   2.6777162e-14   8.5403528e+02   1.0000000e+00   4.1871985e-03
   1.7350636e+07   9.0473257e+04   5.7873776e+00   8.1076080e+02   6.1029742e+00   8.5527378e+00   2.6945494e-14   8.3120389e+02   1.0000000e+00   4.1865458e-03
   1.0637652e+07   1.4029698e+06   1.0000000e-01   5.1003577e-01   9.8145074e-02   7.8365638e-02   2.4569377e-13   7.8654648e-01   1.0000000e+00   4.1862121e-03
   1.0676741e+07   1.5769864e+06   1.0010722e-01   2.3073651e-01   4.7094542e-02   2.2735089e-02   3.3799508e-13   4.0067336e-01   1.0000000e+00   4.1832435e-03
   1.0670880e+07   1.6846228e+06   1.0000518e-01   1.3888652e-01   3.0995627e-02   1.5166718e-02   4.1373954e-13   2.8505404e-01   1.0000000e+00   4.1816966e-03
   1.0222294e+07   1.1510450e+06   1.4315024e-01   9.6212543e-01   1.6022070e-01   9.1823962e-02   1.9468718e-13   1.3573203e+00   1.0000000e+00   4.1754476e-03
   1.0639381e+07   1.8013014e+06   1.0000573e-01   1.0000000e-01   2.0588269e-02   1.2887004e-02   4.7541681e-13   2.3348101e-01   1.0000000e+00   4.1678685e-03
   1.0627774e+07   1.6528636e+06   1.0035799e-01   1.9806773e-01   3.8164788e-02   2.2629055e-02   3.5951605e-13   3.5921957e-01   1.0000000e+00   4.1653479e-03
   1.1442658e+07   2.1725969e+05   4.4357999e+00   1.6941496e+02   5.1075793e+00   2.3621613e+00   4.0073203e-14   1.8132050e+02   1.0000000e+00   4.1541760e-03
   9.9448598e+06   1.0293496e+06   1.3965513e-01   1.5834617e+00   1.7987362e-01   7.8130588e-02   1.6735018e-13   1.9811210e+00   1.0000000e+00   4.1538999e-03
   1.0597117e+07   1.8428355e+06   1.0000845e-01   1.3546710e-01   3.0069392e-02   1.4270254e-02   4.1875449e-13   2.7981519e-01   1.0000000e+00   4.1523237e-03
   1.7227809e+07   9.4287492e+04   5.7272943e+00   7.5924656e+02   6.2631604e+00   8.9099151e+00   2.7383587e-14   7.8014693e+02   1.0000000e+00   4.1496074e-03
   1.0734578e+07   2.5866195e+05   1.9648759e+00   9.2814767e+01   2.7513960e+00   1.6148990e+00   4.6918713e-14   9.9145938e+01   1.0000000e+00   4.1448215e-03
   1.0668929e+07   1.6069297e+06   1.0001782e-01   2.2590180e-01   4.4525268e-02   2.3320584e-02   3.4116518e-13   3.9376547e-01   1.0000000e+00   4.1360727e-03
   1.7156600e+07   9.2141369e+04   4.8375733e+00   8.7330397e+02   8.2816249e+00   1.0814585e+01   2.6441762e-14   8.9723775e+02   1.0000000e+00   4.1259665e-03
   1.2843161e+07   8.2821124e+04   1.3502741e+02   1.0000000e+03   9.5582501e+01   6.3745551e+01   2.5445427e-14   1.2943555e+03   1.0000000e+00   4.1244614e-03
   9.8666555e+06   1.0541845e+06   1.5897027e-01   1.6963536e+00   2.2763648e-01   1.0142941e-01   1.6119560e-13   2.1843897e+00   1.0000000e+00   4.1191907e-03
   1.0650874e+07   1.6507188e+06   1.0034679e-01   1.9998235e-01   3.6673424e-02   2.2447950e-02   3.5947225e-13   3.5945051e-01   1.0000000e+00   4.1113078e-03
   1.0671927e+07   1.6423464e+06   1.0000000e-01   1.9564048e-01   3.6873062e-02   2.2599221e-02   3.6172644e-13   3.5511276e-01   1.0000000e+00   4.1045137e-03
   1.0790980e+07   1.5452854e+05   3.7122469e+00   3.0737997e+02   4.8194478e+00   3.7776251e+00   3.4471675e-14   3.1968929e+02   1.0000000e+00   4.0908154e-03
   1.7413519e+07   8.9572648e+04   4.7843995e+00   8.1268646e+02   8.8166448e+00   1.0636715e+01   2.6898638e-14   8.3692422e+02   1.0000000e+00   4.0818042e-03
   9.9877122e+06   9.3030057e+05   1.6319479e-01   1.8588142e+00   2.2822489e-01   1.0434840e-01   1.5631683e-13   2.3545823e+00   1.0000000e+00   4.0809793e-03
   1.0815028e+07   2.4364553e+05   1.6596726e+00   8.9317858e+01   2.9357284e+00   2.0470831e+00   4.7429151e-14   9.5960342e+01   1.0000000e+00   4.0645847e-03
   1.0663334e+07   1.8369411e+06   1.0000122e-01   1.0755011e-01   2.4219148e-02   1.4655675e-02   4.5654787e-13   2.4642615e-01   1.0000000e+00   4.0626902e-03
   1.0655752e+07   1.8208260e+06   1.0000852e-01   1.2179307e-01   3.0777479e-02   1.1207687e-02   4.3634957e-13   2.6378676e-01   1.0000000e+00   4.0621172e-03
   1.7348617e+07   1.0000084e+05   4.8585469e+00   7.7571042e+02   8.5583147e+00   1.0100336e+01   2.7244179e-14   7.9922761e+02   1.0000000e+00   4.0509336e-03
   1.1200826e+07   1.6420176e+05   2.2007598e+00   1.9317180e+02   3.5826387e+00   3.9371969e+00   3.8925306e-14   2.0289239e+02   1.0000000e+00   4.0426142e-03
   1.9711900e+07   8.1761250e+04   1.2627353e+01   9.9994725e+02   2.7224429e+01   4.1807839e+01   2.5471458e-14   1.0816069e+03   1.0000000e+00   4.0244885e-03
   1.0635883e+07   1.7913052e+06   1.0000510e-01   1.2136855e-01   2.7129850e-02   1.3872951e-02   4.3667206e-13   2.6237646e-01   1.0000000e+00   4.0189484e-03
   1.0689896e+07   1.5189182e+06   1.0004324e-01   3.7161393e-01   6.8113262e-02   3.5898398e-02   2.8146267e-13   5.7566884e-01   1.0000000e+00   4.0073416e-03
   1.1699009e+07   1.4879059e+05   4.7322385e+00   2.9933189e+02   4.9827634e+00   4.7588741e+00   3.4612655e-14   3.1380576e+02   1.0000000e+00   3.9893651e-03
